/*--------------------------------*- C++ -*----------------------------------*\
| =========                 |                                                 |
| \\      /  F ield         | OpenFOAM: The Open Source CFD Toolbox           |
|  \\    /   O peration     | Version:  plus.master.MPPICInterFoam            |
|   \\  /    A nd           | Web:      www.OpenFOAM.com                      |
|    \\/     M anipulation  |                                                 |
\*---------------------------------------------------------------------------*/
FoamFile
{
    version     2.0;
    format      ascii;
    class       Cloud<basicKinematicMPPICParcel>;
    location    "3.4/lagrangian/kinematicCloud";
    object      positions;
}
// * * * * * * * * * * * * * * * * * * * * * * * * * * * * * * * * * * * * * //

2103
(
(-0.0233551 -0.00975977 0.498159) 2609
(-0.0206027 -0.0148246 0.489297) 2561
(-0.0241182 -0.00964161 0.496049) 2610
(-0.0211361 -0.0139326 0.49671) 2617
(-0.0171507 -0.0151446 0.497185) 2616
(-0.0215734 -0.00965718 0.499608) 2609
(-0.0216927 -0.012935 0.487136) 2553
(-0.0213166 -0.0139132 0.485224) 2553
(-0.0186922 -0.0142572 0.489691) 2560
(-0.0228907 0.00328761 0.500638) 2585
(-0.0175729 -0.0168659 0.481403) 2504
(-0.0148273 -0.0146877 0.49714) 2615
(-0.0161005 -0.0168129 0.490734) 3408
(-0.0158096 -0.0164852 0.492544) 3464
(-0.0231921 0.000365012 0.500545) 2593
(-0.0233994 -0.00123806 0.496733) 2593
(-0.0238767 -0.00951792 0.481545) 2498
(-0.0178213 -0.0170899 0.478313) 2504
(-0.0237193 -0.00450598 0.491837) 2601
(-0.0109572 -0.0157017 0.499557) 3463
(-0.021977 -0.00480465 0.500987) 2601
(-0.019784 -0.0137587 0.485578) 2561
(-0.0205394 -0.0150611 0.475784) 2505
(-0.0152483 -0.0145711 0.491928) 2615
(-0.0212297 -0.00841163 0.494603) 2609
(-0.0118513 -0.0160588 0.488737) 3407
(-0.0221689 -0.00508706 0.496328) 2601
(-0.015417 -0.0142827 0.500659) 2615
(-0.0182369 -0.0121761 0.497265) 2608
(-0.0215072 0.00420244 0.499706) 2584
(-0.0236221 -0.00795075 0.48005) 2489
(-0.015054 -0.0146591 0.488446) 2559
(-0.0174749 -0.0140621 0.485219) 2560
(-0.0234486 -0.0002661 0.487264) 2537
(-0.0131698 -0.0178404 0.482731) 3408
(-0.0119792 -0.0160918 0.49189) 3463
(-0.0204355 0.00878638 0.488008) 2520
(-0.0238905 -0.00489385 0.484221) 2545
(-0.00895201 -0.0158135 0.496459) 3471
(-0.0180419 -0.0121731 0.490108) 2560
(-0.0233164 0.000210705 0.480241) 2481
(-0.0220252 -0.000957952 0.496923) 2593
(-0.022794 0.00598469 0.478723) 2473
(-0.012619 -0.0179588 0.47732) 3352
(-0.00695619 -0.0161151 0.492577) 3471
(-0.00983914 -0.0161074 0.489067) 3415
(-0.0126616 -0.018045 0.476575) 3352
(-0.00793248 -0.016255 0.491318) 3415
(-0.0171519 -0.0127713 0.487867) 2559
(-0.0126898 -0.0179028 0.479224) 3352
(-0.0147807 -0.0148157 0.489561) 3407
(-0.0121924 -0.0177605 0.481992) 3408
(-0.0177756 0.0111151 0.478056) 2464
(-0.0137035 -0.018115 0.473552) 3352
(-0.0116959 -0.016937 0.475167) 3351
(-0.0215995 -0.00560488 0.489681) 2545
(-0.0185679 -0.0146292 0.47292) 2504
(-0.0184323 -0.0101369 0.484722) 2552
(-0.0197988 -0.0101784 0.483922) 2552
(-0.0221298 -0.00117608 0.498196) 2593
(-0.0222379 0.00196643 0.491408) 2537
(-0.0148528 -0.0139866 0.488221) 2559
(-0.021273 -0.00609426 0.496094) 2600
(-0.0126134 -0.0172349 0.478603) 3351
(-0.00730721 -0.0161248 0.485297) 3415
(-0.0242085 -0.00322627 0.474875) 2489
(-0.011366 -0.0174328 0.47203) 3359
(-0.023977 0.00070176 0.474216) 2481
(-0.0193193 -0.0101867 0.48063) 2496
(-0.0219749 0.00182077 0.485513) 2537
(-0.0218656 0.000861936 0.485514) 2536
(-0.0210601 -0.00898018 0.478547) 2497
(-0.0219245 -0.0025047 0.487268) 2537
(-0.0219705 -0.0035933 0.484839) 2545
(-0.0110807 -0.0155743 0.485256) 3407
(-0.0204955 -0.00690678 0.492225) 2600
(-0.0232541 -0.00561848 0.471989) 2489
(-0.0140388 -0.0147954 0.482802) 3407
(-0.0224049 0.0017319 0.491595) 2537
(-0.0185119 -0.0120364 0.474946) 2496
(-0.0150202 -0.0147068 0.478784) 2503
(-0.0216085 0.0069473 0.473404) 2473
(-0.0223418 -0.00914633 0.462506) 2441
(-0.0117925 0.0141749 0.477355) 4334
(-0.0247149 -0.000161888 0.468751) 2425
(-0.0216315 0.000725749 0.481644) 2480
(-0.0102366 -0.0171271 0.464616) 3303
(-0.0217198 -0.00323028 0.481444) 2488
(-0.0212153 -0.0054468 0.4826) 2544
(-0.0116203 -0.0175999 0.472153) 3360
(-0.0105818 -0.0151154 0.4795) 3350
(-0.0214775 0.000559134 0.48114) 2480
(-0.00966175 -0.0163983 0.470619) 3303
(-0.0217081 -0.0028931 0.480991) 2488
(-0.0212206 -0.0051204 0.477339) 2488
(-0.0215085 -0.00240657 0.481272) 2480
(-0.0212242 -0.00496578 0.482271) 2544
(-0.020302 -0.00667045 0.486649) 2544
(-0.0114733 -0.0171715 0.469098) 3303
(-0.0210927 -0.00545039 0.482715) 2544
(-0.017655 -0.0137505 0.473365) 2504
(-0.0168337 -0.0133495 0.479429) 2503
(-0.0255338 -0.000929802 0.456403) 2370
(-0.0246717 -0.00574477 0.459513) 2378
(-0.00668777 -0.0158255 0.477273) 3359
(-0.00972317 -0.0165887 0.468055) 3303
(-0.00675112 -0.0158609 0.473513) 3359
(-0.0213677 -0.00321084 0.478667) 2488
(-0.0102281 -0.0168399 0.469501) 3303
(-0.0123004 -0.015436 0.473872) 3351
(-0.0216286 -0.0039625 0.48829) 2544
(-0.019397 0.0100505 0.470734) 2408
(-0.0112513 -0.01742 0.464668) 3303
(-0.0229094 -0.00268407 0.469504) 2425
(-0.0230109 -0.00317574 0.469347) 2433
(-0.0207751 -0.00212008 0.472894) 2480
(-0.0211445 -0.00250144 0.475074) 2480
(-0.0211805 -0.00272484 0.474251) 2488
(-0.0211941 -0.00269479 0.474424) 2488
(-0.0221048 0.00240446 0.476687) 2481
(-0.0209101 -0.00365386 0.475205) 2488
(-0.0211486 -0.00301993 0.47395) 2488
(-0.0214642 0.000995238 0.479973) 2480
(-0.0197656 -0.00648794 0.47355) 2488
(-0.0209338 -0.00516909 0.477386) 2488
(-0.0118532 -0.0175461 0.465015) 3296
(-0.0207897 -0.00557529 0.477038) 2488
(-0.0215498 0.000719011 0.481184) 2480
(-0.021905 0.000546431 0.48367) 2537
(-0.021128 -0.00505881 0.484449) 2544
(-0.0198329 0.00819288 0.471243) 2408
(-0.0180069 -0.0132138 0.462736) 2448
(-0.0158152 -0.0155556 0.467833) 2447
(-0.0206525 0.00670053 0.467547) 2416
(-0.0240412 -0.00833254 0.455626) 2378
(-0.0214918 0.00454433 0.473381) 2472
(-0.0210654 -0.00629027 0.467816) 2432
(-0.0229671 -0.00263861 0.467851) 2425
(-0.021388 -0.00586908 0.467666) 2432
(-0.0193528 -0.0109606 0.464335) 2440
(-0.0234368 0.00252076 0.468499) 2425
(-0.0236234 0.00203575 0.470046) 2425
(-0.0197079 -0.00707691 0.46906) 2432
(-0.0210299 0.000877995 0.473236) 2480
(-0.0190998 -0.00646962 0.476155) 2488
(-0.0216836 0.00189811 0.480723) 2480
(-0.0207388 -0.00544693 0.479659) 2488
(-0.0208522 -0.00492334 0.476509) 2488
(-0.0206487 -0.00498742 0.474534) 2488
(-0.0119065 0.014168 0.466806) 4278
(0.015821 -0.00341984 0.451292) 1406
(-0.0222965 0.00674167 0.458552) 2361
(-0.00477204 -0.0157457 0.470663) 3311
(-0.0240343 -0.00202165 0.45979) 2369
(-0.0229964 -0.00534324 0.460261) 2377
(-0.0190356 -0.0100189 0.469379) 2440
(-0.0204405 0.000501792 0.46998) 2424
(-0.0204143 -0.00223952 0.469046) 2424
(-0.020986 -0.00544096 0.469324) 2432
(-0.012393 -0.0149509 0.471107) 3295
(-0.0208374 0.0018429 0.471209) 2424
(-0.0119038 -0.0173737 0.459099) 3239
(-0.0203618 -0.00609495 0.469634) 2432
(-0.0185259 -0.00618656 0.475929) 2487
(-0.0206882 -0.00493765 0.475113) 2488
(-0.0114858 -0.0177747 0.459433) 3248
(-0.021241 -0.00303994 0.476165) 2488
(-0.00779606 0.0153899 0.451325) 4158
(-0.0171752 -0.0136123 0.457796) 2392
(-0.0218836 -0.00483806 0.463719) 2433
(-0.00750579 -0.016108 0.464361) 3303
(-0.0164221 -0.0138367 0.460657) 2391
(-0.0204696 -0.00518993 0.474616) 2488
(-0.0208144 -0.00280261 0.47169) 2432
(-0.0201372 -0.00561633 0.473843) 2488
(-0.0210914 -0.000262025 0.478254) 2480
(-0.0210882 -0.00305122 0.474435) 2488
(-0.025475 -0.00385283 0.446176) 2322
(-0.0246838 0.00263597 0.450926) 2313
(-0.022497 -0.00842006 0.452478) 2377
(-0.0183552 0.0115419 0.461982) 2352
(-0.0169147 0.0121985 0.466512) 2399
(-0.0222226 -0.00493591 0.461292) 2377
(-0.0200454 -0.00184986 0.466837) 2424
(-0.021672 -0.00490483 0.463531) 2433
(-0.0209026 -0.00536423 0.463358) 2432
(-0.0129491 -0.0172379 0.454438) 3240
(-0.0206615 -0.00303698 0.470577) 2432
(-0.010737 -0.0177563 0.454903) 3248
(-0.0156637 -0.014492 0.466151) 2447
(-0.0202919 -0.00508196 0.469357) 2432
(-0.0142728 -0.0154063 0.465871) 3295
(-0.00930906 -0.0154918 0.466753) 3303
(-0.0101438 -0.0149953 0.467998) 3302
(-0.0175168 -0.0116761 0.470375) 2439
(-0.0111049 0.0142844 0.459509) 4222
(-0.0065777 0.0152915 0.451653) 4158
(-0.0207298 0.00734091 0.45964) 2360
(-0.0243042 -0.00147815 0.452062) 2313
(-0.00442291 -0.015849 0.463688) 3311
(-0.00757523 0.0159028 0.448214) 4159
(-0.0237125 -0.00599187 0.451968) 2321
(-0.022004 -0.00237747 0.460849) 2369
(-0.0141202 -0.0161448 0.455759) 3239
(-0.0201064 -0.000167681 0.468104) 2424
(-0.0206945 -0.00486809 0.461349) 2376
(-0.0209924 0.00144572 0.474367) 2480
(-0.0205755 -0.00213525 0.471816) 2424
(-0.0201403 -0.00442067 0.472774) 2488
(-0.0204371 0.00121009 0.468246) 2424
(-0.0110399 -0.0172173 0.453555) 3247
(-0.0185752 -0.00540238 0.470616) 2431
(-0.0177018 -0.0113856 0.4691) 2440
(-0.0163538 0.0154477 0.449263) 2287
(-0.0230199 0.00496291 0.449656) 2305
(-0.0155502 0.0149043 0.454413) 2343
(-0.00301338 -0.0156948 0.463461) 3310
(-0.0199711 0.000150878 0.463109) 2424
(-0.017815 -0.00911325 0.461497) 2383
(-0.0206497 -0.00589018 0.45768) 2376
(-0.0180153 -0.0109262 0.453982) 2384
(-0.0164584 -0.0126794 0.455801) 2391
(-0.0208214 -0.0050807 0.459304) 2376
(-0.0200219 -0.00659394 0.460425) 2376
(-0.0168442 -0.0130547 0.451895) 2335
(-0.0143685 -0.0143697 0.468961) 3294
(-0.0100847 -0.017413 0.451217) 3191
(-0.020575 0.00104573 0.471441) 2424
(-0.0103946 -0.0174541 0.451732) 3191
(-0.0200704 -0.00451428 0.46756) 2432
(-0.0269256 0.000902725 0.438098) 2258
(0.0165751 -0.00173599 0.443957) 1415
(0.0165613 -0.00169008 0.443594) 1415
(0.0175116 -0.000382746 0.436063) 1359
(-0.0217765 -0.0083324 0.446334) 2329
(-0.00341493 -0.0157288 0.456793) 3254
(-0.0167282 -0.0132304 0.451091) 2335
(-0.0187699 0.007922 0.465827) 2408
(-0.0234517 -0.00476733 0.45091) 2321
(-0.0204425 -0.00239897 0.460684) 2368
(-0.0201815 -0.00273507 0.464759) 2432
(-0.0198885 -0.00256865 0.464814) 2432
(-0.0197693 -0.00213987 0.463237) 2424
(-0.0202942 0.00196442 0.464287) 2424
(-0.0208947 -0.00779053 0.45277) 2376
(-0.020371 -0.00419755 0.464159) 2432
(-0.0203469 -0.00339449 0.464783) 2432
(-0.0204613 -0.00409575 0.462511) 2432
(-0.0203139 -0.00440928 0.462886) 2432
(-0.0137313 -0.0147485 0.460973) 3239
(-0.0135073 -0.0152629 0.458631) 3239
(-0.0110357 -0.0167188 0.450564) 3191
(-0.0273729 -0.00195755 0.435042) 2258
(-0.0171545 0.0149629 0.449546) 2288
(-0.0207976 0.00808042 0.451047) 2296
(-0.00660539 0.0164981 0.441208) 4095
(-0.0170397 0.0133965 0.455177) 2344
(-0.00417653 -0.0156337 0.45466) 3254
(-0.020993 0.00257589 0.457345) 2368
(-0.0196691 -0.00225975 0.463277) 2424
(-0.020074 -0.00622124 0.456986) 2376
(-0.01005 -0.017287 0.44715) 3191
(-0.0197258 -0.00247533 0.461614) 2368
(-0.00951174 -0.0180134 0.448657) 3192
(-0.016161 -0.0120651 0.458584) 2391
(0.0146157 -0.00250659 0.447227) 1406
(0.0167789 -0.00138824 0.442058) 1359
(-0.0022329 -0.0159272 0.457211) 3255
(-0.0124316 0.0151446 0.45065) 4167
(-0.0117997 0.0154819 0.448115) 4167
(0.0200146 0.000307118 0.42701) 1304
(-0.0179058 0.00969663 0.455953) 2351
(-0.017189 -0.0130456 0.448071) 2336
(-0.018265 0.00794602 0.462255) 2407
(-0.00369539 -0.0160658 0.454413) 3255
(-0.012089 -0.0161192 0.446657) 3183
(-0.0234518 -0.00147922 0.448611) 2313
(-0.0223965 -0.00437314 0.449019) 2321
(-0.00726966 -0.0179302 0.449326) 3191
(-0.019776 -0.00213087 0.460116) 2368
(-0.0210554 -0.00406256 0.454238) 2376
(-0.0215283 -0.00756886 0.44671) 2321
(-0.0204751 -0.00110917 0.457458) 2368
(-0.0200238 -0.00574127 0.453978) 2376
(-0.0207868 -0.00389194 0.454772) 2376
(-0.0199533 -0.00239888 0.459516) 2368
(-0.0205916 -0.0022504 0.456762) 2368
(-0.0204587 -0.00427124 0.45722) 2376
(-0.0201273 -0.00432325 0.457452) 2376
(-0.0205365 -0.0048631 0.454305) 2376
(-0.0180713 -0.00879239 0.456444) 2383
(-0.0110023 -0.0165557 0.446741) 3191
(-0.0195757 0.00132881 0.463715) 2424
(-0.0185442 -0.00531074 0.462333) 2431
(-0.010146 0.0155316 0.452689) 4215
(-0.016033 -0.0133149 0.449288) 2335
(0.020548 0.0004992 0.424968) 1304
(-0.0247768 0.000874407 0.442245) 2313
(-0.00767409 -0.018636 0.440707) 3136
(0.02068 0.000500615 0.425047) 1304
(-0.0161588 0.0162109 0.443487) 4168
(-0.00618203 0.0176498 0.434944) 4095
(-0.020272 -0.0100454 0.443517) 2328
(-0.0229599 -0.00401052 0.44549) 2321
(-0.0230261 -0.00400117 0.446259) 2321
(-0.00724181 -0.0180536 0.447649) 3191
(-0.0189189 0.00740765 0.462292) 2408
(-0.0164197 -0.0131111 0.447956) 2335
(-0.0164437 -0.0129119 0.447596) 2335
(-0.00648039 -0.0176909 0.446114) 3199
(-0.0208242 -0.00380268 0.451654) 2320
(-0.0207612 -0.00248477 0.455842) 2368
(-0.019267 -0.00638236 0.453844) 2376
(-0.0208659 -0.00490506 0.451694) 2320
(-0.0207251 -0.00385631 0.451509) 2320
(-0.0145324 -0.0143981 0.455024) 2390
(-0.0137203 -0.014086 0.459797) 3238
(-0.0193724 0.00115963 0.46246) 2424
(-0.00872055 -0.0151756 0.456169) 3246
(-0.0273706 0.00228818 0.430533) 2202
(-0.0260773 -0.00311512 0.433016) 2266
(0.0153405 -0.00183253 0.443512) 1414
(-0.0258547 -0.00110961 0.434867) 2258
(-0.011521 0.0155077 0.447342) 4167
(0.0157235 6.45492e-05 0.428771) 1302
(-0.0170281 0.0141791 0.44954) 2288
(-0.0238725 0.00222089 0.443204) 2313
(-0.0237669 0.000329734 0.442047) 2257
(-0.0056778 -0.017857 0.442126) 3143
(-0.00689766 -0.0178073 0.446168) 3199
(-0.0210176 -0.00213393 0.450475) 2312
(-0.0076112 -0.0180895 0.444416) 3191
(-0.0211469 -0.00499888 0.449999) 2320
(-0.0186599 -0.0114135 0.441687) 2272
(-0.0212333 -0.00242251 0.451692) 2312
(-0.0202111 -7.22292e-05 0.455143) 2368
(-0.0155271 -0.0145951 0.445428) 2335
(-0.0095426 -0.0175221 0.444886) 3191
(-0.0105615 -0.0166255 0.442214) 3191
(-0.0184808 -0.00511697 0.457713) 2375
(-0.00198397 -0.0159417 0.449774) 3207
(-0.00153769 -0.0160564 0.44928) 3207
(0.0204081 0.000433013 0.421385) 1248
(0.0200226 0.000574682 0.421869) 1248
(-0.00318249 -0.0158558 0.444292) 3199
(-0.0205854 -0.00985336 0.439996) 2272
(-0.017978 0.00905855 0.454172) 2351
(-0.0185383 0.0054735 0.454935) 2359
(-0.00426435 -0.0165939 0.444594) 3199
(-0.00393344 -0.0161271 0.449248) 3199
(-0.0210339 -0.0036667 0.448286) 2320
(-0.0217595 -0.00224241 0.447271) 2312
(-0.0201019 0.00304225 0.454615) 2360
(-0.0174574 -0.010198 0.449079) 2327
(-0.0184039 -0.00487745 0.456906) 2375
(-0.0108951 -0.016438 0.440707) 3135
(-0.00845251 -0.0151761 0.455382) 3246
(-0.00777499 -0.0163887 0.452686) 3247
(-0.0148822 -0.0150333 0.440881) 3127
(-0.00138416 -0.0161513 0.446982) 3207
(0.0148135 0.00073089 0.429838) 1302
(-0.00294453 0.0168155 0.434896) 4095
(0.0183673 0.00130192 0.422821) 1303
(0.0164493 0.000849571 0.423271) 1303
(-0.0216948 0.0103126 0.436363) 2241
(0.0149581 -6.54423e-05 0.427927) 1302
(-0.0246569 0.000440549 0.43483) 2257
(-0.0227674 -0.00030521 0.442398) 2313
(-0.0224762 -6.55456e-06 0.44293) 2313
(-0.0227019 -0.00143758 0.442351) 2313
(-0.00530925 -0.0176827 0.439829) 3143
(-0.0190464 -0.00751642 0.450448) 2328
(-0.0159003 -0.0139144 0.442015) 2279
(-0.0099327 -0.0170219 0.439149) 3135
(-0.0198448 -0.00432302 0.450369) 2320
(-0.0133279 -0.0137932 0.453319) 3238
(-0.0193576 0.000487624 0.457186) 2368
(-0.0147138 0.0165033 0.439632) 4111
(0.0141513 -0.00131805 0.44035) 1358
(0.0142845 -0.00126498 0.43995) 1358
(-0.00114774 -0.0160405 0.443522) 3207
(-0.0172471 -0.0129078 0.437554) 2280
(-0.020122 0.0127547 0.433623) 2241
(-0.0238638 0.00184608 0.435321) 2257
(-0.0234755 -0.00395108 0.436337) 2265
(-0.0246794 0.000303318 0.43409) 2257
(-0.011483 0.0163801 0.44405) 4167
(-0.0171734 -0.0117375 0.440648) 2279
(-0.0226602 -0.00110082 0.441555) 2257
(-0.0203805 -0.0051117 0.445918) 2320
(-0.0062038 -0.0184102 0.438126) 3143
(-0.0209859 0.000499746 0.446079) 2312
(-0.00868715 -0.0175607 0.440994) 3135
(-0.0088274 -0.0175383 0.439378) 3135
(-0.0201056 -0.00414674 0.448176) 2320
(-0.0105148 -0.016454 0.437601) 3135
(-0.018829 0.000835406 0.458442) 2367
(-0.00800449 0.0173101 0.436549) 4103
(-0.0213616 -0.00777021 0.434905) 2265
(0.0157856 -9.47028e-05 0.430924) 1302
(0.0161682 -0.000240108 0.432633) 1359
(-0.0119801 0.0174847 0.437382) 4112
(-0.00282029 0.0168658 0.430333) 4039
(0.0147587 0.000322072 0.423862) 1302
(-0.0249762 0.00070193 0.42967) 2202
(-0.00605122 0.0187882 0.425379) 4040
(0.0145638 0.000275038 0.425919) 1302
(-0.0246834 -0.000496887 0.431896) 2201
(-0.022893 0.00279596 0.438203) 2257
(-0.0195472 0.00910772 0.440931) 2240
(-0.0178206 0.0103592 0.444102) 2296
(-0.0224357 -0.00137879 0.4394) 2257
(-0.0221927 -0.00172889 0.438675) 2257
(-0.0225908 -0.00263798 0.437835) 2257
(-0.0223953 -0.00207085 0.439466) 2257
(-0.0217583 -0.00200329 0.440605) 2256
(-0.0199725 0.00245348 0.447936) 2312
(-0.0197634 0.00187352 0.453516) 2368
(-0.018877 0.00112424 0.452803) 2367
(-0.0145155 -0.0143386 0.444747) 2334
(-0.0197536 -0.00359145 0.448098) 2320
(-0.00886314 -0.0155801 0.449215) 3191
(0.0148583 -0.000638309 0.434638) 1358
(0.0134684 0.00207007 0.427154) 1310
(-0.00193153 0.0173859 0.425801) 4031
(-0.0013384 -0.015928 0.442557) 3207
(-0.0226462 0.00769998 0.433397) 2249
(0.014501 0.000335268 0.424248) 1302
(-0.000905376 -0.0163569 0.440237) 3151
(-0.0218133 0.0113263 0.429234) 2185
(-0.00817576 0.0188124 0.419569) 3992
(-0.0249753 -0.0034153 0.428401) 2210
(-0.0206504 0.00591987 0.44148) 2248
(-0.0163007 0.0145836 0.443362) 2287
(-0.0229614 -0.000383077 0.434918) 2257
(-0.0221101 -0.00202781 0.438572) 2257
(-0.018943 -0.0036696 0.450154) 2320
(-0.0187559 0.000289402 0.452318) 2367
(-0.0186231 -0.00379721 0.450872) 2319
(-0.0121272 -0.0148182 0.446846) 3182
(-0.0103911 -0.0151494 0.449756) 3190
(-0.0203639 0.0144193 0.42542) 2177
(-0.0156557 -0.0135191 0.436125) 2279
(-0.000241535 -0.0164027 0.438238) 3151
(0.0146452 0.000196272 0.426708) 1302
(0.0147262 0.000225011 0.421549) 1246
(0.0146374 0.00022967 0.422035) 1246
(-0.0266465 -0.000204704 0.422606) 2202
(-0.0123415 0.0168673 0.437228) 4111
(-0.0228785 -0.00220099 0.434127) 2257
(-0.0197234 -0.0104566 0.433785) 2272
(-0.0227181 -0.00106595 0.434302) 2257
(-0.0186998 -0.012217 0.431819) 2216
(-0.023027 -0.00213287 0.434612) 2257
(-0.00538671 -0.0185329 0.429403) 3087
(-0.021291 -0.00438392 0.43724) 2264
(-0.00502642 -0.0179161 0.433216) 3143
(-0.0202564 -0.0097537 0.434301) 2272
(-0.0104627 -0.0172378 0.433275) 3135
(-0.0186098 -0.0101481 0.437526) 2272
(-0.0191946 -0.00324814 0.447555) 2320
(-0.0111849 -0.016268 0.433905) 3127
(-0.0128206 -0.0136096 0.445753) 3182
(-0.0106138 -0.0168117 0.433308) 3135
(-0.00730709 -0.015505 0.442134) 3134
(-0.00760381 -0.016865 0.444729) 3191
(-0.0278719 -0.00201802 0.417793) 2147
(-0.0255538 0.000956882 0.424694) 2202
(-1.28701e-05 -0.0164633 0.438397) 3151
(-0.000604499 -0.0159931 0.435848) 3151
(-0.003976 0.0191419 0.419964) 3984
(-0.0110832 -0.0164961 0.430013) 3079
(-0.0147242 -0.0132901 0.434888) 2278
(-0.0191877 0.00991842 0.435252) 2240
(-0.0185571 -0.0120465 0.431107) 2216
(-0.0231576 -0.00212943 0.433382) 2257
(-0.00553222 -0.0186023 0.429048) 3088
(-0.00730076 -0.0176239 0.430963) 3079
(-0.010329 -0.0169334 0.431282) 3079
(-0.0204602 -0.00304218 0.439939) 2264
(-0.00871762 -0.0181696 0.431013) 3080
(-0.0201407 -0.00306946 0.44353) 2320
(-0.0195199 -0.00422435 0.442888) 2320
(-0.0186712 -0.00426765 0.444909) 2319
(-0.00677682 -0.0159186 0.442013) 3135
(-0.010676 -0.0171284 0.427456) 3079
(-0.0227748 0.00810466 0.427367) 2193
(-0.000155424 -0.0165073 0.434828) 3151
(0.000224405 -0.0166212 0.433276) 3151
(0.0155742 0.00091698 0.417928) 1246
(-0.0181853 -0.0122077 0.429434) 2224
(-0.000183424 -0.0165124 0.435342) 3151
(-0.00659687 -0.0183753 0.428755) 3087
(-0.0201551 -0.00565415 0.436129) 2264
(-0.0201632 -0.00568359 0.436016) 2264
(-0.00707429 -0.0179654 0.42909) 3079
(-0.0109227 -0.0164913 0.430157) 3079
(-0.0123588 -0.0152257 0.433839) 3127
(-0.0106288 -0.0167319 0.428968) 3079
(-0.0105785 -0.0171756 0.430324) 3079
(-0.0104944 -0.0169543 0.430612) 3079
(-0.0208079 -0.00282232 0.440128) 2264
(-0.0107191 -0.0167888 0.430254) 3079
(-0.0177098 -0.00949754 0.440721) 2271
(-0.00837988 -0.0164693 0.440725) 3135
(-0.0274105 0.00116075 0.415516) 2146
(0.0142307 -0.00157938 0.434002) 1358
(0.0151188 0.00135624 0.41897) 1246
(0.000159563 -0.0165434 0.434585) 3151
(-0.00239696 0.0189206 0.414923) 3976
(0.000341052 -0.0165767 0.434508) 3151
(-0.000252615 -0.0165557 0.433272) 3151
(0.000392808 -0.0162191 0.433133) 3151
(-0.000381996 -0.016569 0.430375) 3095
(-0.0233431 -0.00582799 0.422895) 2209
(-0.00365894 -0.0176571 0.429824) 3087
(-0.00851839 0.0179421 0.43287) 4103
(-0.0153361 0.0143325 0.437616) 2231
(-0.0191925 0.00608344 0.439537) 2248
(-0.00722374 -0.0177218 0.427817) 3079
(-0.00678445 -0.0184999 0.426249) 3088
(-0.00665578 -0.0184599 0.426423) 3087
(-0.0179292 -0.0091412 0.437227) 2271
(-0.00990616 -0.0174183 0.429646) 3079
(-0.0131382 -0.0137313 0.441067) 3126
(-0.00947653 -0.015174 0.437161) 3134
(-0.0280523 0.00301582 0.413291) 2147
(0.00132439 -0.016483 0.435249) 3151
(-0.0253419 0.0067645 0.415492) 2138
(-0.0262174 -0.0038779 0.416269) 2154
(-0.0205786 -0.00933415 0.422923) 2216
(0.000468377 -0.0159777 0.427943) 3095
(0.0153182 0.00146063 0.415261) 1246
(-0.0155248 0.0148357 0.431054) 2175
(0.0157347 0.000914063 0.414318) 1246
(0.00071348 -0.0165989 0.428831) 3095
(-0.0240278 0.00110173 0.424747) 2201
(-0.0172472 0.0144575 0.429641) 2176
(-0.0146272 0.0179668 0.424213) 4056
(-0.00525597 0.0201313 0.413387) 3984
(-0.0141029 -0.0155107 0.427731) 3071
(-0.00115228 -0.0158822 0.432889) 3150
(-0.023978 -0.000782416 0.423419) 2201
(-0.0206876 -0.00750119 0.427222) 2208
(-0.00592 -0.0183301 0.425266) 3087
(-0.0156298 -0.0139451 0.427061) 2223
(-0.0213219 -0.00422248 0.431631) 2208
(-0.00643864 -0.018254 0.426172) 3087
(-0.0202143 -0.00567958 0.43123) 2208
(-0.00812368 -0.0174542 0.429503) 3079
(-0.0166578 -0.0120704 0.431091) 2223
(-0.0203771 -0.00426749 0.433536) 2264
(-0.0201081 -0.00974641 0.429243) 2216
(-0.0198832 -0.00421604 0.435989) 2264
(-0.00896377 -0.0153131 0.436248) 3134
(-0.0278107 0.00289234 0.410091) 2091
(-0.0277687 -0.00213394 0.411357) 2091
(-0.0203617 0.0169595 0.414215) 2121
(0.00063923 -0.0163593 0.425332) 3095
(0.0142744 -0.00121298 0.43024) 1302
(-0.0247753 -0.00388116 0.416552) 2154
(0.0120114 0.0051792 0.419523) 383
(-0.0210439 0.0129026 0.419447) 2129
(0.0131171 -0.00251061 0.432507) 1350
(-0.016141 -0.0148131 0.422093) 2167
(-0.0242525 0.000381475 0.42037) 2145
(-0.021856 -0.00621972 0.423681) 2209
(-0.0239543 -0.00164769 0.421951) 2145
(-0.0235656 -0.000462437 0.424348) 2201
(-0.0232981 -0.00117369 0.424251) 2201
(-0.0229485 1.23593e-05 0.425647) 2201
(-0.000325712 -0.0166379 0.429988) 3095
(-0.018233 0.00815778 0.436692) 2239
(-0.0203668 -0.00733394 0.429068) 2208
(-0.00615224 -0.0181118 0.424472) 3087
(-0.0188167 0.00363085 0.43776) 2248
(-0.0210806 -0.00444341 0.430276) 2208
(-0.0222641 -0.00309278 0.427579) 2209
(-0.0216085 -0.000963133 0.43007) 2200
(-0.0135289 -0.0139361 0.435709) 3126
(-0.00555394 -0.0182074 0.425676) 3087
(-0.00965878 -0.0176115 0.425407) 3079
(-0.0189278 0.00130842 0.440369) 2256
(-0.0204603 -0.00456215 0.431773) 2208
(-0.00960572 -0.0177899 0.424822) 3079
(-0.0111238 -0.0162116 0.428912) 3071
(0.0143459 -0.000566133 0.427994) 1302
(0.00062831 0.0172979 0.412153) 3919
(0.0142662 -0.00112085 0.428944) 1302
(-0.0125872 0.0201689 0.41777) 3993
(-0.000345635 0.0195097 0.408328) 3920
(-0.0247161 0.00351414 0.418106) 2137
(-0.000923722 -0.0166927 0.423885) 3095
(-0.00513485 -0.0186533 0.422963) 3088
(-0.01854 0.0126976 0.42605) 2176
(-0.00610012 0.020879 0.410483) 3928
(-0.0238676 -0.00274093 0.421953) 2145
(-0.0240313 -0.0013474 0.420367) 2145
(-0.0237359 -0.00222896 0.421924) 2145
(-0.0209811 -0.00514192 0.425188) 2208
(-0.0202293 -0.00731216 0.427511) 2208
(-0.00812299 -0.0174003 0.426105) 3079
(-0.0211517 -0.00309679 0.430173) 2208
(-0.00722253 -0.0174407 0.426127) 3079
(-0.0042895 -0.0174502 0.429004) 3087
(-0.0196934 -0.00449473 0.432565) 2264
(-0.00873205 -0.0173497 0.428875) 3079
(-0.0188224 -0.00388275 0.435721) 2264
(-0.0187389 -0.0043597 0.437581) 2264
(-0.0195374 -0.00173763 0.436901) 2256
(-0.0186219 -0.00511439 0.439979) 2263
(0.0145628 9.17609e-05 0.423495) 1302
(0.00200991 -0.0163476 0.426228) 3095
(-0.0216173 0.0154689 0.410924) 2066
(0.0117268 0.00499824 0.412337) 334
(0.00944633 -0.00862022 0.428288) 411
(-0.010876 0.0183877 0.422468) 4048
(0.0144405 0.00026714 0.411854) 1190
(0.00145937 -0.0164384 0.426052) 3095
(-0.00595322 -0.018363 0.418925) 3031
(-0.0150333 0.0132391 0.430607) 2175
(-0.0243282 -0.00137109 0.418206) 2145
(-0.0121691 0.0168785 0.42932) 4055
(-0.0237393 -0.00177609 0.419744) 2145
(-0.019469 0.00897022 0.427267) 2184
(-0.00670014 -0.0172015 0.423304) 3087
(-0.0161528 -0.0132726 0.423628) 2223
(-0.018014 -0.00910441 0.429061) 2215
(-0.0218716 -0.00163488 0.424597) 2200
(-0.0207525 -0.00568566 0.423823) 2208
(-0.0218752 -0.00157348 0.425003) 2200
(-0.022604 -0.00326173 0.423748) 2209
(-0.0219627 -0.00325335 0.425344) 2209
(-0.0137434 -0.0140899 0.432803) 3126
(-0.0155932 -0.0124638 0.428866) 2223
(-0.0187019 -0.00485777 0.435408) 2264
(-0.0193668 -0.00211257 0.434555) 2256
(-0.019191 -0.00245454 0.437063) 2264
(-0.0280852 -0.0022469 0.405364) 2091
(-0.0240812 0.00926509 0.410953) 2074
(0.0137663 7.3023e-05 0.408505) 1190
(0.0115524 0.0046781 0.412119) 334
(-0.0214179 -0.0103851 0.412871) 2161
(0.000242792 0.0183311 0.408553) 3919
(0.00144201 -0.0164376 0.421147) 3039
(0.00160594 -0.016338 0.421891) 3039
(-0.0243077 -0.000840148 0.416648) 2145
(-0.0240718 -0.00170401 0.416388) 2145
(-0.0220055 -0.00834359 0.415404) 2161
(-0.0141626 0.0145624 0.429761) 4054
(0.000547302 -0.0168055 0.423344) 3095
(-0.0229471 -0.00486542 0.418267) 2153
(-0.0155502 -0.0143061 0.422023) 2167
(-0.0202621 -0.00658124 0.421608) 2152
(-0.0204552 -0.00633216 0.4216) 2152
(-0.0206243 0.00235385 0.429045) 2200
(-0.0199934 -0.00740442 0.423429) 2208
(-0.0104588 -0.0178032 0.420845) 3024
(-0.0110458 -0.0168001 0.420455) 3023
(-0.0105811 -0.0172836 0.420708) 3023
(-0.010549 -0.0172868 0.422441) 3079
(-0.0105586 -0.0168246 0.42361) 3079
(-0.0189204 -0.00131392 0.434712) 2256
(-0.0200588 -0.00200646 0.431122) 2200
(-0.0189063 -0.000785953 0.435487) 2255
(-0.00498516 -0.0159361 0.432135) 3087
(-0.0051706 -0.0158952 0.432386) 3143
(-0.0158028 -0.0160057 0.416221) 3015
(0.0025836 -0.0163147 0.423513) 3103
(-0.0145516 -0.016696 0.41702) 3016
(0.000943559 -0.0167088 0.418688) 3039
(0.00299163 -0.0161633 0.424142) 3103
(-0.0164155 0.0146417 0.423052) 2175
(-0.0108773 0.0176689 0.420952) 3991
(-0.025052 0.000278118 0.4125) 2090
(-0.0248765 -9.2823e-05 0.413183) 2146
(-0.00544533 -0.0176732 0.418465) 3031
(-0.0234075 -0.00455455 0.41568) 2153
(-0.022874 -0.00473183 0.417122) 2153
(-0.0202043 -0.0075506 0.420055) 2152
(-0.0202641 -0.00601463 0.421083) 2152
(-0.00117961 -0.0158928 0.423465) 3094
(-0.0201251 0.00441252 0.427847) 2192
(-0.0136487 -0.0162227 0.42041) 3015
(-0.0177289 -0.0124179 0.419114) 2168
(-0.013091 -0.0162496 0.422626) 3071
(-0.0190448 -0.0051493 0.430505) 2208
(-0.00702348 -0.0163929 0.428133) 3079
(-0.0189679 -0.00357307 0.431472) 2208
(-0.00452365 -0.0157249 0.429236) 3086
(-0.00421463 -0.0157064 0.429389) 3086
(-0.0043533 -0.0157315 0.429417) 3086
(-0.00782959 -0.0171857 0.426108) 3079
(-0.00905297 -0.0153439 0.430355) 3078
(-0.00903532 -0.0153396 0.430519) 3078
(-0.00511429 -0.0157 0.430882) 3086
(-0.00890828 -0.0153439 0.430203) 3078
(0.00409362 -0.0154499 0.422675) 3102
(0.0135564 0.00190151 0.407253) 1190
(-0.024792 -0.00531667 0.409977) 2098
(-0.00946627 -0.0180225 0.414693) 3024
(-0.00551613 0.023258 0.394914) 3873
(0.00213434 -0.0160549 0.417464) 3039
(-0.0175396 0.0116702 0.425058) 2183
(-0.0144898 0.0143598 0.425288) 2174
(-0.0163994 0.0140682 0.422472) 2175
(-0.01768 0.0117859 0.422741) 2184
(-0.0237018 -0.00137627 0.414409) 2145
(-0.0219913 0.000504145 0.421216) 2145
(-0.0215944 -0.00537037 0.417643) 2153
(-0.0140106 -0.0162207 0.419577) 3015
(-0.0150732 -0.0157769 0.419762) 3015
(-0.010532 -0.0174398 0.419405) 3023
(-0.0209325 -0.00254483 0.424691) 2200
(-0.0186181 -0.00595359 0.428989) 2208
(-0.018834 -0.00347295 0.430663) 2208
(-0.0193925 -0.00241218 0.429701) 2200
(-0.0187463 -0.00404557 0.431834) 2207
(-0.00534899 -0.0157212 0.427716) 3087
(0.0157835 0.000871113 0.414233) 1246
(0.0146856 0.00026364 0.418091) 1246
(0.0128368 -0.00161983 0.419655) 1246
(-0.0251408 0.00819236 0.404723) 2082
(-0.011062 0.0218984 0.405788) 3937
(0.00258816 -0.015762 0.415178) 3046
(0.0126582 -0.00168177 0.417995) 376
(-0.00624143 0.0202774 0.415054) 3984
(-0.0224193 0.0136826 0.405373) 2074
(-0.0211773 0.0128554 0.410028) 2073
(0.0129551 -0.000137831 0.404235) 1190
(0.0131405 0.000107763 0.404394) 1190
(-0.00306006 -0.0174389 0.416126) 3031
(-0.0175028 -0.0145552 0.411954) 2112
(-0.0137126 -0.0168696 0.412442) 2959
(-0.0232598 -0.00732621 0.410942) 2097
(-0.0150119 0.0152432 0.423464) 4055
(-0.0231352 -0.00322296 0.414067) 2153
(-0.0222247 -0.00352176 0.417596) 2153
(-0.00985441 -0.0174465 0.417673) 3023
(-0.00599342 -0.0172149 0.416163) 3031
(-0.0147532 -0.013379 0.423104) 2223
(-0.021371 -0.00284653 0.420002) 2152
(-0.0194157 -0.000174748 0.427879) 2200
(-0.0188843 0.000572974 0.429465) 2199
(-0.0185366 -0.00687832 0.427108) 2208
(-0.0187549 -0.00354313 0.427863) 2207
(-0.0186966 -0.00369532 0.427505) 2207
(-0.00534627 -0.0156453 0.425479) 3086
(-0.00647778 -0.0160522 0.425347) 3079
(0.0144198 4.16769e-05 0.417285) 1246
(-0.0178885 0.0181428 0.408484) 3945
(-0.00341719 0.0225096 0.394909) 3873
(0.0129812 8.67915e-05 0.403537) 1190
(-0.012374 0.0175706 0.418729) 4000
(-0.00405097 -0.018758 0.411015) 2976
(-0.013472 0.0203009 0.407832) 3945
(-0.000741609 0.0203493 0.402924) 3920
(-0.0200542 -0.00965989 0.410675) 2104
(0.000112639 -0.0179199 0.412035) 2983
(-0.0165864 0.014737 0.418791) 2119
(-0.0220697 -0.00028687 0.417405) 2145
(-0.0156643 -0.0134292 0.415869) 2167
(-0.00760043 -0.0170781 0.416027) 3023
(-0.0188772 0.00785907 0.422798) 2184
(-0.00895414 -0.0173928 0.416578) 3023
(-0.00888296 -0.0172953 0.416616) 3023
(-0.0218075 -0.00338895 0.417497) 2153
(-0.00406117 -0.0159668 0.421941) 3031
(-0.0134465 -0.0139451 0.42321) 3070
(-0.0190514 -0.00269631 0.42634) 2208
(-0.00885612 -0.017529 0.419636) 3023
(-0.00901011 -0.0174175 0.418694) 3023
(0.0144037 2.42124e-05 0.413873) 1246
(-0.0104825 -0.0168624 0.410126) 2967
(-0.0256398 0.00276115 0.405525) 2090
(-0.0255164 0.00144372 0.405076) 2090
(0.00246058 -0.0159304 0.412793) 3047
(-6.25289e-05 -0.018801 0.408327) 2983
(-0.00493959 0.0186307 0.415598) 3983
(-0.0228161 -0.00754668 0.408138) 2097
(-0.00880556 -0.017022 0.413059) 3023
(-0.00893008 0.0182489 0.414813) 3992
(-0.0152044 -0.0162784 0.411465) 2959
(-0.00982575 -0.0167635 0.415439) 3023
(-0.021791 -0.00353854 0.415685) 2153
(-0.0177342 -0.00986656 0.419207) 2159
(-0.00702098 -0.0167683 0.415665) 3023
(-0.00913923 -0.0169276 0.416193) 3023
(-0.00938968 -0.016977 0.415951) 3023
(-0.0134689 -0.0139223 0.422476) 3070
(-0.0188608 -0.00026452 0.425506) 2199
(-0.0118363 -0.0143697 0.420104) 3014
(-0.0133892 -0.0139599 0.423783) 3070
(-0.00939423 -0.0153216 0.423251) 3079
(0.0148266 0.000468324 0.41221) 1190
(-0.0175141 -0.0149922 0.404751) 2112
(-0.0237112 -0.0113148 0.399602) 2050
(0.00103412 0.0198019 0.395548) 3864
(0.0135953 -0.000139403 0.408656) 1190
(-0.0196068 -0.0125436 0.405006) 2104
(0.0115241 -0.00421273 0.413278) 369
(-0.02449 -0.00723141 0.403785) 2098
(-0.00703183 0.0218597 0.395358) 3873
(0.0130465 -3.84671e-05 0.400298) 1134
(-0.0204105 0.0112803 0.408328) 2073
(0.0129532 -0.000567771 0.400706) 1134
(-0.0170951 0.0138861 0.414348) 2120
(0.00177901 -0.0166449 0.412028) 2983
(-0.0144572 -0.0160713 0.412221) 2959
(-0.0138249 -0.0157507 0.414076) 3015
(-0.0164546 -0.0122702 0.414696) 2167
(-0.0094889 -0.0167177 0.414248) 3023
(-0.0116174 -0.0152815 0.416363) 3015
(-0.0192675 0.00258674 0.424812) 2192
(-0.0183893 -0.00786697 0.419564) 2160
(-0.0186708 -0.00297558 0.422643) 2207
(-0.0133206 -0.0139151 0.420182) 3014
(-0.0089309 -0.0152216 0.418996) 3022
(-0.019027 -0.00153851 0.423818) 2200
(0.0140567 -7.38315e-06 0.410825) 1190
(-0.0272607 -0.00520088 0.397002) 2042
(-0.0188741 0.0173218 0.401712) 2009
(0.000362618 -0.0191687 0.402931) 2984
(0.0127641 -0.00128434 0.41028) 327
(-0.00909634 -0.0177322 0.40685) 2967
(0.0122288 0.00512638 0.40068) 285
(-0.0122566 0.0203186 0.402892) 3937
(-0.0228361 0.00739203 0.406498) 2081
(0.00440878 -0.0153621 0.408233) 2990
(-0.0223849 -0.00803769 0.406881) 2097
(0.00218244 -0.0167496 0.411358) 2983
(-0.0178538 0.012939 0.411258) 2064
(-0.0156031 -0.0163707 0.408805) 2960
(-0.0160293 -0.0153022 0.409068) 2111
(-0.0229832 -3.07096e-06 0.409365) 2089
(-0.0130752 0.0147412 0.418697) 3998
(-0.00238745 -0.0178746 0.411707) 2975
(-0.0229976 -0.00266756 0.409571) 2089
(-0.00683276 -0.017096 0.410492) 2967
(-0.00871378 -0.0167202 0.413315) 3023
(-0.0177256 -0.00982693 0.415043) 2159
(-0.0178941 -0.0090694 0.418816) 2159
(-0.0183424 -0.0069284 0.418259) 2151
(-0.0198239 -0.00212831 0.418862) 2144
(-0.0186582 -0.00345944 0.420094) 2151
(-0.0185285 -0.00459168 0.420445) 2151
(-0.00650131 -0.015591 0.417474) 3022
(-0.00565883 -0.0156314 0.417209) 3030
(-0.00570148 -0.0156214 0.417375) 3030
(-0.00867215 -0.0161247 0.416016) 3023
(0.00856144 -0.0101046 0.410186) 305
(-0.0275534 0.00541607 0.395074) 2027
(-0.0226695 0.0122499 0.40023) 2017
(-0.0104083 0.0207783 0.401236) 3881
(-0.0217493 -0.0151404 0.397784) 2058
(-0.015136 0.0186524 0.403611) 3944
(0.0135016 -0.000239769 0.408155) 1190
(-0.000257907 0.0218231 0.388869) 3808
(0.00929296 -0.00872697 0.409765) 313
(0.0134307 -0.000215209 0.396452) 1134
(0.0133901 -7.44578e-05 0.396803) 1134
(0.000223918 -0.0188865 0.402632) 2983
(0.0133237 -0.000291798 0.397171) 1134
(-0.0225682 -0.0083395 0.403857) 2097
(0.00269869 -0.016159 0.409659) 2991
(-0.00859138 -0.0181768 0.404954) 2968
(0.00268588 -0.0162382 0.410163) 2991
(-0.0156607 -0.0145867 0.408864) 2111
(-0.0199142 0.0035834 0.416486) 2136
(-0.014682 -0.0133191 0.415516) 2166
(-0.0286607 0.00153919 0.392609) 1979
(0.00691482 -0.0147167 0.403505) 2998
(0.0120274 -0.00227672 0.409072) 320
(-0.0277025 0.000868209 0.394908) 2035
(0.00626187 -0.0151149 0.404873) 2998
(0.003507 -0.015459 0.404869) 2990
(0.0128324 0.00325403 0.397813) 285
(-0.00467675 0.0186222 0.409215) 3927
(-0.0037329 0.0190401 0.407073) 3928
(-0.0227983 -0.00861887 0.401541) 2049
(0.00618918 -0.0131192 0.406226) 2998
(-0.00571186 0.0207708 0.393052) 3872
(-0.00239666 -0.0174351 0.406574) 2975
(-0.0126231 0.0161904 0.411088) 3943
(-0.0146254 0.0135644 0.415994) 2118
(0.000249081 -0.0158357 0.411833) 2982
(-0.0166787 0.0120989 0.414261) 2119
(-0.00856014 -0.0164085 0.409589) 2967
(-0.01863 0.00755876 0.414759) 2128
(-0.0175249 -0.00967003 0.415506) 2159
(-0.0184843 -0.00770206 0.413484) 2160
(-0.0190066 -0.00359163 0.417114) 2152
(-0.0190945 -0.00155196 0.417903) 2144
(-0.0187226 -0.0174251 0.396168) 2057
(-0.00745735 -0.0184112 0.403527) 2968
(0.0013964 -0.018715 0.400259) 2927
(0.0130355 -0.000435724 0.405555) 1190
(0.00847463 -0.0104942 0.407021) 305
(-0.0249946 -0.000790811 0.399571) 2034
(0.00587155 -0.0152974 0.403875) 2990
(0.00125748 -0.0188382 0.400732) 2927
(0.0138572 -0.00016947 0.394084) 1134
(0.00604791 -0.0153921 0.402891) 2990
(-0.0195166 -0.0120334 0.40079) 2048
(-0.00999198 0.0182675 0.408059) 3936
(-0.0077722 -0.0170991 0.406361) 2967
(-0.00665885 -0.0185341 0.405086) 2976
(-0.00969879 -0.0164615 0.406819) 2967
(-0.0205643 -0.00066722 0.411665) 2088
(-0.0181447 0.00811885 0.414611) 2127
(-0.0187867 0.00746374 0.413683) 2128
(-0.0190373 -0.00717796 0.412239) 2096
(-0.0190365 -0.00300624 0.415876) 2152
(-0.0192039 -0.00202491 0.415891) 2144
(-0.0192024 -0.000135948 0.415496) 2144
(-0.0147393 -0.0174262 0.399178) 2904
(-0.0193357 0.0169876 0.396307) 2009
(-0.0254502 0.00989229 0.393314) 2018
(0.000975947 0.0229128 0.381888) 3753
(0.0108161 0.0114398 0.392738) 299
(0.0120436 -0.00282723 0.404752) 320
(0.00662234 -0.0154677 0.400268) 2942
(0.00401912 -0.0155333 0.402423) 2934
(-0.0222531 0.00560616 0.403962) 2081
(0.00652063 -0.0155514 0.400841) 2942
(0.00263488 -0.0159046 0.405221) 2991
(0.00277007 -0.0157655 0.405343) 2990
(-0.0228034 -0.00666318 0.401818) 2041
(-0.0235527 -0.00667283 0.398752) 2041
(-0.0150906 -0.0155641 0.403894) 2959
(-0.0235375 -0.00194358 0.403321) 2089
(-0.0226573 -0.00471618 0.402197) 2041
(-0.00972365 -0.0165786 0.405767) 2967
(-0.00664136 -0.0175171 0.404799) 2975
(-0.0216863 -0.000969074 0.407477) 2088
(-0.0054566 -0.0174404 0.405699) 2975
(-0.0204571 -0.00149854 0.41066) 2088
(-0.018305 -0.0077214 0.411907) 2103
(-0.0189779 -0.00373669 0.413216) 2152
(-0.0187614 -0.00222898 0.41518) 2143
(-0.00869603 -0.0153218 0.412114) 2966
(-0.0138526 -0.0136902 0.412082) 2110
(-0.00911033 -0.0152232 0.412887) 3022
(-0.0189363 -0.000164327 0.414893) 2144
(-0.0187855 0.000220462 0.416339) 2143
(0.0100133 -0.00823767 0.40422) 313
(0.00950118 -0.0090851 0.404439) 313
(-0.0258986 0.00712865 0.392691) 1970
(0.0118818 0.00815832 0.393724) 292
(-0.024639 0.00538535 0.396323) 2026
(0.0108898 -0.00706715 0.404136) 313
(0.0081454 -0.0135179 0.399712) 2942
(-0.0150235 -0.0170746 0.399254) 2904
(0.00361729 -0.0155136 0.401862) 2934
(0.0077982 -0.0134292 0.400013) 2942
(0.00717708 -0.0146524 0.39991) 2942
(-0.02066 0.00965962 0.400872) 2016
(-0.0232291 0.00172175 0.401615) 2033
(-0.0135368 -0.0158888 0.402128) 2903
(-0.0229329 -0.00422221 0.401718) 2041
(-0.02376 -0.00243234 0.401046) 2033
(-0.00789693 -0.0176346 0.402693) 2967
(-0.0212781 -0.00704317 0.403116) 2096
(-0.0227539 -0.00345403 0.401838) 2041
(-0.0110936 -0.0162038 0.40302) 2959
(-0.0187444 0.00130277 0.412871) 2143
(-0.0179489 -0.00910796 0.409796) 2103
(-0.0200766 -0.00158296 0.408778) 2088
(-0.0187658 -0.00303711 0.413149) 2151
(-0.0126157 -0.0137166 0.408281) 2958
(-0.0197793 -0.000452084 0.411522) 2088
(-0.0190832 4.18311e-06 0.413852) 2144
(-0.00795671 -0.0153329 0.410279) 2966
(0.0115497 -0.00650198 0.401255) 264
(0.00963126 -0.0093271 0.401467) 257
(0.00974904 -0.0092385 0.401024) 257
(-0.020586 0.0148945 0.393696) 2009
(-0.000835643 -0.0189483 0.397523) 2928
(-0.025646 -0.00826549 0.39052) 1986
(-0.0238188 -0.010644 0.391199) 1994
(-0.0102661 -0.0190776 0.394991) 2912
(0.0139818 0.00301969 0.39195) 1086
(-0.0134792 0.0195666 0.395052) 3888
(-0.0193448 -0.0168139 0.392315) 2001
(0.0097327 -0.00901857 0.402257) 264
(-0.0189262 0.0127609 0.398099) 2008
(0.0132431 0.00592817 0.390318) 1094
(0.0134165 0.00496202 0.391118) 1086
(-0.0175279 0.0138656 0.400537) 2008
(-0.02063 0.0105633 0.399701) 2017
(0.0142694 -0.000582133 0.391451) 1078
(0.0149761 -0.000429386 0.387914) 1078
(0.014038 -0.000687608 0.39291) 1134
(-0.0200685 -0.0108568 0.397709) 2048
(-0.0178385 0.0111672 0.403909) 2072
(-0.0217008 0.00540834 0.401187) 2025
(-0.000733364 -0.0173769 0.400595) 2927
(-0.00776498 -0.0175731 0.401096) 2911
(-0.0232447 -0.00202855 0.400735) 2033
(-0.000394543 -0.0156814 0.406019) 2982
(-0.0209601 -0.0026146 0.404452) 2096
(-0.0201307 0.000107458 0.407927) 2088
(-0.0188318 -0.00387646 0.407854) 2096
(-0.0184644 -0.00501053 0.409389) 2095
(-0.0189087 -0.0041367 0.408892) 2096
(-0.0187334 -0.00643216 0.409098) 2096
(-0.0100797 -0.0150326 0.405373) 2966
(-0.0100281 -0.015189 0.406368) 2966
(-0.0183644 -0.00767463 0.407161) 2104
(-0.00883261 -0.0150853 0.408579) 2966
(-0.00857543 -0.0152508 0.409343) 2966
(-0.0188357 -0.00314182 0.409658) 2095
(-0.019168 0.000189454 0.410962) 2088
(-0.0192986 -0.000635056 0.410579) 2088
(-0.0196931 0.000481915 0.408705) 2088
(-0.0062869 -0.0155338 0.408303) 2974
(-0.0190933 0.000390186 0.410768) 2088
(-0.0190862 0.00047145 0.409703) 2088
(-0.0188952 -0.000276947 0.411527) 2087
(-0.00698033 -0.0159051 0.40836) 2967
(-0.0192489 -0.000379972 0.409415) 2088
(-0.0131334 -0.0134266 0.408622) 2958
(-0.0092887 -0.0149447 0.407636) 2966
(-0.0139043 0.0207974 0.390876) 3833
(0.00992167 -0.00905017 0.400612) 264
(-0.00619885 0.0226172 0.379882) 3761
(0.012881 -0.0012664 0.399516) 1134
(-0.0174135 -0.0154799 0.395634) 2056
(-0.0235207 -0.00926793 0.391727) 1993
(0.0128283 -0.0017196 0.399918) 278
(-0.0122014 0.019164 0.395391) 3880
(0.0152062 0.000724339 0.385073) 1078
(0.0115022 -0.00422387 0.401417) 271
(0.00799173 -0.013166 0.396714) 2942
(0.0114983 -0.00424062 0.401487) 271
(0.0056009 -0.0150535 0.396391) 2934
(-0.0167012 0.0146412 0.400789) 2008
(0.015043 -0.000300352 0.387332) 1078
(-0.019723 0.00790132 0.400237) 2016
(-0.00274655 -0.0189162 0.396291) 2920
(-0.0231086 -0.000604241 0.398243) 2033
(-0.00865059 -0.0174075 0.399118) 2911
(-0.0203463 0.00460615 0.403625) 2080
(-0.0166382 -0.0138772 0.398965) 2055
(-0.014045 0.0141354 0.406736) 3942
(-0.0182138 0.0109955 0.401743) 2016
(-0.0121377 -0.016187 0.398719) 2903
(-0.0174432 0.011254 0.404132) 2071
(-0.00202818 -0.0162059 0.405353) 2983
(-0.011827 -0.0153879 0.401324) 2903
(-0.0166743 -0.0124163 0.401202) 2055
(-0.0131435 -0.0134435 0.405909) 2958
(-0.0184165 -0.004357 0.407956) 2095
(-0.0193272 -0.00211105 0.40627) 2088
(-0.019374 -0.00272792 0.406883) 2096
(-0.00422262 -0.0156033 0.406128) 2974
(-0.0192267 -0.00248289 0.407495) 2096
(-0.0184553 -0.00398516 0.407817) 2095
(-0.0190031 -0.00304798 0.407679) 2096
(-0.0203364 -0.00108518 0.404235) 2088
(-0.00783849 -0.0152611 0.407318) 2966
(-0.00897228 -0.0148952 0.407602) 2966
(-0.00739765 -0.015239 0.408122) 2966
(-0.0169261 0.0192144 0.390328) 3833
(-0.0163422 -0.0184586 0.388719) 2849
(-0.0253255 0.00797317 0.388918) 1970
(0.0128965 0.00818275 0.385772) 1094
(-0.0143936 -0.0177468 0.393157) 2904
(0.0114023 -0.00693095 0.398633) 264
(0.0102232 -0.00898139 0.398165) 264
(-0.023993 0.00730548 0.391596) 1969
(0.0108112 -0.00769033 0.398827) 264
(0.0150636 -4.57559e-05 0.382931) 1078
(-0.00910071 -0.0191378 0.394632) 2912
(0.0151944 -0.000214955 0.383692) 1078
(-0.0156136 0.0150964 0.39944) 2007
(-0.0123059 0.015207 0.402945) 3943
(-0.0203683 -0.0106044 0.394814) 2048
(-0.0217411 -0.00324245 0.398609) 2040
(-0.0178872 0.00889834 0.402555) 2015
(-0.0115752 -0.0156788 0.399637) 2903
(-0.00427921 -0.0169638 0.401126) 2919
(-0.00332215 -0.0176024 0.398818) 2919
(-0.0186651 -0.00438918 0.4044) 2095
(-0.0189358 -0.00623472 0.402162) 2040
(-0.0192701 -0.000955248 0.40625) 2088
(-0.0186224 0.0023068 0.407652) 2087
(-0.0165016 -0.0123668 0.401983) 2055
(-0.0201443 -0.000449407 0.404009) 2088
(-0.0130987 -0.0133422 0.40559) 2958
(-0.0202429 -0.000492194 0.403634) 2088
(-0.0198071 8.75572e-05 0.40522) 2088
(-0.00796759 -0.0152596 0.405893) 2966
(-0.00788316 -0.0153285 0.405556) 2966
(-0.00814126 -0.0151743 0.405675) 2966
(-0.0088411 -0.0149349 0.405081) 2966
(-0.00908166 -0.0149463 0.403517) 2966
(-0.0080467 -0.0153376 0.405761) 2966
(-0.00617003 0.0186864 0.39732) 3872
(-0.0281207 -0.000745506 0.384816) 1979
(-0.0267555 0.00101921 0.387883) 1978
(-0.0105922 0.0207469 0.389799) 3825
(0.0154399 0.00157229 0.383582) 1078
(0.000983494 -0.0174203 0.394618) 2927
(0.0105349 -0.00909232 0.39499) 264
(0.00373641 -0.0156571 0.395984) 2934
(0.0116871 -0.00674797 0.39591) 264
(0.0113272 -0.00727488 0.395743) 264
(0.0144695 0.0046182 0.384177) 1086
(-0.0252133 -0.00157438 0.390144) 1978
(0.00659229 -0.0152991 0.392941) 2942
(0.0107026 -0.0105491 0.393304) 257
(-0.0209868 0.0107446 0.392475) 1961
(0.0150502 -0.000192166 0.382899) 1078
(-0.018217 0.0121994 0.395243) 2016
(-0.0210127 -0.012231 0.390666) 1993
(0.00686169 -0.0150608 0.394294) 2942
(0.00280668 -0.0159026 0.397519) 2935
(-0.0222267 0.00472068 0.395536) 2025
(-0.00987999 -0.0181968 0.39376) 2912
(-0.0164387 0.0120325 0.401289) 2007
(-0.0219177 -0.00624644 0.395336) 2041
(-0.0129795 -0.0164348 0.393598) 2903
(-0.011728 0.0149859 0.401602) 3886
(0.00048755 -0.0157446 0.400564) 2926
(-0.0177892 -0.00925258 0.401008) 2047
(-0.018008 -0.00882103 0.403159) 2103
(-0.0209702 0.000624269 0.399772) 2032
(-0.0195805 0.000212783 0.403671) 2088
(-0.0145531 -0.0141947 0.404066) 2110
(-0.00845555 -0.0154485 0.401547) 2911
(0.0137623 -0.00320228 0.391933) 1070
(-0.0185992 0.0172363 0.388044) 1953
(0.0150487 0.00320823 0.3816) 1030
(0.00922595 -0.0131072 0.389614) 2886
(-0.00250586 -0.0197798 0.389195) 2864
(0.0138512 -0.00141559 0.393605) 1134
(-0.0235149 0.0112909 0.386423) 1962
(-0.00602237 -0.0202199 0.388927) 2864
(0.0145963 -0.00172267 0.39199) 1078
(-0.0253166 -0.00516989 0.386721) 1986
(-0.0146423 -0.0178341 0.389101) 2848
(0.0152221 0.00122363 0.381231) 1022
(-0.00629165 0.0209614 0.378369) 3760
(0.0143221 -0.000971733 0.391821) 1078
(-0.0227045 0.00903432 0.388945) 1961
(0.00690221 -0.0150854 0.39145) 2886
(-0.015231 -0.0160314 0.391822) 2847
(0.0071868 -0.0147313 0.393507) 2942
(0.0104051 -0.0113183 0.391974) 208
(0.00360017 -0.0156002 0.394914) 2934
(-0.023367 -0.00248229 0.392029) 1977
(-0.0227437 -0.00312711 0.393574) 2041
(-0.0198057 0.00463859 0.397368) 2024
(-0.0028545 -0.0178762 0.394044) 2919
(-0.00898832 -0.0168101 0.395762) 2911
(-0.0112355 -0.0166028 0.394733) 2911
(-0.0186864 -0.00438292 0.401194) 2039
(-0.0132928 -0.0134713 0.401662) 2902
(-0.0199843 0.000115125 0.400787) 2032
(-0.0202474 0.000245938 0.399995) 2032
(-0.0205549 -0.000508565 0.39901) 2032
(-0.019739 5.10908e-05 0.400802) 2032
(-0.0189012 0.00114632 0.402168) 2031
(-0.00793688 -0.0162437 0.398657) 2911
(-0.00849838 -0.0151339 0.400484) 2910
(-0.00712384 -0.0159854 0.399962) 2911
(0.00272286 0.0222496 0.372894) 3697
(0.0144457 -0.00109358 0.39117) 1078
(0.0126231 0.0115314 0.379297) 201
(0.0121126 -0.00684848 0.390799) 215
(0.0122004 -0.00653366 0.391676) 215
(0.0122847 -0.00668652 0.390942) 215
(-0.00529641 -0.0203793 0.387254) 2864
(0.0144656 0.00576936 0.379914) 1030
(0.0142983 0.00611815 0.380723) 1038
(0.0146465 -0.000961701 0.39028) 1078
(0.0112608 -0.00876879 0.391537) 215
(0.0112121 -0.00905576 0.391669) 215
(0.0112597 -0.00970991 0.391641) 208
(0.0112773 -0.00962966 0.391418) 208
(0.0114489 -0.0104057 0.389443) 208
(0.0113394 -0.0104459 0.390214) 208
(0.0112786 -0.0104232 0.390745) 208
(0.0115396 -0.00973111 0.390143) 208
(-0.0107202 0.0184119 0.391942) 3824
(-0.0117324 0.0160993 0.394994) 3887
(0.00357748 -0.0181058 0.389948) 2879
(0.0114616 -0.0102139 0.39019) 208
(0.00631141 -0.0155969 0.390187) 2878
(-0.00784623 -0.0196312 0.38786) 2856
(-0.0172335 -0.0145032 0.390747) 2000
(0.00894167 -0.013304 0.390799) 2886
(-0.022986 -0.00745265 0.38933) 1985
(0.00395562 -0.0158764 0.392432) 2879
(-0.0136156 -0.0176073 0.389643) 2848
(-0.00768042 -0.0188959 0.391605) 2856
(-0.00937448 0.0158872 0.397377) 3879
(-0.00109844 -0.0177428 0.392765) 2927
(-0.0227026 -0.00212453 0.392772) 2033
(-0.00271361 -0.0177907 0.393034) 2919
(-0.017824 -0.0093642 0.397352) 2047
(-0.0140278 0.0140251 0.39744) 2006
(-0.00493182 -0.0155562 0.39795) 2918
(-0.00317511 -0.0169855 0.397209) 2919
(-0.019155 -0.00193673 0.399158) 2032
(-0.0184521 0.00241704 0.400469) 2023
(-0.018584 -0.00558812 0.399058) 2039
(-0.0196894 0.000210164 0.400201) 2032
(-0.0201308 -0.000450888 0.398115) 2032
(-0.0196304 0.000804386 0.398931) 2032
(-0.0186078 0.00246866 0.399807) 2023
(-0.0202378 -0.00127403 0.397577) 2032
(-0.019955 -0.000568674 0.399212) 2032
(-0.020016 -0.000766183 0.399637) 2032
(-0.0186041 -0.00267445 0.4001) 2039
(-0.0186599 0.00172474 0.400247) 2031
(-0.00850221 -0.0152095 0.398729) 2910
(-0.0216105 0.01565 0.381738) 1898
(0.0128777 -0.00652187 0.388398) 1062
(-0.0107977 0.0231697 0.381606) 3769
(0.0154777 0.00360088 0.375945) 1030
(0.0127235 0.0106769 0.378171) 201
(-0.0258791 0.000768632 0.38434) 1978
(0.0148655 -0.000768665 0.389246) 1078
(-0.00553007 0.0188271 0.390715) 3816
(0.0150745 -0.00162122 0.38913) 1078
(0.0117006 -0.00957399 0.389223) 208
(0.011943 -0.00994807 0.387822) 208
(0.0111107 -0.010878 0.388911) 208
(0.0118595 -0.00993963 0.388094) 208
(0.0105587 -0.0117054 0.38818) 208
(0.0100763 -0.0134949 0.38571) 2894
(0.0112904 -0.0106426 0.387933) 208
(0.00711967 -0.0151847 0.38733) 2886
(0.00866744 -0.0134051 0.389524) 2886
(0.00862369 -0.0131265 0.389865) 2886
(0.00507824 -0.0156236 0.389348) 2878
(0.00720173 -0.0149543 0.38936) 2886
(0.00635855 -0.0155867 0.388816) 2886
(-0.0209189 0.00750664 0.389263) 1968
(0.00382755 -0.015844 0.391821) 2879
(-0.0192614 -0.00929465 0.392602) 1992
(-0.0167083 0.0117425 0.394009) 2007
(-0.0221768 -0.00134434 0.392467) 1977
(-0.00220272 -0.0169474 0.394867) 2927
(-0.0174885 -0.00912212 0.395781) 2047
(-0.0179452 -0.00866053 0.397158) 2047
(-0.0185214 -0.0047789 0.397801) 2039
(-0.00384797 -0.0161398 0.395934) 2919
(-0.0203435 -0.000725214 0.395624) 2032
(-0.0185953 0.00175466 0.397693) 2031
(-0.0148636 -0.0134507 0.396366) 2055
(-0.0197029 -0.00132441 0.397858) 2032
(-0.0197917 0.000270303 0.396394) 2032
(-0.00637278 -0.0157268 0.396727) 2919
(-0.00998782 -0.0148992 0.395764) 2910
(-0.00825749 -0.0166557 0.393946) 2911
(-0.00892974 -0.0150675 0.398008) 2910
(0.0108769 -0.0132312 0.382834) 2894
(-0.0232516 -0.0161832 0.377424) 1946
(-0.0219695 -0.0162647 0.37954) 1946
(-0.0277672 0.00119281 0.379173) 1923
(0.0119666 -0.00789817 0.38844) 215
(-0.00269961 0.0228047 0.371552) 3697
(0.0130172 0.0109704 0.375747) 1046
(-0.0237824 -0.011413 0.381671) 1938
(-0.0130529 0.0198386 0.383867) 3825
(-0.00868481 0.0195985 0.386093) 3824
(-0.0180976 0.0148467 0.385744) 1952
(-0.00154722 0.0211142 0.374207) 3752
(0.0152911 -0.000658061 0.384436) 1078
(0.0152365 -0.000839265 0.38586) 1078
(0.0149246 0.00551914 0.375465) 1030
(0.0157521 0.000806729 0.37538) 1022
(0.010494 -0.0120789 0.386932) 208
(0.00705455 -0.0151931 0.386649) 2886
(0.0104041 -0.0136834 0.383766) 2894
(0.0029061 -0.0191507 0.386233) 2880
(0.00726103 -0.0151451 0.387081) 2886
(0.0111831 -0.0107774 0.386831) 208
(0.00743578 -0.0150719 0.386229) 2886
(-0.0201233 -0.0126779 0.385769) 1993
(0.00597091 -0.0154334 0.387253) 2878
(0.0065466 -0.0154658 0.386752) 2886
(0.00421734 -0.0170695 0.388906) 2879
(-0.0223487 0.00173958 0.388953) 1977
(0.00259748 -0.0185693 0.387416) 2879
(-0.0192289 0.000584998 0.396234) 2032
(-0.0201602 0.00113053 0.393796) 2032
(-0.0196952 0.000687114 0.396156) 2032
(-0.0196025 0.000755963 0.395102) 2032
(-0.0200077 -0.000419049 0.39378) 2032
(-0.0125609 -0.0148138 0.391892) 2846
(-0.020008 0.00147216 0.394573) 2032
(-0.0276636 -0.00839592 0.376809) 1931
(0.0102869 0.015625 0.369509) 3679
(0.0127939 -0.00756809 0.384692) 215
(0.00166792 -0.0184585 0.383631) 2871
(0.00304849 -0.0188171 0.384069) 2879
(0.00908172 -0.0134166 0.385111) 2886
(0.00764325 -0.0149915 0.385464) 2886
(0.00991108 -0.0129858 0.384482) 2894
(0.0135514 -0.00701843 0.385375) 1062
(0.0119438 -0.0100708 0.385511) 208
(0.00684524 -0.015335 0.385746) 2886
(0.0114768 -0.0106115 0.383943) 208
(-0.0243384 0.00234377 0.383175) 1977
(0.00626609 -0.016423 0.385029) 2879
(-0.0239714 -0.00296715 0.385408) 1985
(0.00704471 -0.0152311 0.38632) 2886
(0.00732353 -0.0151037 0.385664) 2886
(0.00730796 -0.0151475 0.385022) 2886
(0.00740379 -0.0150936 0.385198) 2886
(-0.0221592 -0.00690224 0.386416) 1985
(-0.00321868 -0.0177362 0.389108) 2863
(-0.0181258 -0.00986263 0.389244) 1992
(-0.00677133 0.0170035 0.390976) 3823
(0.00129255 -0.0161087 0.390491) 2871
(0.00125033 -0.0164968 0.389636) 2871
(-0.0144449 -0.0133395 0.392123) 1998
(-0.0185048 0.000304904 0.395852) 2031
(-0.0197205 -0.000398984 0.392636) 1976
(-0.0198616 -0.00106566 0.392684) 1976
(-0.012125 -0.0136907 0.392982) 2902
(-0.0187514 0.000146021 0.39485) 2031
(-0.00915695 -0.0147845 0.393168) 2910
(-0.00781767 -0.0170162 0.390043) 2855
(-0.00915276 -0.0147327 0.394104) 2910
(-0.0077219 -0.016802 0.390494) 2855
(0.0117602 -0.0122115 0.37956) 159
(0.0150838 -0.00293051 0.381633) 1014
(-0.0262245 -0.0128637 0.374262) 1939
(-0.0183702 0.018044 0.378464) 1897
(0.00580155 -0.015603 0.384607) 2878
(0.00175646 0.0219052 0.368202) 3697
(-0.0167256 -0.0197105 0.377204) 2793
(-0.0219106 0.012167 0.380026) 1905
(0.0149503 -0.0029833 0.385426) 1070
(-0.00600662 0.0188704 0.384806) 3816
(0.0157305 -0.000102147 0.370921) 966
(0.01497 0.00604315 0.371596) 974
(0.0147962 0.00553838 0.371831) 974
(0.00735422 -0.0150245 0.383187) 2886
(0.0154522 0.00361377 0.370964) 974
(0.000708016 -0.0176288 0.387026) 2871
(0.0150692 0.00513933 0.371666) 974
(0.00556705 -0.0171245 0.381937) 2823
(0.00722913 -0.0151524 0.384191) 2886
(0.00673776 -0.0154563 0.384709) 2886
(-0.00369809 -0.0196794 0.383518) 2864
(0.00635663 -0.0158838 0.384055) 2879
(-0.0114858 0.0162112 0.387744) 3831
(0.00521099 -0.0162132 0.384588) 2879
(-0.00837448 0.0154262 0.391515) 3822
(-0.00647011 0.0164594 0.390582) 3815
(0.00411006 -0.0175977 0.386045) 2879
(0.00710964 -0.0151386 0.383184) 2886
(-0.00678306 0.0163911 0.390047) 3823
(0.00418639 -0.0178141 0.385237) 2879
(-0.0167726 -0.0142574 0.386289) 1999
(-0.0103805 -0.0179648 0.385364) 2856
(-0.0188524 -0.00748437 0.390054) 1992
(-0.0198065 -0.00091521 0.390672) 1976
(-0.00349355 -0.0171053 0.389337) 2863
(-0.01819 -0.00824156 0.389181) 1991
(-0.0126921 -0.0135161 0.390301) 2846
(-0.0105645 -0.0152012 0.390706) 2847
(-0.00759129 -0.0169336 0.388853) 2855
(-0.00741118 -0.0165137 0.390917) 2855
(-0.00800213 -0.0174613 0.387434) 2855
(-0.00736709 -0.0166131 0.389432) 2855
(-0.0138345 -0.0223525 0.374573) 2802
(-0.00871749 -0.0215269 0.376632) 2801
(-0.00904154 0.0229749 0.375949) 3769
(-0.00887825 0.0220803 0.376935) 3769
(0.0147508 -0.00380363 0.382448) 1014
(0.0152951 -0.00262707 0.38223) 1014
(0.0131309 -0.00817745 0.381507) 1006
(0.0153395 -0.00159415 0.380704) 1022
(0.0156135 -0.00111729 0.379885) 1022
(0.0146568 0.00747925 0.369953) 982
(-0.00924502 -0.0200558 0.379574) 2800
(0.000905164 -0.0174574 0.384636) 2871
(-0.0229087 -0.0125314 0.376574) 1938
(0.00444307 -0.0179084 0.380746) 2823
(0.015458 0.00472658 0.369066) 974
(-0.0241706 -0.00476779 0.380441) 1929
(-0.022239 0.00740223 0.382102) 1913
(-0.00246172 -0.0192266 0.382299) 2808
(-0.00162608 -0.0179888 0.384707) 2871
(0.00330965 -0.0186055 0.381453) 2823
(0.0101881 -0.012534 0.384092) 208
(-0.0171718 0.0134195 0.383157) 1952
(0.0031812 -0.0182533 0.381437) 2823
(-0.00776607 -0.0178511 0.384975) 2855
(-0.0191476 -0.00617818 0.388284) 1984
(0.000404519 -0.0166701 0.386898) 2871
(-0.0209528 0.00015991 0.387539) 1976
(-0.0197465 -0.000910485 0.389537) 1976
(-0.0196052 -0.000461159 0.390145) 1976
(-0.0195188 -0.000996247 0.390303) 1976
(-0.0192234 -0.000126183 0.39081) 1976
(-0.0115708 -0.0150737 0.387086) 2847
(-0.00858678 -0.0172274 0.386276) 2855
(-0.00916577 -0.0152599 0.388864) 2854
(-0.00755392 -0.0169411 0.387704) 2855
(0.0123636 -0.0131416 0.375326) 2838
(0.0154847 0.00461413 0.36756) 974
(0.0146478 -0.00709588 0.379436) 1006
(0.0146298 -0.00715843 0.378702) 1006
(0.0148762 -0.00654447 0.379307) 1006
(0.0136397 -0.0087676 0.379364) 1006
(0.0150192 -0.00365745 0.380651) 1014
(-0.00952275 -0.02081 0.376237) 2801
(0.0149795 -0.00409034 0.379907) 1014
(0.0148853 -0.0053055 0.380064) 1014
(0.0148283 -0.00491803 0.380681) 1014
(0.0156159 -0.00222448 0.378877) 1014
(0.00628598 -0.0166149 0.379363) 2823
(0.0139575 -0.00838527 0.37909) 1006
(0.013104 0.00999661 0.370256) 990
(0.00633644 -0.0158524 0.381372) 2823
(-0.0091321 -0.0192632 0.379924) 2800
(-0.000631626 -0.017425 0.383954) 2871
(-0.0108633 -0.0170934 0.383236) 2855
(-0.0190581 -0.00580448 0.386826) 1984
(-0.0206459 0.00138048 0.384663) 1976
(-0.00353013 -0.017923 0.384255) 2863
(-7.44951e-05 -0.0169089 0.386186) 2871
(-0.0182412 -0.00858708 0.387151) 1992
(-0.020829 -0.000443063 0.38572) 1976
(-0.0186774 0.000977478 0.388803) 1975
(-0.0100547 -0.0150976 0.387815) 2854
(-0.0194998 0.000525059 0.388564) 1976
(-0.00724498 -0.0163952 0.38749) 2855
(-0.0063065 -0.0157951 0.388285) 2863
(0.0151454 -0.00419211 0.378712) 1014
(-0.0271853 -0.00763855 0.372907) 1931
(0.0156856 -0.00117303 0.375626) 1022
(-0.00757939 0.0227079 0.363609) 3705
(-0.0270426 -0.00158249 0.373404) 1922
(0.0139554 -0.00823426 0.37772) 1006
(0.0142167 0.00949023 0.364775) 982
(-0.0205259 -0.0176831 0.373364) 1946
(0.0154043 -0.0033743 0.377874) 1014
(0.015543 -0.00292879 0.378016) 1014
(0.0157451 -0.00147246 0.377283) 1022
(-0.0146777 -0.0182847 0.377278) 2792
(0.00818078 -0.0153242 0.377675) 2830
(-0.0161403 0.0175776 0.377193) 3776
(0.00586334 -0.0159311 0.380023) 2823
(0.00297768 -0.0187118 0.378169) 2823
(0.00349105 -0.0184348 0.377047) 2823
(-0.00948739 0.0175404 0.380915) 3767
(0.00710281 -0.0154253 0.379531) 2830
(-0.0208195 0.00967018 0.379003) 1905
(-0.000498044 -0.0172902 0.383929) 2871
(-0.0115536 -0.0166489 0.381037) 2791
(-0.0109389 0.0154044 0.383414) 3831
(-0.0148856 0.0140591 0.38275) 1895
(-0.0196384 -0.00627218 0.383994) 1984
(-0.0209085 -0.00105511 0.384505) 1976
(-0.0188695 -0.00671335 0.385145) 1984
(-0.0120355 -0.0150585 0.384614) 2847
(-0.0191156 0.000347569 0.38753) 1976
(-0.0195111 0.000400984 0.386002) 1976
(-0.00976938 -0.0150444 0.385586) 2854
(-0.00783002 -0.017099 0.384089) 2855
(-0.00836026 -0.0171763 0.383425) 2855
(-0.00646594 -0.0166107 0.384579) 2863
(-0.00808887 -0.0171528 0.383029) 2855
(0.0129003 -0.0123496 0.374054) 998
(-0.0289953 0.000406632 0.369332) 1867
(-0.0270074 -0.00753153 0.371643) 1875
(0.0155053 -0.00289396 0.375681) 1014
(-0.0254861 0.00613748 0.373127) 1914
(0.0141981 -0.0077367 0.376333) 1006
(0.0141376 -0.00783523 0.376196) 1006
(-0.00163688 -0.0204099 0.374862) 2816
(-0.0144185 0.0195515 0.373872) 3777
(0.015721 -0.00189889 0.375315) 1022
(0.015719 -0.00173235 0.376121) 1022
(0.0150221 -0.00628999 0.377022) 1006
(0.0157686 0.00423848 0.366304) 974
(0.0155644 0.00462242 0.366474) 974
(0.0155037 0.00537631 0.366524) 974
(-0.0186071 -0.0164707 0.37538) 1945
(0.00258452 -0.0188925 0.375708) 2824
(-0.0213889 -0.00843841 0.378098) 1937
(-0.0125448 -0.0164538 0.379747) 2791
(-0.0165607 -0.0141495 0.380001) 1943
(-0.000884003 -0.0174997 0.381426) 2815
(-0.0112495 0.0152803 0.381296) 3775
(-0.013563 0.0126308 0.384393) 1950
(-0.0182091 0.00717129 0.383175) 1959
(-0.0164209 0.0112183 0.382594) 1895
(-0.0214084 -3.7262e-05 0.381656) 1920
(-0.0212446 0.000151244 0.3821) 1920
(-0.0210849 -9.28824e-05 0.381796) 1920
(-0.00858563 -0.0152077 0.383902) 2854
(-0.0201092 0.000949249 0.383138) 1976
(-0.0185487 -9.9721e-05 0.384685) 1975
(-0.0195585 0.000213754 0.384545) 1976
(-0.0131838 -0.0127683 0.384765) 1998
(-0.019662 -1.50194e-05 0.383833) 1976
(-0.0185754 0.000233593 0.385033) 1975
(-0.00740738 -0.0168336 0.383803) 2855
(-0.00503618 -0.0167982 0.383024) 2863
(-0.00632735 -0.0161645 0.385494) 2863
(-0.00564345 -0.0163401 0.383709) 2863
(-0.0288091 -0.00549665 0.369045) 1875
(-0.0132795 -0.0227952 0.367914) 2746
(0.0138411 -0.0117313 0.371958) 942
(-0.028049 -0.00614628 0.36874) 1875
(0.0156771 0.00597204 0.363645) 974
(0.0149966 0.0104979 0.360236) 934
(0.0132175 0.0115248 0.362948) 934
(0.0157857 -0.00144395 0.374505) 1022
(-0.0251052 -0.00502759 0.373136) 1930
(-0.0132969 -0.0189459 0.374483) 2792
(0.00475913 -0.0177077 0.375578) 2823
(-0.0109278 -0.0188758 0.374507) 2800
(-0.0184626 0.0133613 0.375082) 1896
(-0.0240644 -0.00088422 0.375834) 1921
(-0.019904 -0.0108654 0.376212) 1936
(-0.00867149 0.0188814 0.376235) 3768
(-0.0239046 0.00321171 0.374903) 1913
(-0.0105055 0.0170555 0.377271) 3767
(0.00684671 -0.0160137 0.376418) 2831
(0.00503156 -0.0171527 0.376291) 2823
(0.0069431 -0.0155754 0.375665) 2830
(-0.0149929 0.0103768 0.381932) 1902
(-0.012833 0.0121422 0.382418) 195
(-0.01965 -0.00575939 0.380373) 1928
(-0.0217351 -0.000535995 0.377972) 1920
(-0.0214655 -0.00025415 0.379003) 1920
(-0.0210695 -0.000359431 0.379902) 1920
(-0.00863457 -0.0154589 0.382222) 2799
(-0.00847716 -0.0168119 0.380511) 2799
(-0.021187 -0.000475082 0.379577) 1920
(-0.0209103 0.000202829 0.38021) 1920
(-0.0186755 -0.00505449 0.383429) 1984
(-0.00979473 -0.0157569 0.380351) 2799
(-0.00860901 -0.0157846 0.381842) 2799
(-0.0197792 0.000928784 0.381757) 1920
(-0.0153871 -0.0113651 0.381361) 1943
(-0.00324829 -0.0182196 0.37954) 2807
(-0.00704726 -0.0167459 0.382573) 2799
(-0.0195034 0.0014217 0.382912) 1976
(-0.019729 -1.86734e-05 0.381541) 1920
(-0.00200283 -0.0181494 0.380315) 2815
(-0.0189125 -0.0019114 0.38261) 1920
(-0.00959486 -0.016108 0.380011) 2799
(-0.00712222 -0.0170463 0.380744) 2799
(-0.0066743 -0.0164472 0.38404) 2855
(-0.0293427 -0.000267999 0.367242) 1867
(-0.0196969 -0.0196116 0.367576) 1890
(-0.0012895 -0.0210447 0.370928) 2760
(0.0154484 0.00597746 0.361304) 918
(0.0159029 -0.00206764 0.372548) 967
(-0.023473 -0.011088 0.370153) 1882
(-0.00433206 0.0214182 0.36142) 3648
(-0.00334441 -0.0209653 0.371432) 2752
(-0.0242662 -0.005257 0.372518) 1873
(0.0118194 -0.0145857 0.370403) 2782
(-0.0190165 -0.0182118 0.369604) 1889
(-0.0128722 0.0171282 0.374811) 3775
(0.014598 -0.00716271 0.3733) 1006
(-0.00792944 -0.0189324 0.375047) 2800
(0.00562806 -0.0163209 0.376532) 2823
(-0.0108038 0.0163631 0.376169) 3767
(0.00614608 -0.0160795 0.374545) 2823
(-0.0162478 0.0117643 0.377184) 1895
(-0.00752105 -0.0174233 0.378557) 2799
(-0.015328 0.0129466 0.377277) 1895
(-0.0212315 0.00156218 0.378096) 1920
(-0.0145407 0.0103623 0.380668) 1894
(-0.0189029 0.007806 0.379) 1904
(-0.0215414 -0.000150804 0.377833) 1920
(-0.0181396 0.00914376 0.378588) 1904
(-0.0208966 0.000601126 0.37857) 1920
(-0.0210647 0.000409299 0.378414) 1920
(-0.0210927 0.000329748 0.377667) 1920
(-0.00863577 -0.0164729 0.379995) 2799
(-0.0085317 -0.0166405 0.379565) 2799
(-0.00845767 -0.0165907 0.379939) 2799
(-0.00866433 -0.016517 0.379807) 2799
(-0.00922956 -0.0158202 0.380009) 2799
(-0.00885632 -0.0165696 0.378815) 2799
(-0.00851002 -0.0155153 0.380599) 2799
(-0.0187066 0.00102752 0.381103) 1919
(-0.00839698 -0.0167258 0.379763) 2799
(-0.00769099 -0.0172745 0.379423) 2799
(-0.0188238 -0.000145596 0.381234) 1919
(-0.0109487 -0.0151593 0.380046) 2791
(-0.00965578 -0.0158932 0.379909) 2799
(-0.018687 -0.00142244 0.381032) 1919
(-0.00985459 -0.0151014 0.382005) 2798
(-0.00644309 -0.016366 0.382151) 2807
(0.0145137 -0.00818732 0.369416) 950
(0.015637 0.00298392 0.362459) 918
(0.0139034 -0.0139932 0.366989) 2782
(0.0156371 -0.00238598 0.372445) 958
(0.0140978 -0.00866572 0.372767) 950
(0.00719431 -0.0156189 0.37257) 2775
(-0.0214245 0.00870185 0.372164) 1849
(-0.0232379 0.00312168 0.372114) 1857
(0.00320788 -0.0180766 0.372492) 2767
(0.00358284 -0.0178862 0.373132) 2823
(-0.00554472 -0.0174864 0.376529) 2807
(-0.0137854 0.0112695 0.379613) 1894
(-0.00853666 -0.0168178 0.377757) 2799
(-0.0177263 -0.0103312 0.375625) 1935
(-0.0129733 -0.0150897 0.375767) 2791
(-0.0204116 0.00020035 0.377255) 1920
(-0.00895668 -0.0167831 0.376351) 2799
(-0.0139768 -0.0125296 0.37897) 1942
(-0.0129739 -0.0130863 0.378465) 2790
(-0.00215925 -0.018693 0.376285) 2815
(-0.0190259 -0.00356032 0.378367) 1928
(-0.00853474 -0.0168877 0.377437) 2799
(-0.0187096 -0.00141671 0.380366) 1919
(-0.00529116 -0.0168426 0.378755) 2807
(-0.00543362 -0.0168128 0.378036) 2807
(-0.00716208 -0.0165282 0.37838) 2799
(0.0140832 -0.0119149 0.366383) 942
(0.0139838 -0.0118314 0.367959) 942
(-0.00236612 -0.0218724 0.367665) 2760
(-0.0250782 -0.013115 0.36587) 1882
(-0.00930708 -0.023135 0.36623) 2745
(0.010947 0.0160223 0.356768) 3623
(-0.00993947 -0.0224037 0.36632) 2745
(0.0150864 -0.00497172 0.369516) 958
(0.0156466 0.00449719 0.359558) 918
(0.00323806 -0.0188349 0.369702) 2768
(-0.0120549 -0.0193609 0.370342) 2744
(0.0155759 0.00020398 0.359454) 910
(-0.0232785 0.00541358 0.369455) 1857
(-0.00199831 -0.0186028 0.371763) 2759
(0.00614144 -0.0162727 0.371124) 2767
(-0.0210469 0.00877108 0.371616) 1849
(0.00364851 -0.0181133 0.371004) 2767
(-0.014277 0.0115473 0.376708) 1894
(-0.00126866 -0.0182536 0.374085) 2815
(-0.00821332 -0.0171856 0.374283) 2799
(-0.0203549 5.88964e-06 0.375977) 1920
(-0.00912328 -0.0160427 0.37653) 2799
(-0.0205493 -0.000642937 0.374798) 1920
(-0.0154578 -0.0130092 0.376233) 1943
(-0.0119736 -0.0153142 0.374492) 2791
(-0.0190053 0.000973371 0.377003) 1920
(-0.0204839 -0.0016207 0.375794) 1920
(-0.00935991 -0.0167842 0.373554) 2799
(-0.010432 -0.0152727 0.376635) 2799
(-0.00966399 -0.0154348 0.376397) 2799
(-0.00734604 -0.0169113 0.377065) 2799
(-0.00731623 -0.0169514 0.377172) 2799
(-0.00714365 -0.0168125 0.37602) 2799
(-0.00732003 -0.016665 0.376687) 2799
(0.0141375 -0.0123389 0.365377) 942
(-0.0228138 -0.0180339 0.363685) 1890
(0.0140853 -0.0119468 0.365347) 942
(0.0140744 -0.0117944 0.366097) 942
(0.0143273 -0.0134281 0.365463) 942
(-0.0081341 0.0219527 0.366014) 3705
(0.0147355 -0.00766735 0.368014) 950
(0.0130024 -0.0109055 0.369093) 942
(0.0067114 -0.0166507 0.370008) 2775
(0.0163042 -0.00146284 0.368741) 967
(0.0151952 -0.005146 0.367942) 958
(0.0152732 0.00830465 0.35818) 926
(-0.0115477 0.0177412 0.369788) 3712
(-0.00682593 0.0198632 0.358127) 3648
(-0.00507254 -0.0196583 0.368935) 2752
(0.0141681 -0.00879015 0.370193) 950
(-0.0109572 -0.0180191 0.369906) 2744
(0.00818699 -0.0157591 0.368699) 2775
(-0.0211402 -0.00709454 0.371662) 1872
(-0.0101167 0.0172945 0.370349) 3711
(-0.0088695 0.0153719 0.373617) 3766
(0.00726617 -0.0155559 0.370935) 2775
(0.0066014 -0.0166255 0.369817) 2767
(-0.0159281 -0.0142979 0.372317) 1887
(-0.0152956 0.0106576 0.373873) 1895
(-0.00513468 -0.0172859 0.373449) 2807
(0.00197356 -0.0186073 0.370885) 2759
(-0.0198377 -0.00650717 0.373586) 1928
(-0.00832766 -0.0172834 0.372868) 2743
(-0.0190956 -0.00854656 0.372012) 1880
(-0.0060241 -0.0168574 0.374834) 2807
(-0.00700513 -0.0170424 0.374313) 2799
(0.0149161 -0.0125326 0.36239) 887
(0.0042328 -0.0182543 0.366346) 2767
(0.000882587 -0.0205652 0.365325) 2760
(-0.0273749 -0.00459214 0.363886) 1874
(-0.0257162 0.00694297 0.36376) 1858
(-0.0271855 -0.00322071 0.363809) 1874
(0.0156861 -0.00274636 0.367858) 958
(-0.0184389 0.0164217 0.36444) 1841
(0.00388251 -0.0180512 0.367161) 2767
(0.0162299 -0.0018553 0.36728) 967
(0.015729 0.00539449 0.355772) 919
(-0.0158066 -0.0188743 0.36453) 2737
(0.0155871 0.000617335 0.356869) 910
(-0.0213748 -0.009152 0.36851) 1881
(-0.0180529 -0.0145471 0.368083) 1888
(-0.0242551 0.00257225 0.366409) 1865
(-0.00630037 0.0184717 0.369315) 3703
(0.00486086 -0.017337 0.368995) 2767
(-0.0128182 -0.0158726 0.369433) 2735
(-0.0130331 0.0147882 0.370787) 3719
(-0.00926084 -0.0171031 0.371259) 2743
(-0.0199887 0.000554969 0.372029) 1864
(-0.0195176 0.00302757 0.37275) 1856
(-0.0211039 -0.00180423 0.370543) 1864
(-0.0202782 -0.000976562 0.370505) 1864
(-0.00889353 -0.0175394 0.369874) 2743
(-0.0208678 -0.00292012 0.370099) 1872
(-0.0111155 -0.0152509 0.371076) 2735
(-0.00994451 -0.0152141 0.371305) 2742
(-0.0100889 -0.0165054 0.369865) 2743
(-0.0074809 -0.0173274 0.371214) 2743
(-0.00943839 -0.0155748 0.372298) 2743
(-0.00598442 -0.016755 0.373832) 2807
(-0.00583293 -0.0169292 0.372036) 2751
(-0.00693412 -0.0172686 0.371939) 2743
(0.0161108 -0.00305411 0.365068) 959
(-0.0244615 -0.0115541 0.362489) 1826
(0.015551 -0.000844541 0.354763) 910
(-0.00559393 -0.0221316 0.363392) 2753
(-0.0196873 -0.0155643 0.363571) 1889
(0.015558 0.00689929 0.354017) 926
(0.0157964 -0.00271908 0.366336) 958
(0.0156291 -0.00468005 0.364057) 958
(-0.014342 0.019085 0.363026) 3720
(0.0162188 -0.00174752 0.364688) 967
(-0.00983862 -0.0207291 0.364114) 2745
(0.0155275 0.00365629 0.354295) 918
(0.0145658 -0.00830118 0.36532) 950
(-0.0154156 -0.0163815 0.366682) 2735
(-0.015299 -0.0169727 0.366091) 2736
(-0.00689074 -0.019553 0.365695) 2752
(0.0122627 -0.0113595 0.366726) 110
(-0.0185613 0.0122393 0.366708) 1848
(0.000260783 0.0186591 0.355209) 3639
(-0.00370031 -0.0180697 0.368422) 2751
(-0.0125567 0.0163351 0.367509) 3719
(-0.0104621 -0.0180771 0.36719) 2744
(0.00486222 -0.0173859 0.367051) 2767
(-0.0164876 0.0112353 0.368269) 1847
(-0.0175794 -0.0104341 0.369728) 1879
(-0.0107972 -0.0151388 0.369673) 2734
(-0.0211632 -0.00238987 0.367985) 1864
(-0.0208194 -0.00175943 0.368752) 1864
(-0.0189071 -0.00164028 0.370893) 1863
(-0.0110521 -0.0153866 0.370884) 2735
(-0.0190485 -0.000978131 0.370999) 1864
(-0.00639747 -0.0169743 0.371185) 2751
(-0.0190128 -0.00222029 0.370682) 1864
(-0.00626291 -0.016907 0.370899) 2751
(-0.00624546 -0.0168828 0.371619) 2751
(0.0156055 -0.00131992 0.354281) 910
(0.0145428 -0.010668 0.360645) 886
(-0.0146578 -0.0219331 0.35946) 2682
(-0.00871964 0.0216435 0.361352) 3657
(0.0149429 0.010571 0.350388) 878
(0.014146 -0.0104153 0.36501) 942
(0.00042393 -0.0206042 0.362192) 2704
(-0.0100656 -0.0201478 0.363122) 2744
(0.0155309 -0.00633039 0.362758) 894
(-0.0165863 0.0151178 0.364927) 1840
(0.0141377 -0.0099444 0.36383) 942
(-0.0201497 0.00802151 0.365049) 1848
(-0.0158822 -0.0142573 0.366156) 1887
(-0.0230867 0.00011731 0.363794) 1865
(0.00350405 -0.0180156 0.365099) 2767
(-0.0191058 -0.00840331 0.366384) 1880
(-0.0208172 -0.00170171 0.367556) 1864
(-0.000483186 -0.0184786 0.366197) 2759
(-0.0104597 -0.0167126 0.366674) 2743
(-0.0195208 -0.00126793 0.367111) 1864
(-0.00598351 -0.0168757 0.36935) 2751
(0.0155681 -0.00677075 0.360962) 894
(0.0155592 -0.0114117 0.358876) 887
(0.0156155 -0.00547311 0.36122) 902
(0.00815002 -0.0165124 0.36193) 2719
(0.0141637 -0.0115966 0.359718) 886
(-0.0209039 -0.019469 0.358294) 1834
(-0.0205441 0.0152837 0.360306) 1785
(-0.0259988 0.00601066 0.359832) 1802
(0.0157361 -0.00390952 0.360502) 902
(-0.016388 0.0193989 0.35909) 3665
(0.0150935 0.00926174 0.349467) 870
(0.0158219 -0.00353375 0.362416) 903
(0.0124142 -0.0148085 0.360173) 2726
(-0.0241584 -0.00813764 0.361305) 1818
(-0.0230813 -0.00985828 0.361198) 1825
(-0.0101573 -0.0206154 0.360605) 2689
(0.0155897 0.00232745 0.351719) 862
(0.0151035 -0.00693549 0.3621) 894
(-0.0223857 0.00751396 0.36119) 1801
(0.00924105 -0.0154419 0.363036) 2775
(-0.0148254 0.0121661 0.365633) 1838
(-0.0146924 -0.0133613 0.366631) 1886
(-0.0179963 0.00973933 0.363352) 1848
(-0.0151874 0.0116571 0.365689) 1839
(-0.0197824 -0.00805973 0.363929) 1880
(-0.0101935 -0.0168294 0.364285) 2743
(-0.00396491 -0.0176921 0.363838) 2751
(-0.0104592 -0.0152449 0.366709) 2743
(-0.00353241 -0.0180093 0.364049) 2751
(-0.0101111 -0.0176792 0.363975) 2743
(-0.0188448 -0.00235381 0.366002) 1863
(-0.0191295 -0.00255875 0.365612) 1872
(-0.00746311 -0.0175776 0.364933) 2743
(-0.00593918 -0.0170136 0.365285) 2751
(-0.00548381 -0.0169556 0.365916) 2751
(-0.00616922 -0.016862 0.36689) 2751
(-0.0058598 -0.0167667 0.366768) 2751
(-0.0136072 -0.0227594 0.35728) 2690
(-0.0217782 0.012236 0.358454) 1793
(0.0036177 -0.0188108 0.360679) 2712
(-0.00426183 -0.021934 0.359534) 2697
(0.0157568 -0.0024828 0.361006) 902
(0.0159099 -0.00250988 0.360418) 903
(0.0158929 -0.00170675 0.359507) 910
(-0.0203267 -0.0131086 0.359956) 1825
(0.0137667 -0.0133972 0.358082) 886
(-0.0249069 -0.00461511 0.360291) 1818
(-0.0152611 0.0177937 0.359994) 3664
(-0.0106156 0.0177051 0.361959) 3655
(0.0157744 -0.0014519 0.350973) 854
(-0.00642019 0.0176358 0.362474) 3647
(-0.0122476 0.0161294 0.361675) 3663
(-0.0103612 0.0166263 0.361853) 3655
(0.00331467 -0.0182164 0.361468) 2711
(-0.00311596 -0.018487 0.361703) 2695
(-0.00951241 -0.018044 0.361363) 2688
(-0.00979167 -0.0175184 0.362805) 2687
(-0.0192522 -0.00282313 0.364106) 1872
(-0.0191906 -0.00350727 0.365063) 1872
(-0.0189682 0.0016737 0.363468) 1864
(-0.00265605 -0.0188614 0.36205) 2695
(-0.010412 -0.0152983 0.365166) 2743
(-0.0187849 -0.0028578 0.363667) 1871
(-0.0192245 -0.00315286 0.364451) 1872
(-0.0196092 -0.00308968 0.363615) 1872
(-0.00731981 -0.0174282 0.365024) 2743
(0.0141645 -0.0115447 0.357319) 886
(0.0156256 0.0050981 0.348432) 862
(-0.00868466 0.021002 0.35706) 3657
(0.0161415 -0.00483914 0.358123) 903
(-0.0263129 -0.00126031 0.357167) 1810
(-0.0152586 -0.0192125 0.357953) 2681
(0.00354579 -0.0180713 0.359322) 2711
(0.0163093 -0.00586519 0.357645) 903
(0.00552544 -0.0168818 0.360433) 2711
(-0.0109087 0.0167171 0.360156) 3655
(-0.0114723 -0.0182974 0.359397) 2688
(-0.00663858 0.0175044 0.360567) 3647
(0.00514695 -0.0170933 0.360125) 2711
(-0.0190108 -0.00879126 0.361007) 1824
(-0.0218878 0.000628607 0.360336) 1809
(-0.0192683 -0.00819086 0.361823) 1824
(-0.0168093 -0.0100328 0.362655) 1823
(-0.00235055 -0.0189049 0.360361) 2703
(-0.0191136 -0.00309571 0.362274) 1816
(-0.0192854 -0.0027222 0.362006) 1816
(-0.0098146 -0.0163602 0.362148) 2687
(-0.00544136 -0.0168441 0.363724) 2751
(-0.00583782 -0.0167685 0.361958) 2695
(0.0155355 -0.00998449 0.35576) 895
(-0.0161527 0.0214732 0.354253) 3666
(-0.00962987 -0.0239202 0.355111) 2690
(0.01623 -0.00329085 0.358043) 903
(0.0158538 -0.00513742 0.356628) 903
(-0.0250298 -0.00718295 0.356902) 1818
(-0.0178277 0.0160171 0.357214) 1784
(-0.0237926 -0.005065 0.356981) 1817
(-0.00335058 -0.0201891 0.357897) 2696
(-0.0101261 0.0150925 0.359266) 3654
(-0.0111206 0.0163445 0.358204) 3655
(-0.0106104 0.0154285 0.359859) 3655
(-0.0105776 0.0155026 0.359251) 3655
(-0.0183845 0.00827302 0.360158) 1792
(-0.020259 0.0017056 0.359817) 1808
(-0.0150256 -0.0130207 0.360941) 1831
(-0.0193466 -0.00414698 0.360202) 1816
(-0.0187772 0.00275395 0.360948) 1799
(-0.0192913 0.00147147 0.359927) 1808
(-0.0085674 0.0213562 0.354351) 3657
(0.0159997 -0.00425443 0.356547) 903
(-0.0134224 0.0187589 0.355623) 3664
(0.0155295 -0.00461411 0.355197) 902
(-0.0222487 -0.0100659 0.35526) 1825
(0.0152081 0.00787748 0.34563) 870
(0.014617 -0.00787109 0.356132) 894
(0.0150665 -0.00740934 0.355973) 894
(0.00821427 -0.0161634 0.357078) 2719
(-0.0112267 0.0173181 0.356725) 3655
(-0.0106915 -0.0182308 0.356598) 2688
(0.00211398 -0.0191867 0.356368) 2704
(-0.00586939 0.019451 0.345445) 3592
(-0.00871413 -0.0169911 0.35835) 2687
(-0.0159013 -0.0149838 0.358053) 1831
(-0.0211438 0.00607084 0.356369) 1800
(-0.0126118 -0.0155881 0.358243) 2679
(-0.0211116 -0.00182807 0.358477) 1808
(-0.0173431 0.0113244 0.357399) 1791
(-0.00958416 -0.0155381 0.359678) 2687
(-0.00891011 -0.0162955 0.359237) 2687
(-0.000529767 -0.0182862 0.35808) 2703
(-0.0128812 -0.0137204 0.359741) 2678
(-0.00566465 -0.0167078 0.360209) 2695
(-0.00975984 -0.015209 0.359554) 2686
(-0.00628849 -0.0166085 0.358998) 2695
(-0.00776075 -0.0162453 0.359769) 2687
(-0.0265436 -0.0110777 0.35223) 1771
(-0.0227968 -0.0184284 0.352183) 1779
(0.0146913 -0.0138623 0.352819) 831
(0.016232 -0.00527331 0.353635) 903
(0.0144143 -0.0105664 0.353589) 886
(0.00215329 -0.0198476 0.355045) 2704
(0.0111866 -0.0145464 0.354389) 2726
(-0.0103844 0.0149472 0.355724) 3662
(-0.0155213 -0.0153697 0.356808) 1831
(-0.0227936 0.00224495 0.355644) 1809
(-0.0216524 -1.75813e-05 0.356242) 1808
(-0.0201777 -0.00313256 0.357265) 1816
(-0.0194062 -0.00387489 0.35732) 1816
(-0.0144652 -0.0135043 0.356914) 1830
(-0.0171334 -0.0112054 0.356433) 1823
(-0.00197651 -0.0185131 0.355933) 2703
(-0.00696736 -0.0172175 0.358036) 2687
(-0.00688229 -0.0169867 0.357064) 2687
(-0.00610704 -0.0166101 0.358273) 2695
(-0.0143303 -0.0217174 0.352016) 2625
(-0.0254878 -0.0109148 0.352118) 1770
(0.00240219 -0.0193116 0.354211) 2704
(0.014782 -0.00875103 0.35361) 894
(0.0139169 -0.0102103 0.353699) 886
(-0.0179155 -0.0151309 0.35346) 1832
(-0.0229108 -0.00501248 0.354115) 1817
(-0.0114468 0.0173275 0.353286) 3655
(0.00552474 -0.0168481 0.354225) 2711
(-0.0143371 0.0143226 0.355031) 1782
(-0.0183964 0.00765229 0.355497) 1792
(-0.0202587 0.00382873 0.354568) 1800
(-0.0192055 -0.00819027 0.355586) 1824
(-0.00552638 -0.0168139 0.356041) 2695
(-0.0195719 -0.00291063 0.355223) 1816
(-0.0182359 -0.000908556 0.356954) 1807
(-0.0180402 -0.000785013 0.356233) 1807
(-0.0186689 -0.00233527 0.35588) 1807
(-0.0137121 0.0227747 0.349807) 3602
(-0.00471593 -0.0249633 0.350283) 2642
(0.0145383 -0.0110596 0.35116) 830
(0.0163007 -0.00488139 0.352257) 847
(0.013984 -0.0112099 0.351267) 830
(-0.00317573 -0.0216571 0.352091) 2640
(0.0146083 -0.00845947 0.351793) 838
(0.0153985 0.003558 0.342558) 806
(-0.0165245 0.0146021 0.35299) 1727
(0.0153842 -0.00636902 0.352796) 838
(0.0078108 -0.0167191 0.35249) 2663
(0.00209615 -0.0191421 0.352886) 2648
(-0.000536921 -0.0180883 0.353437) 2703
(-0.0192927 0.000876335 0.353905) 1808
(-0.00230207 -0.0182718 0.353552) 2703
(-0.00830041 -0.0168978 0.353611) 2687
(-0.0198121 -0.00194271 0.354336) 1808
(-0.0100485 -0.0154182 0.353801) 2687
(-0.00253362 -0.0182694 0.353187) 2695
(-0.0176511 0.00171006 0.354453) 1807
(-0.0181569 -0.00171433 0.355593) 1807
(0.0156376 -0.00848183 0.350877) 839
(-0.0208101 -0.0178839 0.349899) 1778
(-0.00965506 -0.0229248 0.349597) 2633
(-0.0248675 -0.00652707 0.350097) 1762
(0.0161833 -0.00590499 0.351088) 847
(0.0157017 -0.0014378 0.341914) 798
(0.00639833 -0.0174338 0.351626) 2655
(-0.0172478 0.013856 0.351379) 1728
(0.000406498 -0.0196205 0.351591) 2648
(-0.00860595 -0.0174816 0.35264) 2631
(-0.00567453 0.015737 0.351812) 3591
(-0.0199406 -0.000163576 0.353255) 1808
(-0.00564755 -0.0168641 0.352768) 2639
(-0.0181615 0.00137888 0.353814) 1807
(-0.0175408 0.00159364 0.35356) 1807
(-0.0152359 -0.00977736 0.353228) 1822
(-0.017424 0.000240612 0.353326) 1807
(-0.00775514 -0.0161946 0.353658) 2687
(-0.0172437 -0.0208204 0.349126) 2626
(-0.0125902 0.0210755 0.349416) 3601
(0.0102148 -0.0147992 0.349378) 2662
(0.0146378 -0.0090734 0.349572) 838
(0.0153498 0.000953272 0.340862) 798
(0.0158192 -0.00630223 0.349357) 847
(0.0161356 -0.00594405 0.349368) 847
(0.00811619 -0.0162553 0.349959) 2663
(-0.0108997 0.017837 0.350342) 3600
(-0.00314453 0.0163584 0.350427) 3591
(-0.0166208 -0.00966101 0.351174) 1767
(-0.0199401 0.000391378 0.35191) 1752
(-0.00247144 -0.0182285 0.350523) 2639
(-0.0198803 -6.79309e-05 0.350693) 1752
(-0.00780687 -0.0170802 0.35112) 2631
(-0.00196906 -0.0180836 0.350908) 2647
(-0.0175915 -0.000965783 0.352912) 1751
(-0.0182724 -0.00230134 0.351838) 1751
(-0.00715393 -0.0168934 0.351793) 2631
(0.000746045 -0.0230688 0.348082) 2649
(-0.0169747 0.0208729 0.347101) 3610
(-0.00428371 -0.0231918 0.348315) 2641
(0.0153418 0.00813112 0.339128) 814
(-0.0159721 -0.0184323 0.348338) 2624
(0.0144989 -0.00784744 0.349149) 838
(-0.021205 -0.0102548 0.348209) 1769
(-0.00535167 -0.0200543 0.348493) 2640
(0.0133456 -0.0103559 0.348921) 830
(-0.0151946 0.0109595 0.350259) 1727
(-0.0124096 -0.014107 0.350629) 2622
(-0.00246685 -0.0182974 0.349314) 2639
(-0.00250757 -0.0181851 0.350172) 2639
(-0.0100793 -0.0147807 0.350494) 2630
(-0.0176799 -0.00165818 0.350566) 1751
(0.0163375 0.000234862 0.338176) 799
(0.0127698 -0.0141237 0.347124) 2670
(-0.0199769 -0.0165261 0.346975) 1777
(-0.0196975 0.0115428 0.34716) 1736
(0.00318886 -0.0180602 0.348316) 2655
(-0.0112273 0.0171451 0.347733) 3599
(-0.010758 0.0152187 0.348656) 3607
(-0.00372172 0.0156503 0.348396) 3590
(-0.0203707 -0.00193762 0.34804) 1752
(-0.0189954 0.000753477 0.348405) 1752
(-0.0100044 -0.0148751 0.349349) 2630
(0.0160177 0.00483635 0.337189) 807
(0.0156745 0.00295358 0.336647) 806
(0.00548324 -0.0187814 0.347048) 2656
(0.0074766 -0.0183298 0.346844) 2663
(0.0153785 -0.00278673 0.346996) 846
(0.0147834 -0.00655703 0.346995) 838
(-0.0128208 -0.019286 0.346754) 2632
(0.0160825 -0.00524643 0.34653) 847
(-0.0142679 0.0170183 0.346958) 3608
(0.0152229 0.00456878 0.336652) 806
(-0.0229921 0.001818 0.346977) 1753
(-0.0119971 0.0148697 0.347493) 3606
(0.014306 -0.00801244 0.346368) 838
(0.00743982 -0.0168643 0.346808) 2663
(-0.00479737 0.0195876 0.336299) 3550
(0.00566604 -0.016983 0.346788) 2655
(-0.017971 -0.01036 0.347328) 1768
(-0.0173983 0.0106979 0.34653) 1735
(-0.013911 -0.0151298 0.347799) 2623
(-0.0174729 -0.00358216 0.348245) 1759
(-0.0184722 0.000835384 0.347183) 1751
(-0.00374009 -0.0181681 0.347537) 2639
(-0.0191647 0.000673546 0.347626) 1752
(-0.00886341 -0.0167012 0.347881) 2631
(-0.0173469 -0.00194702 0.347394) 1751
(-0.0213778 0.01445 0.345142) 1729
(0.0155069 0.00769855 0.335597) 815
(-0.00426095 -0.0228943 0.345791) 2641
(0.0159918 0.00391754 0.335428) 807
(0.0101589 -0.0144479 0.345575) 2670
(0.0143152 -0.00808262 0.345618) 838
(-0.01517 -0.0138813 0.346213) 1775
(0.00055968 -0.0188003 0.34635) 2647
(-0.0114602 0.0205282 0.344879) 3601
(-0.012562 0.0193113 0.344168) 3600
(0.0132447 -0.0127659 0.344253) 830
(-0.0165528 -0.0207582 0.344576) 2625
(0.0160422 -0.00428066 0.34488) 847
(0.0144615 -0.00735801 0.345252) 838
(-0.0230042 -0.00531237 0.345163) 1761
(-0.0214085 -0.00903086 0.344916) 1769
(-0.0112737 0.0155763 0.345102) 3607
(0.0142205 -0.00844094 0.344525) 838
(-0.00453194 0.017788 0.344316) 3591
(0.00477391 -0.0174134 0.345317) 2655
(-0.020446 -0.00731299 0.345338) 1760
(-0.0206834 0.000683623 0.345214) 1752
(-0.0145897 -0.0132392 0.345116) 1774
(-0.0174433 -0.00295051 0.344699) 1759
(0.0156868 -0.0106726 0.344097) 839
(0.016581 -0.00382707 0.343426) 847
(0.0160312 -0.00698952 0.343496) 839
(0.0105509 -0.0149674 0.343612) 2670
(-0.0238409 -0.0114286 0.343278) 1770
(-0.0175213 -0.01697 0.343812) 1776
(0.0126398 -0.0119077 0.343544) 12
(0.0155682 -0.00276136 0.343959) 846
(0.0144943 -0.00907786 0.343551) 838
(-0.0154717 0.0144777 0.344203) 1727
(-0.0109144 0.016258 0.343929) 3599
(0.000753084 -0.0189437 0.343327) 2648
(0.0055332 -0.0172276 0.343803) 2655
(-0.0181963 -0.0085717 0.343319) 1768
(-0.00748741 -0.0166373 0.343725) 2631
)


// ************************************************************************* //
