/*--------------------------------*- C++ -*----------------------------------*\
| =========                 |                                                 |
| \\      /  F ield         | OpenFOAM: The Open Source CFD Toolbox           |
|  \\    /   O peration     | Version:  plus.master.MPPICInterFoam            |
|   \\  /    A nd           | Web:      www.OpenFOAM.com                      |
|    \\/     M anipulation  |                                                 |
\*---------------------------------------------------------------------------*/
FoamFile
{
    version     2.0;
    format      ascii;
    class       vectorField;
    location    "3.4/lagrangian/kinematicCloud";
    object      UCorrect;
}
// * * * * * * * * * * * * * * * * * * * * * * * * * * * * * * * * * * * * * //


2103
(
(-5.08316e-06 -2.80163e-06 0.000422767)
(-0.00104797 -0.000992876 -1.9351e-10)
(-2.43547e-05 5.20556e-05 1.94028e-06)
(4.15627e-05 1.99803e-05 7.61491e-07)
(-1.21555e-05 -5.29455e-06 1.84189e-06)
(1.10401e-07 -1.10187e-06 0.000675866)
(-0.000684481 -0.000363403 -9.06371e-07)
(-0.000675264 -0.000379665 -9.06371e-07)
(-5.63627e-06 -2.01787e-06 3.49311e-06)
(1.44843e-05 2.16509e-06 3.44617e-06)
(-5.67806e-06 5.01481e-08 2.37616e-06)
(0.00302604 0.00307904 1.92705e-06)
(-8.11564e-05 -0.00219327 2.11092e-06)
(0.000125383 -4.32443e-05 -1.62855e-05)
(-0.000186161 7.77763e-07 2.50588e-06)
(-0.000185233 -8.88669e-06 2.9002e-06)
(-1.40762e-06 4.69857e-06 -3.83922e-06)
(-1.38581e-06 -4.24209e-06 -1.84299e-06)
(-0.000803816 -0.000178481 -3.00309e-08)
(0.000402668 0.000712079 -7.2378e-08)
(-0.000803816 -0.000178481 8.19949e-07)
(0.000145716 -0.00101634 -1.9351e-10)
(-4.0194e-05 -1.07104e-05 -1.16197e-06)
(0.00242404 0.00368105 -3.31782e-07)
(6.03081e-06 4.94645e-07 0.000422767)
(0.00183829 0.00327451 1.36979e-06)
(-0.000324617 -0.000115121 4.17028e-07)
(0.00242404 0.00368105 3.84464e-06)
(-0.000135426 -7.53857e-05 3.59875e-07)
(5.64284e-06 4.47706e-05 3.37324e-07)
(-0.0010919 -0.000213443 1.62482e-07)
(0.00248718 0.00263052 -1.28542e-06)
(-3.79009e-06 -1.45814e-06 3.21394e-06)
(-0.00325429 0.00170101 -3.17e-07)
(-8.11564e-05 -0.00219327 2.60516e-06)
(0.000394971 0.000716441 4.79495e-06)
(2.06469e-07 1.20423e-06 8.49206e-10)
(-0.00115074 -0.000234267 -9.94639e-08)
(0.000615982 0.0011893 0.000261577)
(-8.42106e-06 2.89594e-06 3.21394e-06)
(-0.00132583 9.60936e-07 -3.70697e-06)
(0.00369371 7.77763e-07 2.9002e-06)
(7.09977e-06 -3.44429e-06 -3.86928e-06)
(-0.00202239 -0.00324643 -1.02766e-06)
(0.00046187 -0.000187254 4.65733e-05)
(0.000157849 -0.000390676 7.7207e-07)
(-0.00202071 -0.00324738 -1.02766e-06)
(0.000456092 -0.000559699 3.03536e-07)
(-0.000499899 0.00224427 -1.28542e-06)
(-0.0020501 -0.00323073 -1.02766e-06)
(0.00253498 0.0025617 1.36979e-06)
(-8.11564e-05 -0.00219327 2.65083e-06)
(-7.85971e-08 -1.03676e-07 1.93851e-06)
(-0.00259076 -0.00292432 -3.48623e-06)
(4.81103e-06 6.94395e-06 -2.35516e-06)
(-6.16228e-05 -7.98112e-05 -9.94639e-08)
(-5.67806e-06 5.01481e-08 -5.4845e-06)
(0.000966994 0.000273535 2.98648e-07)
(0.000573526 0.000195064 5.88044e-08)
(0.0033907 7.77763e-07 2.9002e-06)
(-0.00325429 0.00170101 3.15626e-06)
(0.00457809 0.00344228 -1.28542e-06)
(9.49824e-06 -5.35762e-05 2.951e-06)
(1.72117e-06 3.60024e-06 -2.35516e-06)
(0.000998062 -0.000723811 7.7207e-07)
(-0.000711352 -7.77205e-05 1.62482e-07)
(0.00193009 0.00156586 1.08849e-05)
(-0.00132583 9.60936e-07 8.941e-07)
(0.00126757 0.000401733 2.08604e-07)
(-0.000191348 0.00170101 -7.47912e-07)
(2.16113e-05 6.31345e-05 1.54498e-06)
(-2.59686e-07 1.10615e-06 -3.7027e-07)
(-8.10025e-05 0.00170101 -7.47912e-07)
(-0.000115409 -8.69228e-05 -9.94639e-08)
(0.00185117 0.00326721 1.36979e-06)
(4.14006e-06 -5.42847e-05 5.48548e-06)
(-0.000704239 -0.000151813 4.75366e-07)
(0.002397 0.00688572 1.36979e-06)
(-0.00325429 0.00170101 3.31299e-06)
(0.0011427 0.000622065 1.27386e-06)
(0.00111492 0.00112007 -1.59285e-06)
(1.60104e-06 -2.71724e-06 -1.59177e-06)
(-3.97657e-05 0.000122494 -1.52765e-06)
(1.74103e-10 -3.53308e-11 5.94857e-13)
(-0.00489852 0.00125886 -6.68209e-07)
(0.00433847 3.63349e-05 1.66663e-05)
(-0.00227208 -0.0045874 -6.68704e-06)
(-0.000114152 -3.41832e-05 8.39511e-06)
(0.00287497 0.000467783 2.92922e-05)
(8.42157e-05 -3.05598e-05 2.61028e-05)
(-0.000835239 0.000167499 0.000132448)
(0.00433847 3.63349e-05 1.62368e-05)
(-0.00227208 -0.0045874 7.89889e-06)
(-5.79567e-06 3.43946e-05 8.39511e-06)
(-9.3171e-05 -3.14091e-05 8.39511e-06)
(0.00430257 0.000410279 1.25858e-05)
(0.00287497 0.000467783 3.0141e-05)
(0.00281114 0.000678578 1.85722e-05)
(-0.00252879 -0.00444191 -1.0153e-06)
(0.00287497 0.000467783 2.89959e-05)
(-5.67806e-06 5.01481e-08 -5.07233e-06)
(4.08705e-05 0.000785262 -1.59285e-06)
(-5.57564e-07 -5.58255e-07 6.82e-06)
(-6.01393e-06 1.18878e-05 -2.5401e-06)
(0.00280485 0.00130097 6.14624e-06)
(-0.00237023 -0.00453178 -1.0153e-06)
(0.00278138 0.00130808 6.14624e-06)
(-5.02044e-06 2.63195e-05 8.39511e-06)
(-0.00227208 -0.0045874 5.18321e-06)
(3.03935e-06 7.94801e-06 -2.41876e-06)
(0.000137212 0.000105794 1.85722e-05)
(-0.00207723 0.00264198 2.96369e-06)
(-0.00296503 -0.00806199 -1.0153e-06)
(-0.00248442 -0.000180951 -6.68209e-07)
(-0.00106247 -0.000122971 2.86451e-07)
(0.00430594 0.000375161 1.25858e-05)
(0.00430055 0.000431377 1.25858e-05)
(-6.05581e-06 3.71044e-05 8.39511e-06)
(-6.1252e-06 3.78271e-05 8.39511e-06)
(-0.00131496 0.000114203 -1.11725e-06)
(-3.94317e-06 1.50982e-05 8.39511e-06)
(-5.39626e-06 3.02342e-05 8.39511e-06)
(0.00118203 3.63349e-05 1.25858e-05)
(-6.52739e-07 -1.91762e-05 -6.91554e-06)
(-6.95703e-05 -2.82886e-05 8.39511e-06)
(0.00138611 -0.000567678 -2.35721e-06)
(-6.19567e-05 -2.72819e-05 8.39511e-06)
(0.00433847 3.63349e-05 1.62747e-05)
(-3.84924e-05 0.00170101 -7.47912e-07)
(0.0008511 0.000200185 1.85722e-05)
(-0.00207723 0.00264198 3.36226e-06)
(0.000108277 9.22426e-05 -4.79192e-07)
(0.000400699 0.00038047 9.88542e-07)
(0.00050247 -0.000121628 1.43122e-07)
(-6.2224e-06 1.18547e-05 -2.5401e-06)
(2.28872e-05 7.55242e-06 -7.84327e-07)
(-5.22815e-05 -3.07017e-05 -7.98944e-06)
(-0.002487 -0.000154078 -6.68209e-07)
(-6.53092e-05 -3.24242e-05 -7.98944e-06)
(5.82171e-06 -2.34719e-05 -1.86101e-06)
(-0.00249567 0.00258143 -6.68209e-07)
(-0.00252111 0.00231647 -6.68209e-07)
(4.84862e-06 -3.52573e-05 -7.98944e-06)
(0.00433847 3.63349e-05 9.50995e-06)
(9.62253e-06 -5.31096e-05 8.39511e-06)
(0.000527903 3.63349e-05 1.25858e-05)
(-6.52739e-07 -1.91762e-05 2.14277e-05)
(-5.99604e-05 -2.70179e-05 8.39511e-06)
(-6.52739e-07 -1.91762e-05 -2.34915e-06)
(4.63463e-08 -1.93162e-08 6.64182e-11)
(6.32615e-05 -3.2494e-05 9.86952e-06)
(-1.27128e-06 -8.30678e-06 -2.22839e-06)
(0.000276686 -1.499e-05 0.000156655)
(-2.37672e-05 5.87511e-07 1.59005e-06)
(1.16356e-05 -0.00023267 7.99582e-07)
(5.82171e-06 -2.34719e-05 1.15903e-06)
(0.0047833 2.21335e-05 4.78118e-06)
(0.00474739 0.000396193 -8.86181e-07)
(-4.29274e-05 -2.94649e-05 -7.98944e-06)
(-1.82937e-05 6.67204e-06 1.75524e-06)
(0.0047833 2.21335e-05 7.08079e-06)
(1.03079e-05 -1.46994e-05 -5.79761e-07)
(1.32298e-06 -2.36141e-05 -1.15563e-05)
(0.000376791 -0.00252211 -1.29026e-05)
(-4.63143e-05 -2.52136e-05 8.39511e-06)
(1.87445e-05 -6.59944e-06 -3.15872e-05)
(-5.37162e-06 2.99775e-05 8.39511e-06)
(-0.000590378 -0.000124632 4.5721e-07)
(-1.50541e-05 -1.95212e-05 -6.83126e-10)
(-0.000254289 -0.000127207 2.86451e-07)
(-0.00195789 -0.00178097 -1.0153e-06)
(-3.91599e-06 3.66576e-06 3.92761e-06)
(-6.52739e-07 -1.91762e-05 -1.96702e-06)
(1.32298e-06 -2.36141e-05 -1.42891e-05)
(-6.52739e-07 -1.91762e-05 -5.55339e-06)
(0.00229374 3.63349e-05 1.25858e-05)
(-5.3142e-06 2.93794e-05 8.39511e-06)
(-1.97207e-05 3.34732e-05 -2.78522e-11)
(-0.00652587 4.96649e-06 1.12844e-05)
(8.37635e-05 -0.000470868 2.10651e-06)
(2.95359e-06 -1.50662e-06 -3.86988e-06)
(0.000237186 -0.000154849 7.00458e-07)
(1.16356e-05 -0.00023267 3.80106e-07)
(0.00475307 0.000337002 -8.86181e-07)
(-0.000117425 -0.000109111 2.86451e-07)
(1.32298e-06 -2.36141e-05 -3.21487e-06)
(-3.6732e-05 -2.35591e-05 -3.25131e-06)
(-1.16119e-07 -8.62386e-06 -7.98944e-06)
(1.87339e-05 -6.6524e-06 -3.15872e-05)
(0.000439469 0.0003417 9.88542e-07)
(1.32298e-06 -2.36141e-05 -1.11883e-05)
(-1.26583e-05 -2.07068e-06 1.75524e-06)
(-0.00179625 -0.000337158 -1.0153e-06)
(-3.27306e-05 -5.68475e-05 -6.03024e-06)
(1.41691e-05 -1.69506e-06 -6.77234e-06)
(5.55083e-06 -4.70997e-06 1.49868e-05)
(-0.000508678 -0.0008544 0.000489379)
(-1.78959e-06 3.98934e-06 -7.62907e-05)
(-0.00357349 4.96649e-06 7.21044e-06)
(0.00027436 -5.62788e-05 0.000156655)
(1.99967e-05 6.83203e-05 1.37975e-07)
(-3.25951e-05 -1.15738e-05 3.99429e-06)
(-4.731e-05 1.30543e-06 1.59005e-06)
(-4.98266e-06 -1.73752e-05 -5.79761e-07)
(0.0047833 2.21335e-05 1.27279e-06)
(-2.17876e-07 -1.64384e-05 -1.35343e-06)
(0.00431679 -0.000189459 1.25858e-05)
(0.0047833 2.21335e-05 8.21495e-06)
(-6.52739e-07 -1.91762e-05 -1.05147e-05)
(0.00476394 -0.000179526 -8.86181e-07)
(1.31254e-05 -7.84562e-06 3.819e-06)
(0.000135398 -0.000541855 6.34188e-07)
(1.78231e-05 -2.10784e-05 -2.95149e-07)
(-0.000337296 -0.00132826 7.72641e-10)
(0.000127309 -3.17683e-05 1.14899e-10)
(4.1472e-05 -4.37569e-05 7.97199e-07)
(-1.4898e-05 1.57651e-06 1.82734e-06)
(0.0047833 2.21335e-05 -8.07116e-06)
(0.00111735 0.000372292 1.33166e-06)
(-2.85722e-05 -2.01874e-05 -9.76271e-07)
(8.59163e-05 0.000123568 -1.391e-06)
(-4.02573e-06 3.8594e-06 6.33026e-06)
(-3.14832e-05 -2.05723e-05 -9.76271e-07)
(-2.17876e-07 -1.64384e-05 -1.27233e-06)
(-1.45113e-07 -5.45657e-06 9.30424e-06)
(-0.00123917 0.00148161 1.34754e-06)
(-9.61178e-06 -2.95612e-07 1.83172e-05)
(0.0047833 2.21335e-05 7.51458e-06)
(-9.61178e-06 -2.95612e-07 1.96968e-05)
(9.45037e-07 -1.96773e-05 -7.98944e-06)
(-0.000868634 0.000211852 0.000154278)
(8.02337e-08 1.11239e-06 5.22425e-07)
(7.90819e-08 1.10039e-06 5.22425e-07)
(0.000851968 3.5617e-07 3.35947e-08)
(5.98482e-05 1.20666e-05 1.72591e-05)
(0.00136873 -4.67012e-06 -0.000464352)
(-1.45113e-07 -5.45657e-06 8.03247e-06)
(-0.00250109 0.00124223 3.36238e-11)
(-3.25951e-05 -1.15738e-05 2.98014e-06)
(-6.09819e-06 1.19786e-05 -9.37486e-06)
(-2.93085e-07 -6.78052e-06 -7.98944e-06)
(-3.88743e-07 -5.7841e-06 -7.98944e-06)
(0.00474799 0.000389889 -8.86181e-07)
(0.00475162 -0.000307862 -8.86181e-07)
(6.87473e-06 -3.98612e-05 -9.76271e-07)
(1.32298e-06 -2.36141e-05 -4.27974e-06)
(1.52072e-07 -1.14174e-05 -7.98944e-06)
(1.32298e-06 -2.36141e-05 -2.08994e-06)
(1.32298e-06 -2.36141e-05 -2.58764e-06)
(1.684e-06 1.47896e-05 -5.79761e-07)
(1.21978e-08 4.71731e-06 -5.79761e-07)
(-4.00354e-05 1.69463e-05 7.4261e-06)
(-0.00103408 0.000211852 0.000154278)
(-0.000256366 0.000453992 -0.000180016)
(-9.36148e-05 -2.27357e-07 4.54334e-07)
(1.77236e-05 -6.22627e-05 0.00032706)
(1.24062e-07 -1.89024e-07 -3.61193e-06)
(0.00137125 4.00643e-05 -0.000464352)
(-6.05703e-06 2.89924e-05 -9.37486e-06)
(0.00474592 0.000411529 -8.86181e-07)
(3.11616e-06 -2.74488e-05 -9.76271e-07)
(-1.8014e-05 -4.24265e-05 7.4261e-06)
(-6.04997e-06 1.14764e-05 -9.37486e-06)
(0.00194523 -0.000470096 1.56494e-09)
(-4.08469e-06 3.96343e-06 6.33026e-06)
(9.71596e-06 -8.20921e-06 9.86952e-06)
(0.000851968 3.5617e-07 1.01884e-06)
(2.73883e-05 -8.92472e-06 2.30245e-06)
(0.00248511 -0.0069724 0.000943986)
(0.00233121 -0.00604517 0.000943986)
(0.000772088 -1.98704e-08 0.000323712)
(-3.77482e-06 -8.56283e-05 -0.000194213)
(-4.14442e-05 -6.52689e-05 1.4691e-09)
(5.80538e-05 0.000222447 7.67456e-07)
(2.73396e-05 -9.78955e-06 2.30245e-06)
(0.000384222 0.000594527 -1.20188e-06)
(-0.00355622 -0.000174952 1.12844e-05)
(-4.1266e-05 -1.27202e-05 -6.23262e-07)
(2.94296e-05 -1.21176e-05 7.4261e-06)
(-6.16598e-06 1.26848e-05 -9.37486e-06)
(-2.17876e-07 -1.64384e-05 -7.29548e-07)
(-3.10481e-05 -1.66828e-05 -6.23262e-07)
(-6.52761e-06 1.64517e-05 -9.37486e-06)
(-2.17876e-07 -1.64384e-05 -7.06742e-07)
(-1.53821e-06 -2.68525e-06 -9.76271e-07)
(-6.08262e-06 1.18164e-05 -9.37486e-06)
(-6.15228e-06 1.25421e-05 -9.37486e-06)
(-1.0999e-06 -7.25085e-06 -9.76271e-07)
(-1.01047e-06 -8.18245e-06 -9.76271e-07)
(-2.17876e-07 -1.64384e-05 -7.35466e-07)
(6.84796e-06 0.000150823 2.52204e-09)
(-4.08841e-05 1.74273e-05 7.4261e-06)
(0.0047833 2.21335e-05 -6.93614e-06)
(0.000140882 -0.000541312 6.34188e-07)
(2.46481e-06 1.30073e-06 -1.38518e-09)
(-1.45113e-07 -5.45657e-06 5.18027e-06)
(0.00105898 -1.98704e-08 0.000167277)
(-0.00357349 4.96649e-06 1.53523e-05)
(0.0013002 -0.000387283 0.00012285)
(0.00105898 -1.98704e-08 0.000172453)
(0.00045051 0.000165477 -8.15286e-07)
(0.000228538 1.57334e-06 0.00032706)
(5.19154e-06 -1.99542e-05 3.62176e-06)
(-3.28922e-05 -8.47906e-06 -6.23262e-07)
(-3.28951e-05 -8.44885e-06 -6.23262e-07)
(3.06892e-05 -1.2499e-05 7.4261e-06)
(-0.00262369 0.000837347 3.36238e-11)
(-2.17461e-05 -1.20057e-05 1.79958e-06)
(-2.0147e-05 -1.15209e-05 1.79958e-06)
(-0.000176844 -0.000607856 2.87775e-06)
(7.53154e-06 -6.0118e-06 -6.40611e-07)
(-6.07985e-06 1.17877e-05 -9.37486e-06)
(-2.17876e-07 -1.64384e-05 -6.94991e-07)
(7.53154e-06 -6.0118e-06 -6.31808e-07)
(7.53154e-06 -6.0118e-06 -6.72546e-07)
(0.000148917 -0.000834013 2.58225e-05)
(0.000883232 0.000997625 1.61098e-06)
(0.0047833 2.21335e-05 -9.28382e-06)
(0.000133703 8.52637e-05 7.4644e-09)
(-0.0039737 0.00104768 -2.45963e-07)
(1.17335e-06 -6.53124e-07 2.48346e-11)
(3.32064e-08 6.29328e-08 1.49247e-06)
(-0.000624889 0.000211852 8.12996e-05)
(0.00195092 -0.00346951 0.000943986)
(-0.000351977 -0.0036574 7.74349e-06)
(-3.82507e-05 0.000387862 -0.000180016)
(-0.00357349 4.96649e-06 1.4557e-05)
(-1.26967e-05 1.4652e-07 1.49102e-05)
(-0.000254529 -0.000261264 7.09214e-07)
(-0.000154974 -0.000614479 2.87775e-06)
(0.00321565 0.000637087 -3.8994e-06)
(-2.14508e-05 -5.9659e-05 7.4261e-06)
(-3.29813e-05 -1.13684e-05 -1.63607e-06)
(-0.00335629 -0.00166153 6.29652e-06)
(0.00309273 0.00191747 -8.21655e-06)
(-6.89429e-06 2.02712e-05 -9.07824e-06)
(1.40932e-05 -1.96949e-05 1.79958e-06)
(-1.94695e-05 -4.97244e-05 7.4261e-06)
(-9.61178e-06 -2.95612e-07 -5.79063e-06)
(0.000169214 7.58288e-05 1.01673e-07)
(0.00186091 0.00531476 0.000846665)
(0.00186091 0.00489377 0.000846665)
(0.000113758 -4.62793e-11 -3.34909e-06)
(0.000113758 -4.62793e-11 -2.36214e-06)
(4.90123e-05 0.0053055 2.87775e-06)
(-0.00623601 -0.00243808 2.23563e-06)
(2.34615e-05 -9.10601e-05 -0.000194213)
(3.92745e-06 -2.69705e-07 -9.18542e-07)
(-0.000282355 -0.000575907 1.68629e-06)
(-2.13108e-05 0.00405734 2.87775e-06)
(5.62823e-06 1.38139e-05 -1.63607e-06)
(0.000252042 0.00191747 -3.8994e-06)
(2.53044e-06 2.55764e-05 -7.62907e-05)
(-0.000134807 -8.14047e-05 -2.2123e-07)
(0.000236606 8.24951e-05 1.01673e-07)
(-2.10533e-05 5.53079e-07 1.72963e-05)
(0.000135272 9.92728e-05 7.4644e-09)
(7.82949e-06 -4.84428e-06 1.86853e-05)
(-0.00261392 -0.00263818 2.20627e-06)
(0.00186091 0.00454536 0.000846665)
(-0.00359256 -0.0036574 1.22278e-05)
(0.00116705 0.000179755 0.00032706)
(1.98133e-05 -1.57432e-06 -0.000176707)
(1.98133e-05 -1.57432e-06 -0.000168348)
(-1.18089e-05 -2.31203e-05 -5.05228e-08)
(-0.00221133 -0.0036574 7.74349e-06)
(-6.92925e-05 1.4652e-07 -8.97802e-08)
(-0.00357349 4.96649e-06 1.52253e-05)
(-0.00357349 4.96649e-06 1.47845e-05)
(-0.00357349 4.96649e-06 1.52648e-05)
(-0.000254529 -0.000261264 5.02241e-06)
(1.00385e-05 -3.80267e-05 3.62176e-06)
(0.00333923 0.00182396 -5.85168e-06)
(-4.87352e-06 -8.61644e-06 8.42507e-06)
(7.53154e-06 -6.0118e-06 -9.24627e-07)
(0.000869588 0.00101127 1.61098e-06)
(2.58352e-05 2.02712e-05 -9.37486e-06)
(0.000308097 -5.65791e-05 -2.36205e-06)
(-0.00166 0.000607831 9.82406e-06)
(-0.00165555 0.000654196 9.82406e-06)
(0.00186091 0.00495228 0.000846665)
(-5.2292e-05 0.000113247 8.80142e-10)
(-1.22242e-05 -3.18282e-05 -5.05228e-08)
(-1.0223e-05 2.59138e-05 -8.97802e-08)
(-0.000100517 0.000171234 -4.85905e-07)
(-7.02754e-05 1.4652e-07 -8.97802e-08)
(0.00196678 -0.00346053 0.000943986)
(0.00330512 0.00188414 -1.28818e-06)
(-1.26967e-05 1.4652e-07 1.33728e-05)
(7.53154e-06 -6.0118e-06 -1.90831e-06)
(-0.000753921 -0.00530981 9.86497e-06)
(0.00188053 0.00191747 -3.8994e-06)
(-4.87352e-06 -8.61644e-06 -1.92724e-07)
(-1.01667e-05 -3.51577e-05 1.72963e-05)
(6.35703e-06 6.22237e-06 -1.63607e-06)
(-1.81024e-05 -1.11926e-06 1.72963e-05)
(0.000138035 8.77614e-07 -3.57765e-05)
(-2.89031e-05 1.41866e-05 -7.73529e-05)
(-0.000286997 0.00102079 -4.85905e-07)
(-0.000201123 -0.0036574 7.74349e-06)
(0.000851968 3.5617e-07 -5.30066e-07)
(0.000113164 4.00792e-05 1.10146e-09)
(3.82507e-06 1.03714e-06 -6.61479e-07)
(-0.00359256 -0.0036574 1.45576e-06)
(-0.000281824 0.00104768 -2.45963e-07)
(7.64726e-09 -1.02894e-09 -1.69732e-06)
(-0.00359256 -0.0036574 5.16404e-06)
(-1.6612e-05 4.1401e-06 -1.44761e-05)
(-8.78798e-06 4.08614e-05 -8.97802e-08)
(0.000136821 0.000446266 1.03188e-06)
(-0.000160353 2.96286e-05 4.54334e-07)
(2.80647e-05 1.4652e-07 -8.97802e-08)
(3.87353e-05 1.4652e-07 -8.97802e-08)
(-8.9654e-06 -3.87203e-05 -8.97802e-08)
(-9.71979e-06 -3.08622e-05 -8.97802e-08)
(0.000307751 1.41634e-05 3.64133e-06)
(0.00323967 0.00344801 -3.8994e-06)
(-6.2511e-06 2.69709e-05 -9.37486e-06)
(7.83523e-05 8.77614e-07 -3.57765e-05)
(0.000485815 -0.0027531 4.32246e-05)
(5.68925e-06 1.31782e-05 -1.63607e-06)
(-2.03133e-06 6.74145e-05 7.4261e-06)
(-0.00156897 0.00155612 1.34349e-05)
(-0.000839394 -5.72087e-05 2.08006e-05)
(4.66766e-10 -4.91914e-10 -1.09643e-06)
(0.00186091 0.00536483 0.000846665)
(0.000106424 -2.95494e-06 -4.95793e-10)
(-0.00359256 -0.0036574 2.15231e-06)
(0.00316301 -0.00133335 4.62626e-06)
(-7.84214e-06 2.75276e-06 -1.08785e-10)
(-2.77836e-06 -6.66031e-07 -8.77365e-11)
(-7.83818e-06 8.57299e-07 3.53796e-10)
(0.00210848 -0.000335973 0.00119541)
(0.000899184 -0.00170314 -1.22113e-06)
(-1.26967e-05 1.4652e-07 -7.38307e-06)
(4.2362e-05 1.4652e-07 -8.97802e-08)
(6.18938e-05 -6.34396e-07 -1.63607e-06)
(0.00187873 8.77614e-07 -0.00113122)
(0.000113947 -2.66548e-05 -6.32676e-07)
(0.000511092 5.143e-05 2.37979e-06)
(-0.000668795 -0.00103165 1.39448e-06)
(-5.86327e-06 3.09684e-06 1.97932e-07)
(0.00333923 0.00182396 -2.11167e-07)
(0.00316301 -0.00147112 4.62626e-06)
(-0.00297166 -0.0036574 7.74349e-06)
(0.00422621 1.9134e-08 -9.39818e-07)
(0.00422621 1.9134e-08 -1.07659e-06)
(-0.00228812 0.00104768 -3.10099e-06)
(0.000668506 -0.00119417 -2.36205e-06)
(-9.60457e-06 -3.20624e-05 -8.97802e-08)
(-0.00335629 -0.00166153 -9.36006e-07)
(-1.26967e-05 1.4652e-07 -9.30865e-06)
(-0.00253531 -0.0012705 -2.39644e-06)
(-9.7179e-06 -3.08819e-05 -8.97802e-08)
(-0.00159882 -0.0097823 1.32699e-06)
(-4.50811e-05 -7.67624e-06 3.27722e-06)
(-0.000254529 -0.000261264 1.74403e-05)
(-0.00542551 -0.00221952 2.23563e-06)
(-4.87352e-06 -8.61644e-06 3.58671e-05)
(-0.00172535 -0.00133627 2.23563e-06)
(5.32718e-05 -1.48727e-06 -1.63607e-06)
(-0.00183008 -0.00313643 2.20627e-06)
(0.000984044 0.00126481 2.37979e-06)
(-4.87352e-06 -8.61644e-06 3.5711e-05)
(0.00159076 0.00146963 3.82918e-06)
(1.67457e-05 -8.27686e-06 7.4261e-06)
(-4.14662e-07 -1.84298e-06 -7.05634e-06)
(-0.00228812 0.00104768 -1.84458e-06)
(0.00316301 -0.00165358 4.62626e-06)
(0.00316301 -0.000237568 4.62626e-06)
(-0.000255632 0.000428483 5.53404e-07)
(-0.00335296 -0.00573481 1.26276e-05)
(0.0077338 0.00255337 -1.28818e-06)
(0.000136821 0.000446266 1.58478e-06)
(-0.00247015 -0.00138546 -3.33837e-06)
(-1.26967e-05 1.4652e-07 -1.21845e-05)
(-0.00162617 -0.0100588 1.32699e-06)
(-0.00200948 -0.00624077 1.26276e-05)
(-0.00297729 -0.00594771 3.47059e-05)
(-3.80834e-06 1.56049e-05 3.27722e-06)
(-0.00408633 -0.0115087 1.26276e-05)
(4.97326e-06 2.06362e-05 -1.63607e-06)
(7.53154e-06 -6.0118e-06 -2.57818e-06)
(8.68764e-05 -2.93325e-05 -6.32676e-07)
(-4.87352e-06 -8.61644e-06 -4.95369e-06)
(-0.00322746 -0.00580593 1.26276e-05)
(5.11186e-05 -1.4261e-05 1.21002e-05)
(0.00316301 -0.00178611 4.62626e-06)
(0.00316301 -0.00462178 -2.68388e-06)
(0.00786553 1.9134e-08 2.1494e-07)
(9.71628e-05 4.70184e-05 -1.28267e-09)
(0.00316301 -0.0018016 4.62626e-06)
(-0.00158644 -0.0096572 1.32699e-06)
(-2.11864e-06 -1.99569e-06 4.638e-06)
(-2.11864e-06 -1.99569e-06 4.77465e-06)
(-0.00184157 -0.00629161 1.26276e-05)
(-0.0033271 -0.00574946 1.26276e-05)
(-0.00212758 -0.000584107 2.20627e-06)
(-0.00325655 -0.00578944 1.26276e-05)
(-0.00297729 -0.00594771 2.93281e-05)
(-0.00297729 -0.00594771 3.09433e-05)
(-4.01647e-06 1.77729e-05 3.27722e-06)
(-0.00326608 -0.00578405 1.26276e-05)
(0.000125232 0.000113563 -1.08406e-09)
(-4.87352e-06 -8.61644e-06 1.0627e-06)
(-6.11812e-06 -3.21872e-07 -8.70512e-07)
(-0.00167715 0.000429201 9.82406e-06)
(0.00375972 0.00485912 2.1494e-07)
(0.00316301 -0.00189495 4.62626e-06)
(4.26965e-06 8.6431e-07 7.7838e-09)
(0.00316301 -0.00199528 4.62626e-06)
(0.00316301 -0.00462178 -2.69013e-06)
(0.00316301 -0.00462178 -2.94679e-06)
(2.7371e-05 -0.00446623 -5.54879e-06)
(0.000153863 -0.0010007 5.6386e-06)
(-0.00115976 -0.00534373 1.02378e-05)
(-4.83209e-05 8.30679e-06 -0.000146038)
(-8.39919e-05 6.65017e-05 2.43614e-06)
(0.00345198 -0.000468869 0.000643729)
(-0.0019552 -0.00625721 1.26276e-05)
(-0.00163318 -0.0101297 1.32699e-06)
(-0.00161597 -0.00995568 1.32699e-06)
(5.91518e-05 0.000100385 -1.08406e-09)
(-0.00366922 -0.00941719 1.26276e-05)
(-0.00197087 0.00264243 3.01316e-06)
(0.00143089 4.15846e-05 2.42604e-06)
(-4.72529e-07 -3.59991e-06 -7.05634e-06)
(0.00316301 -0.00171287 4.62626e-06)
(4.90216e-05 0.000225731 7.71228e-05)
(-3.3806e-05 2.41849e-05 -3.38914e-11)
(-0.00253531 -0.0012705 -4.27133e-06)
(2.7371e-05 -0.000196909 -7.2308e-06)
(0.00372887 0.00518048 2.1494e-07)
(1.00966e-06 -1.11632e-07 5.05981e-06)
(0.00837004 1.9134e-08 2.1494e-07)
(2.7371e-05 -0.00200024 -7.2308e-06)
(-1.6612e-05 4.1401e-06 4.86703e-06)
(-1.57729e-05 1.07151e-05 0.000276776)
(-3.80564e-05 4.58188e-05 1.13242e-09)
(-0.000383876 0.00172495 -8.29049e-07)
(-0.00124698 -0.00128723 5.49962e-06)
(-6.99019e-05 6.15645e-05 -1.10554e-05)
(-1.6612e-05 4.1401e-06 8.45986e-06)
(7.75738e-06 -3.86116e-05 -3.25968e-06)
(-0.0015498 -0.00928673 1.32699e-06)
(0.00376496 0.00259314 5.08557e-07)
(-7.07776e-07 -1.0656e-05 7.5885e-06)
(-0.0015417 -0.00920491 1.32699e-06)
(-7.07776e-07 -1.0656e-05 6.57411e-06)
(-0.00245448 -0.00610602 1.26276e-05)
(0.00411185 0.00224625 2.73353e-06)
(-2.11864e-06 -1.99569e-06 7.78446e-06)
(-0.00384952 -0.0016249 -3.33837e-06)
(-2.79799e-06 5.08077e-06 3.27722e-06)
(0.00141995 -5.61155e-05 2.42604e-06)
(-5.41479e-05 -1.20273e-08 -1.29465e-11)
(-3.73629e-05 -1.20273e-08 -1.29465e-11)
(-5.26772e-08 -1.19045e-07 1.40624e-06)
(2.7371e-05 -0.00130468 -7.2308e-06)
(-0.00378676 -0.00568032 7.74349e-06)
(-5.13912e-05 0.000105773 -3.38914e-11)
(-0.000423303 3.71211e-06 3.38816e-07)
(5.59475e-06 -1.51671e-05 3.88207e-07)
(-0.000151452 5.55506e-05 5.01777e-05)
(-7.6595e-06 5.6962e-06 -2.50007e-06)
(4.19831e-06 0.00251875 -3.34323e-06)
(0.000153863 -0.0010007 5.53476e-06)
(0.000111909 0.00251875 9.89609e-06)
(-1.6612e-05 4.1401e-06 5.94531e-06)
(-1.6612e-05 4.1401e-06 6.2097e-06)
(-1.6612e-05 4.1401e-06 2.43215e-06)
(2.7371e-05 -0.00446623 -5.76444e-06)
(4.97127e-05 0.000231664 -1.45936e-06)
(7.49545e-06 -3.77466e-05 -3.25968e-06)
(-0.00148603 -0.00864207 1.32699e-06)
(0.00445502 -0.000568088 0.000643729)
(-4.59428e-05 -1.6637e-05 -3.25968e-06)
(6.97503e-05 -0.000124557 5.04999e-06)
(-1.62013e-05 2.57084e-05 -8.23205e-07)
(-0.00384722 0.00451878 1.06341e-06)
(-0.00149793 -0.00876238 1.32699e-06)
(-0.00378597 -0.0100026 1.26276e-05)
(0.00664976 1.41634e-05 3.64133e-06)
(-7.07776e-07 -1.0656e-05 7.9486e-06)
(-0.00392204 -0.0106849 1.26276e-05)
(-0.00096594 -0.0014499 5.49962e-06)
(-0.00368198 -0.00458885 7.74349e-06)
(0.000485993 -0.000702961 0.000408021)
(-0.00377212 -0.00552781 7.74349e-06)
(7.4583e-05 2.2782e-05 2.25004e-08)
(-7.58379e-06 2.36081e-06 7.2839e-12)
(0.0010142 7.22867e-05 0.000127919)
(2.7371e-05 -0.00446623 -9.15739e-06)
(-0.00162997 -0.0100972 1.32699e-06)
(-1.05671e-05 8.39762e-06 0.000276776)
(-0.000291406 0.00153104 -6.34694e-07)
(0.000339076 0.000152498 -3.34323e-06)
(0.000111909 0.00251875 5.23777e-06)
(0.000111909 0.00251875 9.81613e-06)
(-4.55719e-05 -1.6588e-05 -3.25968e-06)
(7.56962e-06 -3.79915e-05 -3.25968e-06)
(-0.00246243 -0.00610361 1.26276e-05)
(-3.55684e-06 1.9021e-05 -3.25968e-06)
(-0.0019979 -0.00624427 1.26276e-05)
(-0.00115976 -0.00534373 7.28674e-06)
(-2.11864e-06 -1.99569e-06 8.96313e-06)
(-0.00342368 -0.00818599 1.26276e-05)
(5.76741e-05 3.91888e-06 3.27722e-06)
(5.92009e-05 4.06991e-06 3.27722e-06)
(0.00317568 0.000234648 3.64133e-06)
(9.92839e-05 -0.000405511 1.79722e-06)
(-0.00359256 -0.0036574 7.93613e-07)
(0.000425129 -0.00442805 -7.2308e-06)
(1.38012e-05 -1.24767e-05 6.06618e-06)
(-0.000314655 0.000524426 7.06641e-07)
(2.06207e-07 -4.50226e-06 8.61252e-07)
(-1.83376e-05 5.3635e-05 7.00803e-07)
(0.00431484 -2.97286e-06 1.29785e-06)
(0.000319976 -0.00443814 -7.2308e-06)
(-0.00115203 -0.00698048 -9.94877e-06)
(1.97284e-05 -3.21858e-06 8.7552e-07)
(-4.96815e-06 0.00251875 -3.34323e-06)
(0.0016064 0.000460196 -0.000369626)
(0.000258968 0.000986929 -3.34323e-06)
(-1.37479e-06 -1.85064e-06 2.56361e-07)
(-0.00149259 -0.00524295 1.32699e-06)
(0.00411185 0.00224625 -1.70461e-06)
(1.67551e-05 -2.62047e-05 1.99476e-06)
(-2.148e-05 2.57084e-05 -8.23205e-07)
(-7.07776e-07 -1.0656e-05 -1.2197e-05)
(-2.15514e-05 2.57084e-05 -8.23205e-07)
(7.44062e-05 -0.000173055 5.04999e-06)
(6.64243e-05 -0.00101227 5.04999e-06)
(-0.00197087 0.00264243 -1.2084e-06)
(0.00606445 0.00257035 5.08557e-07)
(5.86833e-05 4.0187e-06 3.27722e-06)
(0.00317113 0.000282017 3.64133e-06)
(-4.19117e-06 1.95926e-05 3.27722e-06)
(-0.000163672 -1.20273e-08 -1.29465e-11)
(-0.000457583 0.000146656 0.000124281)
(0.00251812 -2.97286e-06 -7.77187e-07)
(-0.000314655 0.000524426 6.83665e-07)
(-0.000406587 -0.000478021 -0.000298855)
(0.000485993 -0.000272967 1.93484e-08)
(9.39713e-06 -0.000264066 -8.09936e-06)
(9.39713e-06 -0.000264066 -9.218e-06)
(-2.49071e-06 0.00251875 -3.34323e-06)
(0.000250222 0.00107803 -3.34323e-06)
(-0.000498196 -0.000175488 -4.61614e-06)
(-0.000323796 -5.72108e-05 -5.91848e-06)
(2.7371e-05 -0.00446623 -9.45795e-06)
(-1.71956e-05 -1.83407e-05 -3.46306e-07)
(-7.6595e-06 5.6962e-06 -2.51467e-06)
(1.10704e-05 -3.34898e-06 -1.43445e-05)
(1.10704e-05 -3.34898e-06 -1.43303e-05)
(7.53499e-06 2.46959e-05 -8.23205e-07)
(8.18122e-06 -4.00113e-05 -3.25968e-06)
(-0.00395103 -0.0111779 -1.65957e-05)
(-0.00320145 -0.00566459 -1.65957e-05)
(-0.00288703 -0.00584278 -1.56548e-05)
(-0.00297729 -0.00594771 -1.49368e-05)
(-0.00297729 -0.00594771 -8.3702e-06)
(0.00666705 1.41634e-05 3.64133e-06)
(7.54719e-06 2.65939e-05 -8.23205e-07)
(0.00669979 1.41634e-05 3.64133e-06)
(-0.00115976 -0.00534373 1.85651e-05)
(-0.000254529 -0.000261264 1.89987e-05)
(-3.80399e-05 -8.50428e-06 3.34892e-06)
(6.34614e-05 -9.20004e-05 7.57223e-05)
(0.00324191 -0.00104544 -1.51984e-06)
(9.39713e-06 0.00219573 -2.54393e-06)
(0.000164356 -8.43678e-06 7.57223e-05)
(1.00966e-06 -1.11632e-07 -3.97985e-06)
(-2.61083e-05 -7.99934e-06 3.12003e-07)
(7.47692e-08 1.79272e-08 1.48404e-06)
(-6.08397e-05 -3.21872e-07 -8.70512e-07)
(-0.000939774 -0.00393853 -9.94877e-06)
(-1.72354e-05 -1.79257e-05 -3.46306e-07)
(-1.72098e-05 -1.81928e-05 -3.46306e-07)
(1.51018e-05 -1.66624e-05 -6.67994e-06)
(1.10704e-05 -3.34898e-06 -1.33764e-05)
(9.36563e-06 4.64351e-05 1.18827e-05)
(0.000769177 -9.69451e-05 -1.64039e-06)
(-5.36248e-05 7.08067e-06 8.11185e-06)
(-3.17384e-05 -1.68478e-05 7.29702e-07)
(-0.00123915 -0.00129506 1.10478e-05)
(5.7211e-05 -4.9268e-06 -3.25968e-06)
(-0.00205807 -0.00622606 1.26276e-05)
(6.97483e-05 -3.68664e-06 -3.25968e-06)
(0.000237504 9.6237e-05 0.00105485)
(0.000240861 0.000155816 0.00105485)
(0.000237786 0.000101236 0.00105485)
(-0.00234617 -0.00613882 1.26276e-05)
(0.000383649 0.000164466 1.89247e-07)
(0.00038454 0.000172424 1.89247e-07)
(0.000236716 8.22522e-05 0.00105485)
(0.000385937 0.000184908 1.89247e-07)
(2.06583e-05 2.95697e-06 -1.57844e-07)
(0.00358208 0.00762976 -7.77187e-07)
(-1.66833e-05 3.62987e-05 -2.12481e-10)
(-0.00396788 -0.0112624 -1.65957e-05)
(0.000459458 0.00163842 -0.000489521)
(3.43381e-05 -0.000261671 -2.54393e-06)
(4.27963e-05 0.000170843 -9.97081e-11)
(0.000162006 0.000798747 0.000112312)
(1.00966e-06 -1.11632e-07 -4.63513e-06)
(3.84097e-07 1.9408e-06 2.56361e-07)
(0.000111909 0.00251875 -1.22896e-05)
(4.87079e-05 0.00251875 -3.34323e-06)
(-1.66433e-06 -1.71774e-05 -3.46306e-07)
(-6.05646e-05 -1.58088e-05 3.34892e-06)
(-4.11552e-05 -5.38893e-06 3.34892e-06)
(-0.00367588 -0.00979822 -1.65957e-05)
(7.52826e-06 2.6791e-05 -8.23205e-07)
(7.59022e-05 -3.0779e-06 -3.25968e-06)
(7.74873e-05 -2.92111e-06 -3.25968e-06)
(7.52763e-06 2.67976e-05 -8.23205e-07)
(6.54451e-05 0.00014585 2.06116e-06)
(-0.000854795 6.91275e-05 1.32699e-06)
(0.00852342 1.9134e-08 2.1494e-07)
(0.00507283 1.9134e-08 2.1494e-07)
(-4.59574e-05 1.9134e-08 2.1494e-07)
(3.26767e-06 -1.12664e-06 -2.32204e-07)
(1.87427e-05 0.000126053 -3.49554e-08)
(0.000114187 5.95836e-06 4.64408e-06)
(-2.76333e-05 4.50161e-09 -2.64553e-05)
(-0.000383876 0.00172495 -2.61663e-07)
(-2.43954e-05 7.43631e-05 0.000124281)
(0.00027564 0.000615046 8.85119e-08)
(0.000276365 -2.97286e-06 -7.77187e-07)
(0.000788751 -2.97286e-06 -7.77187e-07)
(-0.000542337 -0.00399449 -9.94877e-06)
(-0.00118215 -0.00105238 1.29971e-06)
(-2.96682e-05 -5.27465e-06 -4.58584e-06)
(0.000181986 -0.00102616 -4.48096e-06)
(0.000541006 -0.000408877 -0.000369626)
(-1.73819e-05 -1.63999e-05 -3.46306e-07)
(-1.73386e-05 -1.68513e-05 -3.46306e-07)
(-0.0035746 -0.00929038 -1.65957e-05)
(-0.00101232 -0.00391657 -9.94877e-06)
(0.0092953 0.00310661 5.08557e-07)
(9.75882e-06 1.03132e-05 -6.67994e-06)
(2.94327e-05 2.57084e-05 -8.23205e-07)
(5.80817e-05 0.00092388 0.000328673)
(7.53675e-05 -3.1308e-06 -3.25968e-06)
(0.000131548 0.000152389 2.06116e-06)
(0.000201006 0.00015926 2.06116e-06)
(0.00024061 0.000151363 0.00105485)
(-0.00183284 -0.00629426 1.26276e-05)
(0.00422621 1.9134e-08 2.61377e-07)
(-0.00105345 0.000165031 1.61221e-06)
(0.00118277 0.00170786 3.89545e-07)
(0.000348622 -2.97286e-06 -7.77187e-07)
(-3.88141e-05 0.000119456 2.46632e-10)
(0.000781945 -9.61918e-05 3.54776e-05)
(-0.000386741 0.000661555 1.61221e-06)
(-7.58379e-06 1.78602e-06 -1.13169e-11)
(-0.00179791 -0.000891578 2.0352e-06)
(3.03782e-06 -2.75245e-06 4.69762e-06)
(0.000276796 0.000932369 -0.00041132)
(5.23172e-05 0.00251875 -3.34323e-06)
(-7.6595e-06 5.6962e-06 -3.81419e-06)
(-0.00218852 -0.0060543 -1.65957e-05)
(-9.27522e-07 -3.73573e-07 -1.22973e-06)
(-0.00339052 -0.00836736 -1.65957e-05)
(-0.00330239 -0.00792549 -1.65957e-05)
(-1.12347e-06 -1.71058e-05 -3.46306e-07)
(-0.000853706 -0.00396459 -1.58973e-05)
(-0.0017336 0.00245063 -1.83267e-06)
(-3.83083e-06 2.18749e-05 -3.25968e-06)
(-0.00348259 -0.00882904 -1.65957e-05)
(-0.00341885 -0.00850943 -1.65957e-05)
(0.00422621 1.9134e-08 1.22259e-06)
(-0.00283086 -0.00526086 -1.24063e-05)
(2.94937e-07 2.31129e-06 -6.2286e-08)
(1.94214e-06 1.79272e-08 -6.2286e-08)
(-3.11218e-05 1.07423e-06 8.84423e-07)
(3.03782e-06 -2.81607e-05 2.79482e-06)
(-3.46667e-05 -1.08564e-05 -1.50141e-10)
(0.000394883 -0.00172924 -3.11813e-07)
(-0.00288703 -0.00584278 -1.78636e-05)
(-1.94758e-06 -2.9834e-06 -8.77365e-11)
(-3.67775e-05 -2.87232e-05 -2.05019e-06)
(-0.00288703 -0.00584278 -1.71765e-05)
(-1.16009e-06 -1.71107e-05 -3.46306e-07)
(0.000260569 0.00041404 1.87091e-06)
(-0.00195235 -0.00612581 -1.65957e-05)
(-0.00288703 -0.00584278 -1.69587e-05)
(-0.00288703 -0.00584278 -1.70286e-05)
(-0.0017336 0.00245063 -1.86235e-06)
(7.54425e-05 0.00092388 0.000328673)
(0.000782213 0.00156632 -2.80633e-07)
(-0.00324144 0.00395847 -1.66528e-06)
(-0.00226463 0.000417923 1.26276e-05)
(0.00431484 -2.97286e-06 1.46956e-06)
(-0.00118215 -0.00105238 -8.25978e-07)
(2.0196e-07 2.53579e-07 7.41136e-08)
(-1.05879e-06 -3.39326e-06 -2.1503e-11)
(0.00204545 -2.97286e-06 -7.77187e-07)
(-0.00175192 -0.000972726 1.74538e-06)
(-0.000423351 2.80809e-07 -5.52643e-08)
(-1.03154e-05 3.7311e-05 -1.82368e-11)
(0.000587487 0.000670121 3.89545e-07)
(-0.00584872 7.44324e-08 6.73361e-06)
(0.000105322 0.000369913 8.85119e-08)
(-0.00631402 7.44324e-08 6.73361e-06)
(-5.5739e-06 4.01018e-06 -5.42499e-07)
(3.03782e-06 -2.75245e-06 4.69468e-06)
(-2.96682e-05 -5.27465e-06 -4.47116e-06)
(-5.36248e-05 7.08067e-06 -2.07927e-06)
(-7.6595e-06 5.6962e-06 -4.06183e-06)
(-0.00288703 -0.00584278 -1.75203e-05)
(-4.57943e-05 5.4258e-05 3.34892e-06)
(0.000773451 -5.24275e-05 -1.64039e-06)
(-1.25379e-05 -1.42593e-05 -1.08859e-06)
(0.00239956 0.000376736 8.41086e-08)
(0.00106113 0.00128741 1.55191e-06)
(0.000359752 0.00026493 1.46373e-05)
(3.78685e-05 2.57084e-05 -8.23205e-07)
(0.00431484 -2.97286e-06 8.0164e-07)
(-2.78575e-06 -1.2245e-07 -1.04768e-10)
(-0.00114104 0.00201797 0.000817959)
(-0.000110051 -2.1032e-05 -5.72912e-07)
(-5.77603e-05 -8.48959e-07 2.35859e-05)
(-0.00334635 -0.00893224 -1.24063e-05)
(-0.000312047 -4.91268e-05 -0.00010906)
(1.87427e-05 0.000126053 -9.27247e-08)
(2.08167e-07 -9.30966e-07 3.14084e-05)
(-0.000286416 0.000685366 4.95854e-06)
(0.000462143 -0.00195136 -3.11813e-07)
(1.50114e-05 -1.60295e-06 2.79482e-06)
(-9.11028e-05 4.92113e-05 4.85257e-07)
(0.00199928 -0.000651809 1.70151e-06)
(-1.55657e-05 7.60682e-06 -5.6197e-07)
(-4.7505e-05 3.27356e-06 -1.06293e-05)
(-0.000117756 0.000203698 1.11832e-10)
(-8.77506e-06 -6.72636e-06 1.75031e-06)
(-4.73809e-05 1.98133e-06 -6.41609e-06)
(-0.00168562 -0.00565904 -1.24063e-05)
(-0.00288703 -0.00584278 -1.77895e-05)
(0.000294321 0.000420771 1.87091e-06)
(0.000258744 0.000413676 1.87091e-06)
(0.000201618 0.00015982 1.10538e-06)
(2.70281e-05 1.27764e-05 8.91723e-06)
(0.000245311 0.000164142 1.10538e-06)
(0.000273653 0.000166946 1.10538e-06)
(0.00034714 0.000152273 1.46373e-05)
(0.00139006 -8.19578e-07 -3.04568e-06)
(0.00139047 6.46573e-06 -3.04568e-06)
(-0.00255523 -0.00287903 -1.65957e-05)
(0.000633689 0.000481436 3.65454e-05)
(-1.05239e-09 -3.6214e-09 -2.22036e-07)
(-1.7485e-06 -1.01986e-06 -2.16775e-08)
(2.5173e-05 2.73617e-06 4.28064e-07)
(-1.96372e-07 3.73753e-07 1.99361e-07)
(-6.85697e-07 2.13805e-06 -1.83489e-09)
(0.00178669 -2.97286e-06 -7.77187e-07)
(-9.56211e-08 -1.71775e-07 -1.44841e-11)
(-0.00386395 -0.0021174 0.000797594)
(-0.00393327 7.44324e-08 6.73361e-06)
(-0.00413559 7.44324e-08 6.73361e-06)
(3.03782e-06 -2.75245e-06 7.08312e-07)
(-0.00446648 7.44324e-08 6.73361e-06)
(0.000488797 -0.00203938 -3.11813e-07)
(0.000865021 -0.000268762 5.93757e-09)
(-0.00358873 -0.0101476 -1.24063e-05)
(0.000341753 -0.00151277 5.93757e-09)
(-1.47287e-05 6.76974e-06 -5.6197e-07)
(0.000319878 -3.72207e-05 -3.69378e-07)
(0.000333379 -0.00191035 4.99355e-05)
(-0.000101318 5.89376e-08 9.47125e-08)
(0.00290975 -0.00194219 0.000149245)
(-0.000370218 1.68068e-06 -3.33708e-10)
(-3.75226e-10 3.51577e-09 -2.54395e-07)
(0.000873806 -0.00255869 0.000722375)
(-0.000281765 0.000602823 4.95854e-06)
(-7.40165e-06 -0.000245295 -0.00010906)
(-2.70712e-05 -7.1696e-06 2.36034e-06)
(-0.000137457 0.00015998 -6.34694e-07)
(-2.01318e-06 -1.75988e-05 -7.28299e-06)
(0.00290975 -0.000404474 0.000722375)
(0.000129939 -0.000798949 9.60202e-08)
(-8.19558e-06 -6.782e-06 1.75031e-06)
(0.000251607 -0.000120139 0.000738275)
(6.63409e-05 0.00037653 -1.54379e-06)
(-9.1705e-06 4.89679e-05 0.000228267)
(-1.4393e-06 0.000359214 -0.00041132)
(-0.00263616 -0.00537121 -1.47208e-05)
(-9.79689e-07 -2.35874e-06 -1.39012e-06)
(0.000768947 0.000515427 1.87091e-06)
(-1.21486e-05 -1.41817e-05 -1.08859e-06)
(2.25698e-05 -2.21149e-06 -6.67994e-06)
(1.15164e-05 1.08431e-05 8.91723e-06)
(-1.76492e-05 2.44129e-05 -3.78096e-06)
(-0.00359454 -0.0101768 -1.24063e-05)
(1.28331e-05 -2.84393e-05 4.15688e-06)
(0.000498474 -2.97286e-06 -7.77187e-07)
(0.00058973 0.000481436 3.65454e-05)
(-1.77698e-05 4.33294e-08 -1.52441e-07)
(-0.000670412 0.0024917 4.95854e-06)
(1.28331e-05 -3.1004e-05 4.15688e-06)
(0.000924304 7.44324e-08 1.38646e-05)
(-0.000392922 0.00257573 8.84364e-07)
(-1.08109e-05 -9.06302e-06 1.43288e-06)
(-1.81788e-05 6.16665e-05 -3.56726e-07)
(-0.00208945 -0.00553675 -1.24063e-05)
(0.000781358 -0.000102126 3.54776e-05)
(-0.00275781 -0.00530226 -1.24063e-05)
(-3.62573e-06 1.35749e-05 2.39049e-05)
(1.05703e-05 6.39985e-05 -1.57515e-09)
(-1.02651e-06 -2.51337e-06 -1.39012e-06)
(-2.25087e-06 -2.97603e-05 2.05322e-06)
(2.28236e-05 -2.18637e-06 -6.67994e-06)
(2.70319e-05 1.27376e-05 8.91723e-06)
(1.27936e-05 1.08431e-05 8.91723e-06)
(-0.00175495 -0.0013506 1.78742e-06)
(-0.000863013 0.002296 0.000448514)
(-2.74824e-05 -6.51263e-05 -2.77345e-08)
(2.01035e-09 -1.8263e-08 1.43992e-07)
(-1.33533e-08 1.25744e-09 1.02847e-06)
(-0.00049293 6.13138e-06 -3.33708e-10)
(0.00661862 -0.0086546 2.81943e-05)
(-0.000414223 0.00253045 5.40013e-07)
(3.27664e-07 -5.36338e-07 9.17716e-06)
(0.00666777 -0.00909357 2.81943e-05)
(0.000850698 -1.45319e-05 5.93757e-09)
(-0.000255007 0.000127907 4.95854e-06)
(-2.04207e-06 -5.53807e-06 4.66264e-06)
(-1.79411e-05 -8.0657e-06 -1.25226e-06)
(-3.06125e-05 -4.33041e-06 -2.05019e-06)
(-4.7505e-05 3.27356e-06 3.39892e-06)
(-2.04207e-06 -5.53807e-06 5.2016e-06)
(-0.00275236 -0.00530535 -1.24063e-05)
(3.93575e-05 -1.62243e-05 1.75031e-06)
(-9.09781e-05 1.35749e-05 1.37955e-05)
(2.60413e-05 -1.21921e-05 1.75031e-06)
(-3.62573e-06 1.35749e-05 2.14355e-05)
(-1.46095e-05 0.000293457 1.52441e-06)
(2.27001e-05 -2.1986e-06 -6.67994e-06)
(0.00190991 0.00027116 -5.0026e-07)
(0.000684903 6.61506e-05 3.32151e-06)
(0.00192553 0.00208175 -0.000736957)
(0.00051249 0.00162922 2.87058e-05)
(9.64344e-06 1.08431e-05 8.91723e-06)
(0.000158729 0.00129744 -5.0026e-07)
(0.000905092 -0.0021174 0.000266635)
(0.000905092 -0.00413516 0.000797594)
(2.64291e-06 4.80437e-07 1.11859e-11)
(-1.2618e-05 5.49436e-07 4.60132e-06)
(-2.74685e-06 3.99817e-07 -8.00229e-12)
(0.000905092 -0.0021174 0.000253173)
(0.00583394 0.00261793 2.81943e-05)
(-0.0015842 -0.000787412 1.78742e-06)
(-0.000414223 0.00253045 2.55477e-07)
(0.00583394 0.00319448 2.81943e-05)
(0.00583394 -0.00164561 2.4923e-05)
(-2.08728e-05 2.12065e-06 -0.000923073)
(-5.36584e-05 7.58524e-06 4.49457e-06)
(-1.2108e-05 7.19435e-06 3.97268e-07)
(-2.04207e-06 -5.53807e-06 4.52137e-06)
(-5.32399e-05 3.22596e-06 2.17386e-06)
(-0.00263616 -0.00537121 -6.89358e-06)
(-2.87173e-05 -3.32598e-05 -4.96655e-06)
(-2.04207e-06 -5.53807e-06 4.69117e-06)
(-2.25465e-05 -9.31071e-06 -2.05019e-06)
(0.00181138 0.00129744 -2.12517e-06)
(0.000121349 0.000320572 1.52441e-06)
(-7.11078e-07 -1.67852e-05 1.37955e-05)
(0.000140056 0.000153731 1.10538e-06)
(0.00148235 0.00212805 -1.06685e-06)
(-3.62573e-06 1.35749e-05 2.35545e-05)
(1.13826e-05 1.08431e-05 8.91723e-06)
(0.000705543 0.000250507 3.32151e-06)
(0.00169378 3.04329e-06 6.99873e-06)
(0.000580611 -7.36617e-05 0.000504963)
(0.000580611 -4.89682e-05 0.000504963)
(-0.00114104 0.00201797 8.86274e-05)
(-8.76452e-05 -3.21614e-05 3.7134e-05)
(4.68089e-07 -7.39067e-08 -1.45335e-10)
(-3.32341e-05 6.26646e-05 7.22053e-08)
(-0.000830865 -0.00172304 0.000192041)
(-0.000130024 0.000153789 0.00116973)
(-0.000216897 0.000333823 3.30252e-06)
(3.70006e-05 5.35268e-05 6.80955e-10)
(0.00169378 3.04329e-06 8.10509e-06)
(-4.78726e-06 7.24352e-06 6.88918e-07)
(0.000559784 0.000394439 0.00042374)
(-0.000130024 0.000153789 0.00106381)
(-3.32594e-06 9.82202e-06 2.53823e-06)
(-2.02449e-05 4.4831e-06 -2.16775e-08)
(0.00168727 -3.14194e-06 1.23868e-05)
(0.00485412 -3.14194e-06 -1.84009e-07)
(0.000924304 7.44324e-08 1.6211e-05)
(-1.35244e-05 -4.60429e-06 1.43288e-06)
(1.07412e-07 -4.9363e-07 2.29241e-06)
(4.10476e-06 3.90138e-06 -7.37358e-08)
(1.28331e-05 -1.75404e-06 2.09736e-06)
(-7.4086e-06 -1.69399e-05 -3.50137e-06)
(-5.33019e-05 3.87104e-06 2.17386e-06)
(-9.1705e-06 0.000107986 0.000228267)
(-1.76525e-06 -3.48187e-05 -4.96655e-06)
(1.68253e-05 1.35749e-05 1.37955e-05)
(2.73803e-05 -2.68293e-05 -4.96655e-06)
(0.000389628 0.000216098 6.296e-07)
(2.52304e-05 -2.70419e-05 -4.96655e-06)
(2.41458e-05 -2.71492e-05 -4.96655e-06)
(0.000723568 0.000411515 3.32151e-06)
(0.000680214 2.4267e-05 3.32151e-06)
(6.74839e-05 -0.000519558 1.74538e-06)
(0.000748607 0.000635161 3.32151e-06)
(0.000709251 0.000283631 3.32151e-06)
(1.0071e-05 0.000178553 6.296e-07)
(8.47612e-05 1.35749e-05 1.37955e-05)
(7.55438e-05 1.35749e-05 1.37955e-05)
(4.77087e-05 1.35749e-05 1.37955e-05)
(0.000294223 0.000707767 -1.3103e-06)
(9.00311e-05 1.35749e-05 1.37955e-05)
(9.0531e-05 1.35749e-05 1.37955e-05)
(0.000105993 0.000665671 1.60907e-06)
(-0.00215739 -0.00109474 -1.24063e-05)
(7.90489e-05 1.35749e-05 1.37955e-05)
(0.00171039 0.00190001 -1.06685e-06)
(0.000774393 0.000865486 3.32151e-06)
(-4.39483e-06 4.9547e-06 -1.48646e-06)
(0.00169378 -2.70542e-05 3.01601e-06)
(-4.52869e-07 1.44986e-05 -4.57411e-06)
(-0.00667373 7.44324e-08 6.73361e-06)
(-1.30123e-05 -6.95236e-06 1.68635e-06)
(-1.00207e-05 -4.1198e-06 -1.25551e-10)
(-0.00693672 7.44324e-08 6.73361e-06)
(1.54201e-07 4.06679e-07 3.03846e-10)
(0.00168727 -3.14194e-06 -9.27873e-06)
(-0.000191588 -4.52265e-05 3.81558e-06)
(0.00583394 0.00490445 2.81943e-05)
(-0.000191588 -4.52265e-05 3.5821e-06)
(-0.000672482 0.00245225 -1.87916e-06)
(-3.44182e-06 9.85716e-06 6.88918e-07)
(0.00522711 -3.14194e-06 -1.84009e-07)
(-4.12062e-06 -1.05334e-05 -0.000923073)
(-4.49486e-06 -4.0469e-05 1.88797e-06)
(-5.35485e-05 6.44039e-06 2.17386e-06)
(-1.0279e-05 -3.13328e-05 4.02794e-06)
(0.000405083 -3.37378e-05 2.53911e-09)
(0.00052999 0.00102776 -0.000983537)
(-0.000226067 0.000197026 8.06468e-06)
(-1.84279e-06 -3.01105e-06 -0.000154789)
(-8.96267e-06 5.4118e-06 -7.24819e-07)
(-7.24795e-06 -3.52563e-05 5.3023e-10)
(-8.39235e-06 -1.65512e-06 2.79482e-06)
(-1.2108e-05 7.19435e-06 1.95774e-07)
(0.00357311 0.00195039 -0.000275125)
(0.00170852 0.00190188 -1.06685e-06)
(0.000618772 0.000238764 6.296e-07)
(3.71142e-07 -2.80581e-05 1.37955e-05)
(-1.8162e-06 -3.4288e-05 -4.96655e-06)
(0.000116374 8.91214e-05 -1.3103e-06)
(-1.77191e-06 -3.47494e-05 -4.96655e-06)
(0.000614598 0.000238351 6.296e-07)
(2.55079e-05 -2.70145e-05 -4.96655e-06)
(-3.62573e-06 1.35749e-05 5.65055e-06)
(0.000730024 0.000469174 3.32151e-06)
(0.000798849 0.00108393 3.32151e-06)
(0.000750616 0.000653105 3.32151e-06)
(-2.82049e-07 7.28553e-06 -2.26066e-06)
(-0.00309772 -0.00472838 -1.12245e-06)
(2.42528e-06 -2.38285e-07 2.8885e-11)
(-0.00217656 0.00149155 0.00042374)
(-0.00204446 -0.00230548 3.25821e-07)
(0.00169378 1.01053e-05 3.01601e-06)
(0.00169378 -2.58481e-05 3.01601e-06)
(6.44178e-07 3.4358e-06 -6.85354e-08)
(0.00169378 3.04329e-06 4.31625e-06)
(0.00168727 -3.14194e-06 -1.65548e-05)
(-0.000830865 -0.00172304 0.000162196)
(0.00168727 -3.14194e-06 -1.39701e-05)
(1.12575e-05 -4.46636e-07 4.32163e-06)
(0.000251607 -0.000120139 3.01029e-05)
(-1.35608e-05 -4.6141e-06 1.43288e-06)
(3.17001e-05 -2.42323e-05 -3.85266e-06)
(-0.000201842 6.24589e-05 1.81382e-09)
(-8.25344e-06 5.00986e-06 -7.24819e-07)
(5.34897e-06 -4.2264e-06 5.94127e-06)
(4.71397e-06 -4.16544e-06 3.69683e-06)
(0.000106309 0.000188072 6.296e-07)
(1.06759e-05 -2.70122e-05 -1.16228e-05)
(7.75553e-05 1.35749e-05 1.37955e-05)
(0.000493103 0.00124966 1.60907e-06)
(0.00357311 0.00195039 -0.000119549)
(-3.62573e-06 1.35749e-05 5.09578e-06)
(0.00172447 0.00188593 -1.06685e-06)
(-3.62573e-06 1.35749e-05 4.17376e-06)
(-3.62573e-06 1.35749e-05 8.07146e-06)
(0.000726309 0.000435995 3.32151e-06)
(0.000709177 0.000282963 3.32151e-06)
(0.000745284 0.000605482 3.32151e-06)
(0.000791651 0.00101965 3.32151e-06)
(0.00104791 0.00330857 -1.83313e-05)
(0.000701283 0.00021246 3.32151e-06)
(0.000210384 -0.00161221 -1.69573e-08)
(-3.3687e-05 5.89376e-08 -1.21891e-13)
(-6.59406e-06 6.08574e-09 -7.41484e-11)
(0.000244236 0.000245511 1.53322e-06)
(0.00168727 -3.14194e-06 -1.43437e-05)
(1.28331e-05 -1.75404e-06 6.27773e-06)
(0.00169378 -2.77932e-05 3.01601e-06)
(-0.000283436 0.00020912 -1.87916e-06)
(0.00482967 3.04329e-06 3.01601e-06)
(0.00169378 3.04329e-06 9.08822e-07)
(-0.000130024 0.000153789 0.000179425)
(-1.09502e-05 6.08574e-09 -7.41484e-11)
(0.00583394 -0.00164561 3.50102e-05)
(0.000580611 -0.000540564 9.11596e-05)
(0.000617381 -0.000218412 5.40633e-07)
(0.00168727 -3.14194e-06 -1.66612e-05)
(1.73418e-06 3.30056e-06 -0.000923073)
(-9.29514e-06 -3.88232e-06 1.73516e-06)
(0.00583394 -0.00164561 3.30526e-05)
(-0.00169452 -0.000130019 9.77645e-06)
(2.98434e-06 4.04952e-06 -7.37358e-08)
(-0.000553123 -0.000330377 0.000413289)
(6.83752e-06 -4.86658e-06 0.00129855)
(1.86772e-05 -2.79854e-06 -1.25226e-06)
(-1.2108e-05 7.19435e-06 -1.7403e-06)
(0.00107323 -0.0032428 -5.81704e-07)
(-1.30374e-05 3.0426e-05 4.07902e-05)
(0.000524851 0.00057429 -1.87319e-06)
(0.000118086 0.000319921 1.52441e-06)
(-2.60701e-06 1.19853e-06 -1.24126e-07)
(-3.62573e-06 1.35749e-05 4.26515e-06)
(-0.000413098 0.0026646 -0.000736957)
(-3.52634e-06 1.77372e-05 4.02794e-06)
(-0.000769534 7.15452e-05 0.000392373)
(7.4493e-06 -7.04632e-06 -9.8498e-07)
(0.000852699 0.00040919 5.49388e-06)
(0.00182055 -0.00293347 -9.76558e-06)
(0.00278399 -0.00284612 -8.14694e-11)
(0.000924304 7.44324e-08 1.48219e-05)
(-8.07338e-06 -1.5606e-05 1.48647e-06)
(0.000427408 -0.00249801 -8.14694e-11)
(0.00166752 -0.00020896 -1.84009e-07)
(-1.21218e-06 -1.04303e-06 -1.45335e-10)
(-0.00212014 -0.00239243 -7.6785e-07)
(0.00142708 2.05851e-05 -1.69318e-05)
(-6.94578e-06 3.04993e-05 -4.71699e-07)
(0.00168727 -3.14194e-06 1.36437e-05)
(0.000624126 -0.000196138 2.14591e-07)
(0.00203985 -0.00280919 2.39611e-05)
(-0.00256603 0.000886192 -1.56025e-06)
(0.00583394 -0.00164561 3.41911e-05)
(0.00463492 -3.09287e-06 2.86145e-05)
(-0.00028987 0.000323325 -1.87916e-06)
(-4.26869e-05 -8.50673e-06 -2.79292e-06)
(-3.11588e-06 5.6471e-06 -1.25226e-06)
(1.36517e-06 2.75186e-05 1.67459e-10)
(4.45615e-06 -4.14069e-06 3.69683e-06)
(-7.4086e-06 -1.69399e-05 8.153e-06)
(-1.51872e-05 -1.25316e-05 4.02794e-06)
(2.35308e-05 0.000163538 -0.000861886)
(-0.00181246 0.00259323 -3.4021e-06)
(-2.60701e-06 1.19853e-06 5.06882e-07)
(-2.60701e-06 1.19853e-06 1.45636e-08)
(-2.60701e-06 1.19853e-06 -5.9781e-07)
(-2.60701e-06 1.19853e-06 5.15792e-07)
(0.000102915 4.51236e-06 1.34682e-06)
(-5.65842e-06 -1.30695e-06 4.02794e-06)
(0.000571782 0.000506595 -1.38094e-05)
(9.57116e-07 -1.94731e-05 4.02794e-06)
(0.000846198 0.000104768 1.52111e-06)
(0.00168727 -3.14194e-06 1.14327e-05)
(-2.72471e-05 0.000150532 -1.83011e-07)
(-0.00317939 0.00322744 -0.000451853)
(-0.00317939 0.00322744 -0.000244636)
(-0.00092475 0.00322744 -0.00117375)
(0.000956139 -0.00313455 -8.14694e-11)
(0.000885111 0.000302151 9.99617e-06)
(-0.000682307 -0.000196338 4.65211e-07)
(0.00168727 -3.14194e-06 8.40945e-06)
(-0.00317939 0.000750171 -0.00117375)
(-0.00317939 0.000258569 -0.00117375)
(0.00463492 -3.09287e-06 2.6266e-05)
(0.00463492 5.01854e-05 -1.15646e-06)
(0.00463492 -3.09287e-06 1.07749e-05)
(0.00463492 -3.09287e-06 1.62103e-05)
(0.00463492 -3.09287e-06 1.99571e-05)
(0.00463492 4.62425e-05 -1.15646e-06)
(0.000172365 5.64106e-05 7.76155e-10)
(0.000780354 -0.00138224 -5.81704e-07)
(0.00248226 0.000257446 1.27794e-05)
(0.00463492 -3.09287e-06 1.60392e-05)
(-0.000824776 0.00217332 -0.000837878)
(-0.000833941 -0.00259815 1.58172e-06)
(0.00177448 0.00101591 -0.000231881)
(0.00186434 -0.00290866 -9.76558e-06)
(-1.0155e-05 -5.24926e-07 -4.74149e-06)
(0.0024731 0.000349995 2.11572e-05)
(-0.00171097 -0.00104286 -1.12245e-06)
(-0.000843204 -0.00259535 1.58172e-06)
(-6.86233e-05 0.000129249 -4.18247e-07)
(1.28331e-05 -1.75404e-06 7.57363e-06)
(-5.36584e-05 7.58524e-06 -6.81843e-07)
(5.34897e-06 -4.2264e-06 7.16792e-07)
(0.000372856 0.000543978 -1.87319e-06)
(-0.000216685 0.00068119 6.08132e-05)
(-2.35933e-07 1.68763e-05 3.1829e-05)
(4.66813e-06 -4.16104e-06 3.69683e-06)
(7.50589e-05 1.19853e-06 -1.44307e-06)
(0.00110819 -9.60938e-05 2.26666e-06)
(-8.21866e-06 0.000160397 -0.000861886)
(-2.60701e-06 1.19853e-06 1.42485e-07)
(1.51769e-05 1.19853e-06 -1.44307e-06)
(4.58843e-05 1.19853e-06 -1.44307e-06)
(0.00110808 -9.72541e-05 2.26666e-06)
(4.67116e-07 -3.08228e-05 -1.44307e-06)
(-2.60701e-06 1.19853e-06 -4.72253e-07)
(-2.60701e-06 1.19853e-06 -2.08296e-07)
(0.00273685 0.000282016 -0.000861886)
(0.000554847 4.51236e-06 1.34682e-06)
(0.000555302 0.000359394 -1.38094e-05)
(-5.79398e-06 -1.14093e-05 -1.55226e-08)
(8.83319e-05 0.00251964 0.000313066)
(-0.00167144 0.00407751 -0.000618818)
(0.0049301 0.000638917 9.99617e-06)
(-1.375e-05 0.000150532 -1.83011e-07)
(-7.86899e-06 6.08574e-09 -8.98194e-07)
(0.00167887 -9.06458e-05 -1.84009e-07)
(-0.000132105 0.000133603 -4.83433e-07)
(0.00166922 -0.000191167 -1.84009e-07)
(0.00463492 5.23487e-05 -1.15646e-06)
(0.00463492 3.78108e-05 -1.15646e-06)
(0.00463492 -3.09287e-06 7.0273e-06)
(0.00463492 3.81386e-05 -1.15646e-06)
(0.00463492 -3.04839e-05 -1.15646e-06)
(0.00333021 -0.00347748 0.00112949)
(0.00463492 1.08179e-05 -1.15646e-06)
(0.0027335 -0.00900506 -9.76558e-06)
(0.00190101 -0.00288787 -9.76558e-06)
(0.00203985 0.00540126 -9.76558e-06)
(-0.00215654 5.87947e-05 -0.000837878)
(0.00256758 -0.00752302 -9.76558e-06)
(0.000831556 -0.00317507 -9.76558e-06)
(0.000343885 -0.000261492 2.7681e-05)
(0.00248182 0.00019521 1.27794e-05)
(5.54895e-06 -2.13739e-06 1.50773e-06)
(3.04049e-06 -1.15665e-05 4.32163e-06)
(-4.36116e-05 1.1257e-06 -8.21267e-07)
(4.57335e-06 -9.61077e-07 4.15688e-06)
(0.00139513 0.000747853 -1.87319e-06)
(0.000423793 0.000554136 -1.87319e-06)
(0.00026152 0.000187079 -0.000861886)
(7.19061e-06 2.84606e-05 3.69683e-06)
(-2.60701e-06 1.19853e-06 -2.70198e-06)
(0.00067591 4.51236e-06 1.34682e-06)
(0.00758994 0.00261711 -0.000983537)
(7.09237e-07 -3.33448e-05 -1.44307e-06)
(3.59869e-05 1.19853e-06 -1.44307e-06)
(9.09742e-06 -5.36146e-06 3.69683e-06)
(0.00117479 0.00232215 -1.38094e-05)
(-7.4086e-06 -1.69399e-05 1.2122e-05)
(0.000575709 0.00054167 -1.38094e-05)
(0.00574945 -0.00210642 -2.32706e-06)
(-0.00191904 -0.00162605 0.000587685)
(-0.00174981 -0.00192466 0.000587685)
(-2.5242e-10 1.4233e-07 -4.82162e-08)
(-0.0014785 0.00322744 -0.00117375)
(2.13405e-05 2.55792e-05 -0.000476554)
(2.2386e-06 2.99958e-06 -3.67189e-06)
(-9.484e-07 1.97485e-06 4.58023e-07)
(0.00028675 8.7856e-05 1.53322e-06)
(7.51009e-05 2.69582e-05 1.08177e-10)
(0.00120698 -0.000758769 -1.71257e-06)
(7.20951e-09 1.87001e-07 8.23185e-06)
(0.00168727 -3.14194e-06 -1.14403e-05)
(0.00630482 -3.14194e-06 -1.84009e-07)
(0.000878083 0.000325361 9.99617e-06)
(0.00787268 2.05851e-05 -1.67872e-05)
(0.00463492 -4.50021e-05 -1.15646e-06)
(0.00273427 -0.0090119 -9.76558e-06)
(0.00574945 -0.00210642 0.000212085)
(-0.000619153 -0.000145659 1.10093e-06)
(0.00271564 -0.00884547 -9.76558e-06)
(0.00463492 -3.09287e-06 -7.63703e-06)
(0.00267538 -0.00848592 -9.76558e-06)
(-8.95418e-06 -3.79038e-06 -1.25551e-10)
(-0.00103224 0.0021105 -0.000837878)
(0.000973073 -0.00313222 -9.76558e-06)
(0.0024731 0.000349995 1.48482e-05)
(-6.81266e-05 1.1257e-06 -2.79292e-06)
(0.000215737 0.000133282 1.27794e-05)
(7.05232e-05 1.19853e-06 -1.44307e-06)
(-2.60701e-06 1.19853e-06 -3.83835e-06)
(4.19092e-05 1.19853e-06 -1.44307e-06)
(4.75969e-05 1.19853e-06 -1.44307e-06)
(-2.60701e-06 1.19853e-06 -3.8485e-06)
(0.000374307 1.6668e-05 -1.12818e-06)
(-2.60701e-06 1.19853e-06 -3.3557e-06)
(-0.000211101 -5.58239e-05 5.98302e-05)
(3.65043e-08 -1.01706e-08 -2.95918e-09)
(-3.81158e-05 0.00322744 -0.00117375)
(-1.03447e-05 -0.000435389 -1.02534e-05)
(0.00249022 0.000176934 1.27794e-05)
(0.0018559 -0.00291344 -9.76558e-06)
(0.0026325 -0.00810292 -9.76558e-06)
(0.00574945 -0.000364219 0.00112949)
(0.00176746 0.00251964 0.00017289)
(0.00463492 3.30403e-05 -1.15646e-06)
(0.00282312 -0.00980555 -9.76558e-06)
(0.00463492 -3.09287e-06 -2.79934e-05)
(-4.36116e-05 1.1257e-06 -4.70543e-06)
(0.00466045 0.00101234 1.27794e-05)
(-9.10128e-06 -6.61127e-06 -4.74149e-06)
(0.00276194 -0.00925908 -9.76558e-06)
(0.00268981 -0.0086148 -9.76558e-06)
(0.00272141 -0.00889704 -9.76558e-06)
(0.00268903 -0.00860779 -9.76558e-06)
(-1.0042e-05 -8.97952e-07 -4.74149e-06)
(0.00046154 0.00382126 1.67257e-07)
(1.87248e-05 4.90293e-07 -2.02422e-06)
(0.00061666 -0.00201326 2.83555e-06)
(-1.03447e-05 0.00777129 -2.13615e-06)
(-1.03447e-05 0.00536925 -2.13615e-06)
(-0.00245179 0.000296171 0.00134448)
(0.000845387 4.51236e-06 1.34682e-06)
(6.83357e-07 5.87527e-06 -4.4472e-06)
(6.83357e-07 5.87527e-06 -4.50187e-06)
(-0.000834135 0.0016149 8.79909e-08)
(0.000383641 4.51236e-06 1.34682e-06)
(0.000798891 0.00253518 -5.25579e-06)
(1.44003e-05 -1.39943e-05 2.84784e-05)
(0.000798891 0.00253518 -7.04084e-06)
(-1.10438e-05 -6.2896e-06 2.09198e-05)
(1.53718e-05 -2.9615e-05 -1.80228e-05)
(0.00181122 -0.000671361 1.84862e-05)
(-2.49214e-05 5.29927e-05 4.0452e-06)
(-1.39109e-07 2.0294e-07 -1.15122e-11)
(-0.00215513 3.37691e-05 -0.000837878)
(0.000846198 -0.00313941 -0.000476554)
(-3.33239e-05 -3.75977e-05 -1.03233e-05)
(-0.000572534 0.00027758 -1.05344e-07)
(-0.000773499 3.02362e-05 0.00022312)
(-0.000137975 0.000192949 -4.83433e-07)
(-1.5046e-05 -1.69345e-05 -3.5013e-06)
(0.00177389 0.000596819 1.55329e-06)
(0.00175414 0.000662046 1.28334e-05)
(0.00203985 -0.00280919 -5.13604e-05)
(0.00756748 0.000989578 1.55329e-06)
(2.43987e-06 -0.000434162 -2.13615e-06)
(0.00175414 0.000662046 1.23521e-05)
(-0.000747748 0.00478759 2.99728e-06)
(0.00203985 -0.00280919 -4.22122e-05)
(0.00290508 -0.0105377 -9.76558e-06)
(0.00101671 -0.00267645 -3.39758e-06)
(0.00493742 0.00109621 1.27794e-05)
(-1.74036e-05 -0.000199487 -2.53755e-07)
(0.00247914 0.000242922 1.27794e-05)
(0.000935452 -0.00442116 2.83555e-06)
(-1.14816e-05 5.93904e-05 3.14064e-06)
(0.0024731 0.000349995 9.72833e-06)
(0.00203985 -0.00280919 -5.13917e-05)
(0.000620853 -0.00201199 2.83555e-06)
(0.0024731 0.000349995 8.28298e-06)
(0.00404454 0.00170416 -0.000592461)
(-0.000758391 -0.000256716 1.58172e-06)
(4.76195e-06 4.61619e-07 -2.02422e-06)
(6.83357e-07 5.87527e-06 -2.23425e-06)
(0.000499993 0.00381757 1.67257e-07)
(0.000172144 -0.000804111 -4.0186e-06)
(0.000733988 0.00094051 -1.12818e-06)
(-0.00263259 0.000485186 3.18357e-07)
(1.86825e-05 -1.52909e-05 2.84784e-05)
(1.98088e-05 -1.5632e-05 2.84784e-05)
(1.33443e-05 -1.36745e-05 2.84784e-05)
(2.13864e-05 -1.61097e-05 2.84784e-05)
(1.97398e-05 -7.70097e-06 -1.61673e-07)
(0.000432161 -0.000126126 7.55705e-05)
(-0.000738814 0.00224339 -0.000618818)
(-0.000752473 0.00223925 -0.000618818)
(0.00181122 -0.000671361 2.14758e-05)
(0.00181122 -0.000671361 2.06766e-05)
(-0.00509273 -0.00161021 4.39038e-06)
(0.00141703 -8.4049e-05 -1.67872e-05)
(0.00720886 2.05851e-05 -1.67872e-05)
(-0.000566735 6.78618e-05 2.20069e-06)
(-1.6901e-05 -7.88097e-05 1.3554e-06)
(-1.03447e-05 -0.000435389 -8.27265e-06)
(5.92774e-07 2.47925e-06 4.02541e-07)
(-0.000747748 0.00478759 1.72051e-06)
(0.00793451 0.00101026 1.55329e-06)
(-6.16278e-07 2.82924e-07 -6.02543e-07)
(0.000826194 -0.000138291 6.74032e-07)
(-6.84115e-06 -7.72737e-05 -3.70664e-07)
(-3.95119e-05 -0.000432589 -2.13615e-06)
(-0.000334184 0.000606712 -1.38353e-06)
(0.00463492 -6.26869e-05 -1.15646e-06)
(0.00120698 -0.000758769 -1.42646e-06)
(-0.000747748 0.00478759 2.4617e-06)
(2.08739e-05 -1.59545e-05 2.84784e-05)
(0.005136 0.000681069 2.20925e-07)
(-1.03447e-05 0.0042969 -2.13615e-06)
(-2.8598e-05 5.87527e-06 1.05915e-06)
(3.79985e-05 5.87527e-06 1.05915e-06)
(4.58237e-05 5.87527e-06 1.05915e-06)
(5.06087e-05 5.87527e-06 1.05915e-06)
(6.69628e-05 5.87527e-06 1.05915e-06)
(-0.00263027 0.00049915 3.18357e-07)
(-1.65544e-05 -3.39212e-05 2.84784e-05)
(0.00152629 5.05555e-05 -5.36255e-06)
(1.95254e-05 -1.55462e-05 2.84784e-05)
(-0.000435877 0.000144738 -3.45426e-06)
(0.00804364 0.00101641 1.55329e-06)
(0.00208759 -0.00118106 4.39038e-06)
(0.00207773 -0.00121362 4.39038e-06)
(0.00217759 -0.000883843 4.39038e-06)
(0.00206751 -0.00141636 4.39038e-06)
(0.00181122 -0.000671361 1.48883e-05)
(0.000252396 -8.70162e-05 7.55705e-05)
(0.00525522 -0.000865401 4.62103e-06)
(0.00183124 -0.000605242 4.62103e-06)
(0.00181122 -0.000671361 1.49986e-05)
(0.00185718 -0.000192617 4.62103e-06)
(-0.00124545 0.00463689 -1.38353e-06)
(0.00201695 -0.00150556 4.39038e-06)
(-0.000293317 -0.000326214 2.29892e-06)
(-0.00131644 0.00461539 -1.38353e-06)
(-2.87851e-05 -0.00012288 1.46213e-06)
(-1.03447e-05 -0.000435389 -9.61693e-06)
(-1.10438e-05 -6.2896e-06 4.0912e-05)
(0.00543616 0.000710761 2.20925e-07)
(6.83357e-07 5.87527e-06 4.5387e-06)
(0.000614239 0.0038066 -6.83042e-08)
(-1.03447e-05 0.00281831 -2.13615e-06)
(2.029e-05 8.02444e-07 -2.02422e-06)
(6.83357e-07 5.87527e-06 3.34695e-06)
(0.000409471 -3.2154e-05 -1.28653e-06)
(0.00153756 0.000151201 -5.36255e-06)
(5.16593e-05 5.87527e-06 1.05915e-06)
(2.258e-05 -1.64711e-05 2.84784e-05)
(0.00112625 0.00365156 1.67257e-07)
(0.00618044 -0.00091753 4.62103e-06)
(-0.00021395 -4.64133e-05 4.78041e-07)
(0.0075544 2.05851e-05 -1.67872e-05)
(-1.19522e-05 -2.56035e-05 -1.56992e-05)
(-4.59218e-09 -4.76927e-09 4.50459e-06)
(0.00200349 -0.00152932 4.39038e-06)
(-0.000439156 -0.000157254 1.82593e-06)
(-0.00144977 -0.00245409 5.30429e-05)
(0.00732726 -0.000982143 4.62103e-06)
(0.0079392 -0.00101662 4.62103e-06)
(0.00783914 2.05851e-05 -1.67872e-05)
(-0.000493297 0.000206206 -1.77767e-06)
(-0.00192735 -2.08521e-05 -0.000891613)
(-1.47971e-06 2.24824e-06 -2.72447e-06)
(-0.00100727 0.00939373 -1.38353e-06)
(-0.000309834 0.000360543 -1.38353e-06)
(-0.000384854 0.00111895 -1.38353e-06)
(0.00273501 -0.00052655 -1.49007e-06)
(-0.00193094 1.11791e-05 -0.000891613)
(-7.32709e-06 0.000125164 -8.83901e-08)
(-1.03447e-05 -0.000435389 -9.66632e-06)
(-0.000132612 5.6166e-05 -1.93772e-07)
(-0.000455312 -0.000447662 6.30444e-07)
(-0.000649328 -0.00361757 0.00228938)
(0.00309351 0.00047903 -3.15647e-06)
(6.83357e-07 5.87527e-06 4.71645e-06)
(0.00299626 0.000800198 2.20925e-07)
(-0.00262665 0.000520968 3.18357e-07)
(7.29315e-05 5.87527e-06 1.05915e-06)
(5.10356e-05 5.87527e-06 1.05915e-06)
(0.00155283 0.000287626 -5.36255e-06)
(-1.10438e-05 -6.2896e-06 3.85624e-05)
(-1.10438e-05 -6.2896e-06 4.03915e-05)
(0.00110626 0.00365762 1.67257e-07)
(-1.10438e-05 -6.2896e-06 4.14817e-05)
(-4.43406e-05 0.000464313 0.000243196)
(-8.05304e-06 4.42747e-07 -1.19194e-08)
(8.6098e-06 -0.000259588 -0.000163122)
(0.00772562 -0.00100459 4.62103e-06)
(-5.03971e-06 -1.66107e-05 -2.11693e-11)
(0.00195764 -0.00161021 -7.1156e-07)
(0.00195764 -0.00161021 -1.17381e-06)
(-2.55401e-07 -8.93709e-06 -3.57897e-05)
(5.00224e-05 -6.14993e-05 -3.19895e-07)
(0.00141524 -0.000102695 -1.67872e-05)
(0.00771413 2.05851e-05 -1.67872e-05)
(0.00222091 -0.000740794 4.39038e-06)
(0.00945115 0.00109571 1.55329e-06)
(0.00847344 0.00104062 1.55329e-06)
(0.00837572 0.00103512 1.55329e-06)
(-0.000319044 -0.000159704 1.24025e-06)
(-0.00070196 -0.000156869 4.07723e-05)
(8.92227e-07 3.2581e-07 -1.47283e-06)
(-0.000112231 4.46155e-05 -1.93772e-07)
(-0.00649162 -0.00418153 0.000891656)
(-1.45367e-05 0.0027456 -1.06726e-05)
(0.000380575 -0.00108752 5.59571e-07)
(-4.56514e-05 2.04841e-05 7.9418e-06)
(-3.76733e-05 -8.14397e-07 1.38805e-05)
(-0.00182702 -0.00569562 0.00114747)
(0.000166783 0.00318745 3.47839e-06)
(0.000166783 0.00318745 4.70501e-06)
(0.000166783 0.00318745 3.86672e-06)
(0.00154732 0.000238387 -5.36255e-06)
(6.83357e-07 5.87527e-06 6.25691e-06)
(0.000590928 -3.2154e-05 -1.28653e-06)
(6.83357e-07 5.87527e-06 4.67131e-06)
(-0.0013339 -0.000821719 0.000712563)
(6.83357e-07 5.87527e-06 5.47353e-06)
(0.000553247 -3.2154e-05 -1.28653e-06)
(-1.10438e-05 -6.2896e-06 3.93511e-05)
(0.000614239 0.0038066 -1.51266e-07)
(0.00110546 0.00365786 1.67257e-07)
(0.000614239 0.0038066 -1.0511e-07)
(-0.000544072 -0.000245947 -0.000163122)
(6.35065e-05 -2.82644e-05 -2.69912e-11)
(0.00662614 -0.00598456 2.69727e-05)
(-0.00031204 -0.00031761 -0.000163122)
(0.00948416 0.00109757 1.55329e-06)
(0.00260531 0.00167418 3.6486e-07)
(0.00109387 0.00434113 4.55119e-06)
(0.00803388 2.05851e-05 -1.67872e-05)
(2.84033e-07 4.48411e-07 1.45978e-11)
(-0.00014168 9.09595e-06 -1.77767e-06)
(-0.000747748 0.00478759 -3.81936e-06)
(-2.87851e-05 -0.00012288 1.18338e-06)
(-1.73488e-05 9.04672e-06 -6.93688e-07)
(-2.89371e-05 -6.46506e-07 -1.87454e-06)
(-0.000130498 0.000460217 -1.42364e-06)
(-4.37367e-07 3.87035e-06 -3.92428e-10)
(0.000831007 -8.8158e-05 2.00401e-07)
(0.00247308 -0.00314702 -1.49007e-06)
(-0.000381282 0.000919995 -0.000154842)
(-0.000747748 0.00478759 -3.05435e-06)
(-0.00190668 -0.000205493 -0.000891613)
(-0.00108953 0.000589861 -8.00674e-07)
(0.00481892 0.0022003 2.24376e-09)
(0.00167471 0.000236268 -9.79561e-07)
(-9.09988e-05 0.00318745 -7.02803e-06)
(-3.81616e-05 0.00318745 -7.02803e-06)
(3.94609e-05 0.00318745 -7.02803e-06)
(1.55029e-05 0.000261202 2.86458e-06)
(-1.31811e-05 4.99098e-06 2.39613e-05)
(1.64301e-05 0.00318745 -7.02803e-06)
(0.000166783 0.00318745 -5.12905e-07)
(0.00652071 0.000818042 2.20925e-07)
(6.1455e-06 0.00017762 2.86458e-06)
(-1.31811e-05 4.99098e-06 3.45131e-05)
(0.000166783 0.00318745 3.75926e-06)
(-0.000756334 -0.00285394 0.000891656)
(0.00045994 0.00349416 5.97027e-06)
(-1.31811e-05 4.99098e-06 4.03099e-05)
(6.83357e-07 5.87527e-06 6.51117e-06)
(0.000166783 0.00318745 3.16332e-06)
(0.000232519 0.00272189 -7.50171e-06)
(0.000106356 0.00318745 -7.02803e-06)
(-1.31811e-05 4.99098e-06 1.99998e-05)
(0.000108703 -3.19164e-05 2.86458e-06)
(3.50496e-05 -2.0247e-05 2.84784e-05)
(-6.80152e-06 4.42747e-07 -1.65614e-08)
(-0.000159175 -0.000899233 -1.42219e-06)
(0.000996553 -0.00205897 2.63138e-06)
(0.00129853 0.000428212 -1.05541e-05)
(-3.78124e-07 0.00158682 -2.87162e-07)
(-0.000151088 -0.000162689 -2.37604e-07)
(0.000223872 0.000852317 0.00012784)
(-1.93737e-06 -4.08865e-05 2.72617e-10)
(-1.7068e-05 -3.20151e-06 3.1907e-10)
(0.00169305 -0.00673434 1.27364e-06)
(2.39711e-06 -2.85271e-06 -0.000533047)
(0.000125654 1.13191e-05 5.59571e-07)
(0.00195764 -0.00161021 -1.09135e-05)
(-2.05386e-05 -0.000125377 1.3554e-06)
(-0.0011019 0.00468035 -1.38353e-06)
(0.00212559 -0.00334395 -1.49007e-06)
(-0.00125105 0.00463519 -1.38353e-06)
(-0.00149076 -0.00510228 0.00114747)
(9.0454e-05 -2.63905e-05 2.86458e-06)
(-0.000623568 -0.00362185 0.00114747)
(0.000343144 0.00502449 -7.02803e-06)
(0.00132124 -0.000329012 2.24376e-09)
(0.000106734 -0.000698005 0.000166693)
(-5.30481e-05 0.00318745 -7.02803e-06)
(0.000444847 -0.000511111 0.000166693)
(7.33522e-05 0.00318745 -7.02803e-06)
(4.04013e-05 0.00318745 -7.02803e-06)
(3.492e-05 0.00318745 -7.02803e-06)
(-1.31811e-05 4.99098e-06 1.98702e-05)
(-1.31811e-05 4.99098e-06 1.64599e-05)
(-1.31811e-05 4.99098e-06 1.94273e-05)
(-1.31811e-05 4.99098e-06 1.83783e-05)
(6.14645e-06 0.000177629 2.86458e-06)
(-1.31811e-05 4.99098e-06 1.05157e-05)
(1.45741e-05 0.000252906 2.86458e-06)
(0.000401901 -1.25159e-05 -1.21043e-06)
(-1.31811e-05 4.99098e-06 1.80343e-05)
(7.6669e-05 -2.22163e-05 2.86458e-06)
(0.00022974 -1.25159e-05 -1.21043e-06)
(-8.5829e-05 8.63799e-05 -1.93772e-07)
(3.50604e-06 0.000154044 2.86458e-06)
(0.000430706 -1.25159e-05 -1.21043e-06)
(-0.00685059 0.000887511 8.75758e-05)
(0.00111939 0.00332812 5.97027e-06)
(0.00247324 -0.00163165 -6.96668e-06)
(0.00127269 0.000513542 -1.25836e-05)
(0.00267071 -0.00292069 1.27364e-06)
(-0.00261353 0.000408724 -1.30415e-05)
(0.00247324 -0.00163165 -1.2058e-05)
(0.00152987 0.00773146 2.82038e-07)
(-0.000537537 0.000259678 -8.74691e-08)
(1.76074e-07 9.02178e-07 -3.75672e-07)
(0.000394893 -0.000418562 -6.80096e-06)
(-0.000747748 0.00478759 -6.44053e-06)
(0.000840682 0.00341252 5.97027e-06)
(0.00275467 0.0022003 3.38652e-06)
(1.35877e-05 -3.11479e-06 2.86458e-06)
(-9.34905e-06 -3.37501e-05 -1.7249e-09)
(-8.78832e-05 7.40036e-05 -1.93772e-07)
(0.000166783 0.00318745 -8.67077e-06)
(-1.31811e-05 4.99098e-06 -9.02307e-06)
(0.000217939 -0.00019922 -1.95834e-06)
(4.87727e-05 4.95737e-05 -1.41806e-06)
(0.000245841 0.00272061 -7.50171e-06)
(0.00327781 0.000394844 2.39925e-06)
(1.50681e-05 -3.56307e-06 2.86458e-06)
(0.000397518 -1.25159e-05 -1.21043e-06)
(0.000827487 0.00341651 5.97027e-06)
(0.0008616 0.00340618 5.97027e-06)
(9.6091e-05 -2.80974e-05 2.86458e-06)
(0.00662614 -0.00598456 1.83672e-07)
(0.00708837 -0.00606128 7.7141e-06)
(0.000996553 -0.00400204 2.0669e-06)
(-0.00138252 -0.000596166 -2.37604e-07)
(-3.46485e-07 -1.15902e-05 -1.46311e-07)
(-1.04971e-05 5.67045e-06 -7.60249e-09)
(-1.50317e-06 -1.12399e-05 -1.46311e-07)
(-0.00113312 0.000325315 -8.28732e-06)
(0.00695403 0.000833638 -1.05541e-05)
(0.00126332 -0.00919787 -8.0386e-06)
(-2.73978e-05 -5.01791e-05 -8.62544e-07)
(0.00580729 -4.9533e-06 -6.45542e-10)
(1.1884e-07 3.06005e-07 -3.68159e-07)
(0.000171133 0.00163666 1.00058e-06)
(0.000213883 -0.000473373 -8.0386e-06)
(-7.51632e-06 0.000116751 -3.03135e-07)
(0.000394893 -0.000418562 -7.2062e-06)
(0.00197718 0.00232935 2.24376e-09)
(-1.45367e-05 0.0027456 -4.16327e-06)
(-1.31811e-05 4.99098e-06 -2.54175e-05)
(0.000166783 0.00318745 -1.21987e-05)
(1.54013e-06 0.000136484 2.86458e-06)
(0.000166783 0.00318745 -1.54537e-05)
(-0.00199097 -0.00305887 0.000891656)
(-8.83347e-05 7.12834e-05 -1.93772e-07)
(0.000110076 0.00318745 -7.02803e-06)
(0.000361338 0.00116088 -7.02803e-06)
(-1.31811e-05 4.99098e-06 -3.11999e-05)
(-0.000124069 6.78342e-05 2.86458e-06)
(1.35104e-05 0.000243405 2.86458e-06)
(9.17327e-05 -2.67777e-05 2.86458e-06)
(9.44233e-05 -2.75924e-05 2.86458e-06)
(0.000102791 -3.01261e-05 2.86458e-06)
(8.86203e-05 -2.58352e-05 2.86458e-06)
(0.00662614 -0.00598456 -4.65253e-06)
(-0.000911027 -0.000975284 -1.42219e-06)
(0.00662614 -0.00598456 -4.79407e-06)
(0.00662614 -0.00598456 -1.18904e-06)
(0.0101348 -0.00656692 7.7141e-06)
(-1.83812e-05 -2.75502e-05 -8.34801e-06)
(0.00506774 -0.00192211 -4.7394e-06)
(0.000940905 -0.00598456 7.7141e-06)
(2.54223e-05 0.000219431 2.82038e-07)
(0.000715878 0.00158682 -2.87162e-07)
(-0.000916654 0.000313119 -8.28732e-06)
(0.0038974 0.00102104 -4.64752e-07)
(-3.5119e-07 -4.18996e-07 3.36188e-05)
(0.00014848 0.000458343 0.00012784)
(-1.34266e-06 -5.13922e-05 2.72617e-10)
(0.00253383 -0.00152474 -4.7394e-06)
(-2.33827e-05 -9.40123e-05 -8.62544e-07)
(0.00167635 0.00642302 2.82038e-07)
(-3.08683e-05 -1.67775e-05 2.53217e-06)
(-1.33682e-05 2.94826e-05 2.75914e-06)
(0.00357373 -0.0062827 -1.49007e-06)
(0.00149779 0.00801802 2.82038e-07)
(0.000180817 -0.000483386 -8.0386e-06)
(-4.09616e-06 8.92322e-06 -2.85641e-06)
(-0.00178679 -0.00562465 0.00114747)
(0.000622645 0.00347854 1.14264e-05)
(-0.000157072 0.00163688 1.00058e-06)
(0.00167471 0.000236268 8.10961e-06)
(0.00181316 0.00553881 -3.6307e-05)
(2.24391e-06 -1.09234e-05 2.54752e-06)
(0.000991533 0.00336684 5.97027e-06)
(0.000116134 -3.41666e-05 2.86458e-06)
(-0.000279245 -0.0027408 0.000448695)
(0.00097477 -0.00628076 -8.0386e-06)
(0.000996553 -0.00205897 1.56933e-06)
(2.3245e-06 -1.30506e-06 1.23738e-07)
(-3.54485e-06 -1.30429e-05 -4.56908e-11)
(1.51904e-06 -4.46613e-06 1.23738e-07)
(-0.00026726 0.000276531 -8.28732e-06)
(-1.10669e-06 -4.18452e-06 -1.86632e-12)
(0.000832467 -0.00484216 -8.0386e-06)
(0.00259379 -1.13856e-05 -2.87162e-07)
(0.0075215 0.00086561 -1.05541e-05)
(-5.33903e-06 -4.66324e-08 -4.74732e-10)
(0.00585179 -4.9533e-06 -6.45542e-10)
(-7.80822e-06 6.51558e-07 1.60821e-06)
(9.43742e-07 -2.02721e-06 0.000166099)
(-0.00101125 8.56109e-05 -1.4288e-09)
(8.99148e-08 -1.84287e-06 -4.93339e-06)
(0.000394893 -0.000418562 -7.75375e-06)
(-4.92215e-05 1.70217e-05 -5.1729e-06)
(0.0011293 -0.00340853 -7.31739e-07)
(0.00181316 0.00553881 -3.24578e-05)
(-1.1176e-06 1.05509e-05 -1.93477e-05)
(0.00016361 -1.43043e-05 -5.3924e-05)
(3.88786e-08 -1.49549e-06 -1.30448e-05)
(-1.1176e-06 1.05509e-05 -1.69935e-05)
(0.00112887 0.00210763 -2.45362e-05)
(-5.59157e-07 -7.98684e-06 2.53217e-06)
(-4.32411e-05 5.30523e-05 -6.10698e-06)
(0.0025782 0.0123723 -2.45362e-05)
(0.00231051 0.00525695 -2.45362e-05)
(0.00174078 0.00556073 -2.45362e-05)
(0.00181316 0.00553881 -3.49432e-05)
(0.000622645 0.00347854 1.09516e-05)
(0.00076446 0.00461855 1.00401e-05)
(0.00171725 0.00556786 -2.45362e-05)
(8.91139e-05 0.000968211 -4.04501e-05)
(-5.63623e-06 -2.09421e-06 -7.16381e-07)
(0.00570771 -4.9533e-06 -6.45542e-10)
(2.5994e-05 -1.76147e-05 -3.4695e-08)
(-1.01941e-07 -3.53662e-07 -0.00100647)
(0.00425093 0.00106062 -4.64752e-07)
(-6.88052e-05 0.00026535 -8.28732e-06)
(-0.000172462 0.00027119 -8.28732e-06)
(-1.23098e-05 1.5352e-05 1.11996e-06)
(0.00260207 7.48798e-05 -2.87162e-07)
(-4.57475e-06 -1.55135e-05 -1.46311e-07)
(0.00624323 0.00079359 -1.05541e-05)
(0.00247324 -0.00163165 -7.43277e-07)
(-5.82424e-05 -1.27319e-05 -6.10698e-06)
(-1.15299e-05 -2.0857e-05 -2.70755e-06)
(1.00114e-07 -4.11687e-05 2.72617e-10)
(-9.74186e-05 -3.1697e-05 2.26526e-05)
(0.00155791 -0.000854182 3.46369e-07)
(0.000137552 0.000337023 2.29112e-06)
(0.00052497 0.00219745 2.71336e-07)
(0.000818833 -0.00147263 -7.31739e-07)
(-2.36697e-05 -9.54512e-05 -8.62544e-07)
(0.000394893 -0.000418562 -8.28347e-06)
(-0.000496787 -0.00156151 -0.000420925)
(-9.57331e-06 -1.72388e-05 9.73257e-07)
(-0.00766577 0.00132019 2.06167e-07)
(4.24635e-07 -5.51368e-06 -1.30448e-05)
(2.72453e-08 -1.37431e-06 -1.30448e-05)
(4.61231e-05 0.000592994 3.51277e-06)
(-6.0029e-05 2.31467e-05 -6.10698e-06)
(4.13451e-05 1.05509e-05 -1.30448e-05)
(0.00127732 0.00446326 2.71336e-07)
(4.24515e-05 1.05509e-05 -1.30448e-05)
(0.00124768 0.00447223 2.71336e-07)
(0.00124505 0.00447303 2.71336e-07)
(0.00592539 -4.9533e-06 -6.45542e-10)
(-0.00245683 0.0013537 -1.14023e-05)
(2.22764e-09 5.08366e-09 -2.42011e-07)
(0.00132864 0.000645062 0.000469146)
(0.000412502 0.000332274 -0.000197412)
(0.00735791 -0.00469334 7.7141e-06)
(0.00134693 -0.00252452 1.05356e-06)
(-1.59364e-05 -5.66746e-05 -2.77751e-06)
(-0.00263218 0.00081121 8.0705e-06)
(-5.91283e-06 5.52651e-06 -2.38525e-10)
(0.00759705 -0.00427137 7.7141e-06)
(0.00172464 -0.000535329 3.46369e-07)
(-6.23897e-06 1.1066e-05 -2.14506e-07)
(-0.0010195 -2.4761e-07 -9.37172e-07)
(0.000394893 -0.000418562 -8.81561e-06)
(3.05256e-06 -1.3594e-05 1.48207e-06)
(-1.10111e-08 -9.75819e-07 -1.30448e-05)
(5.92501e-06 0.000480747 1.00058e-06)
(0.00240847 0.00520143 -2.45362e-05)
(2.67298e-05 1.05509e-05 -1.30448e-05)
(0.0011776 0.00449345 2.71336e-07)
(2.20338e-05 0.000542769 8.0705e-06)
(0.00238385 -0.001974 0.000448695)
(-0.000156928 0.000231019 -4.33849e-06)
(-0.000165014 0.000524912 -4.63943e-06)
(-0.00251631 0.00124875 -1.29765e-05)
(4.90399e-05 4.17645e-05 -2.88771e-07)
(-1.60886e-08 -1.01188e-07 -9.3856e-11)
(-2.26899e-09 -8.48256e-09 -2.27583e-09)
(-0.000106067 0.000228154 -4.33849e-06)
(-3.1815e-06 1.51036e-06 -1.15486e-07)
(0.00240934 0.000658503 -1.69106e-06)
(0.000124799 0.00233511 6.11263e-06)
(0.000984979 -0.00649555 2.38561e-06)
(-2.78387e-05 -1.94356e-05 -1.54584e-11)
(0.000339667 -0.00103211 4.8769e-07)
(-3.48776e-06 -1.24436e-05 -9.42051e-07)
(0.000606349 7.26447e-05 -3.26188e-06)
(-0.00262378 0.000838979 3.74231e-06)
(-1.58265e-06 2.43205e-07 -4.43922e-07)
(0.00229397 0.000906363 -5.8898e-06)
(6.09807e-05 0.000360601 3.01467e-06)
(5.22786e-05 -0.0002498 -3.35629e-07)
(0.00362337 -0.000970123 3.46369e-07)
(-0.000159587 -0.000991816 -0.000420925)
(3.33913e-06 -1.45403e-05 1.48207e-06)
(0.00181316 0.00553881 -1.57632e-05)
(0.00076446 0.00461855 -9.55969e-06)
(0.00272994 0.00501925 -2.45362e-05)
(0.00076446 0.00461855 -9.05575e-06)
(0.000807509 0.00049623 -2.45362e-05)
(0.000670709 7.50097e-05 3.51277e-06)
(-5.98938e-07 -7.57248e-06 2.53217e-06)
(0.00173662 0.00556199 -2.45362e-05)
(0.00115524 0.00450022 2.71336e-07)
(0.00104157 0.00453464 2.71336e-07)
(0.00122689 0.00447853 2.71336e-07)
(0.00115404 0.00450059 2.71336e-07)
(-4.38522e-09 -1.11163e-08 1.67356e-07)
(-3.54889e-06 1.46098e-06 -1.88793e-07)
(0.00100792 -0.00733434 -5.76273e-06)
(8.87581e-06 -1.11213e-06 9.2312e-08)
(-0.000199501 0.000233418 -4.33849e-06)
(0.000217125 0.00232991 6.11263e-06)
(0.00707183 -4.9533e-06 -6.45542e-10)
(0.000908893 -0.00198098 4.8769e-07)
(-0.00201554 0.00174952 -1.14023e-05)
(-6.11083e-05 -2.47248e-05 -1.54584e-11)
(0.00103099 0.000308144 4.40977e-07)
(-0.00285314 0.00796298 5.45366e-07)
(-6.92345e-05 -1.44971e-06 -4.2466e-06)
(0.000107275 -0.000602785 1.01884e-06)
(-7.64781e-06 6.15202e-06 -1.47495e-06)
(-0.00211715 0.00427256 8.73161e-06)
(0.000302119 -0.000199168 -8.26571e-06)
(0.000333104 0.000887618 -8.04848e-06)
(-0.000546904 3.96064e-05 -3.14969e-06)
(-1.74844e-05 8.46534e-06 -1.27324e-05)
(-5.47274e-07 -8.11063e-06 2.53217e-06)
(2.81201e-05 -9.91803e-06 2.53217e-06)
(4.38318e-05 1.05509e-05 -1.30448e-05)
(0.000244858 -4.50434e-06 -8.04848e-06)
(0.00269997 0.00503624 -2.45362e-05)
(3.59728e-05 3.55833e-06 1.84216e-05)
(2.81492e-05 -9.91516e-06 2.53217e-06)
(-1.05716e-07 -1.27101e-05 -3.15727e-06)
(0.00173226 0.00556331 -2.45362e-05)
(-0.001883 0.00114363 -1.14023e-05)
(0.00305121 0.000360961 -3.26188e-06)
(0.00146866 -0.00290693 0.000469146)
(0.00132105 0.00226771 6.11263e-06)
(-1.54874e-08 2.77888e-07 -2.40698e-06)
(0.000128613 0.000240494 7.60569e-07)
(0.000648305 -0.0036989 -5.76273e-06)
(0.00401202 -0.00021246 6.11263e-06)
(0.000204032 -0.000228869 -5.76273e-06)
(-0.00232223 0.00415633 5.45366e-07)
(-0.000925548 0.000344726 -3.14969e-06)
(0.000187421 -0.000578516 1.29195e-06)
(0.000302119 -0.000199168 -7.28221e-06)
(3.74173e-06 -5.51785e-06 -2.62961e-07)
(-3.02935e-05 5.77173e-08 -5.57911e-07)
(3.74173e-06 -5.51785e-06 -8.01167e-08)
(-6.86824e-05 0.000758558 1.85344e-06)
(3.57333e-06 -4.0719e-06 -3.33005e-07)
(0.00319793 0.000513404 -4.1732e-06)
(0.00321582 0.000327028 -5.38885e-06)
(-1.74844e-05 8.46534e-06 -1.28809e-05)
(0.00076446 0.00461855 -9.83348e-06)
(0.000629851 0.00388755 -1.08239e-05)
(-3.2728e-05 0.000146395 -3.3317e-05)
(4.13467e-05 2.03442e-05 -1.12807e-08)
(-4.60235e-09 -1.17798e-08 1.67356e-07)
(0.00132494 0.00226749 6.11263e-06)
(0.0004969 0.00231415 6.11263e-06)
(-0.000154857 -3.96291e-05 -1.54584e-11)
(1.28107e-06 -1.95989e-06 7.38907e-11)
(-5.12639e-06 2.4346e-06 -1.79191e-10)
(-7.0602e-06 -2.06674e-05 -9.36614e-07)
(-0.000646562 -0.000103317 4.86327e-06)
(-0.00236579 0.00413165 5.45366e-07)
(-0.00236671 0.00413113 5.45366e-07)
(-0.002359 0.00413549 5.45366e-07)
(4.52261e-06 4.11675e-07 -1.23908e-06)
(-1.66155e-05 1.31569e-05 -3.79733e-06)
(2.02327e-05 -1.95292e-06 -8.58234e-07)
(0.00531727 0.000723044 -5.38885e-06)
(1.87421e-05 -2.34609e-06 7.26548e-06)
(-7.43379e-06 5.59525e-06 -3.79733e-06)
(0.00135011 0.000651564 0.000469146)
(0.00078942 0.00229767 6.11263e-06)
(0.00147838 0.000561692 1.67807e-10)
(-0.000367135 0.000242863 -4.33849e-06)
(0.000366217 -0.00102342 -1.05029e-06)
(0.00233883 0.000650609 -1.69106e-06)
(-0.00262378 0.000838979 1.01206e-05)
(-0.000860984 0.000641626 8.0705e-06)
(-0.00023005 0.00110583 6.09578e-08)
(-0.0023199 0.00415765 5.45366e-07)
(-0.000541725 6.55732e-05 -3.14969e-06)
(0.00272047 -0.00239266 6.69222e-07)
(2.43062e-05 1.22897e-05 -1.03939e-07)
(-1.98411e-05 -3.35176e-06 -1.38073e-05)
(5.92449e-06 -9.58671e-06 -8.58234e-07)
(-1.75965e-06 8.02363e-06 -0.000269828)
(0.00107208 0.000807224 -4.41441e-06)
(-1.65983e-05 -2.14497e-06 -3.79733e-06)
(6.49944e-05 0.000189481 -9.10408e-06)
(-9.88702e-06 7.63269e-05 -1.38073e-05)
(-1.44874e-05 3.52353e-05 -1.38073e-05)
(3.57333e-06 0.0013336 -3.33005e-07)
(0.000269371 0.000352195 3.44769e-07)
(0.000927433 0.00379744 -8.04848e-06)
(-0.00284181 0.000385896 -8.00711e-05)
(0.00107446 0.00375292 -8.04848e-06)
(-1.32805e-05 4.60154e-05 -1.38073e-05)
(-2.74528e-06 2.61517e-06 -4.89982e-09)
(1.67724e-08 4.60299e-08 3.85346e-09)
(5.1717e-05 0.000128192 3.55038e-08)
(0.0047053 0.00207704 -2.37338e-06)
(-0.00251631 0.00124875 -7.19184e-06)
(0.00270559 -0.00239409 6.69222e-07)
(0.000422739 -0.00310817 4.64701e-06)
(0.000524447 -0.000956513 0.000877744)
(7.85322e-06 -1.15154e-05 -8.58234e-07)
(-1.43081e-05 9.64372e-07 -5.57911e-07)
(-2.83826e-05 5.59525e-06 -3.79733e-06)
(0.00321326 0.000353777 -5.38885e-06)
(0.00523672 0.000715076 -5.38885e-06)
(4.29638e-06 -2.67456e-05 2.47366e-07)
(0.000214728 0.000258476 -7.5542e-10)
(0.000260607 0.00317669 -3.33005e-07)
(2.13015e-05 -3.27931e-06 -1.38073e-05)
(2.15807e-05 -3.36385e-06 -1.38073e-05)
(0.00103355 0.0037653 -8.04848e-06)
(2.19728e-06 -1.52482e-06 7.07161e-07)
(-1.70464e-06 -6.84955e-07 -4.73692e-05)
(0.00289071 -0.00237632 6.69222e-07)
(-0.00262378 0.000838979 1.28154e-05)
(-0.00251631 0.00124875 -7.29552e-06)
(0.000165968 0.000139999 -2.71351e-08)
(-1.10853e-05 1.48726e-06 -1.89898e-10)
(-0.00211715 0.00427256 -9.70746e-06)
(0.000302119 -0.000199168 -2.96203e-06)
(-0.00369507 -0.00421277 0.000877744)
(4.91705e-06 3.33011e-07 -1.23908e-06)
(7.79067e-07 7.68796e-06 -0.000460303)
(4.01478e-06 -6.41959e-06 -9.2539e-07)
(0.000889124 0.00380904 -8.04848e-06)
(0.00321455 0.000340285 -5.38885e-06)
(0.00172105 -0.00268063 3.72135e-06)
(0.002223 -0.00268063 3.72135e-06)
(0.00402854 -0.00491933 3.72135e-06)
(-4.8545e-09 1.20857e-08 -5.2197e-06)
(2.60057e-06 -1.00387e-06 2.65383e-06)
(7.33798e-07 -4.16149e-05 -6.12154e-06)
(0.00436568 0.00189054 -4.15255e-06)
(7.33798e-07 -4.16149e-05 -6.15492e-06)
(-4.43885e-06 -4.4029e-06 2.27783e-07)
(-0.00314293 0.00100055 8.54511e-06)
(-0.00171453 -0.000258359 1.62635e-06)
(0.00333339 -0.001819 0.00179579)
(-0.00313851 0.00101516 -4.88271e-06)
(0.00341293 -0.00289031 5.27534e-06)
(1.33743e-06 -3.35524e-06 1.11897e-07)
(3.57333e-06 0.00320136 -5.40883e-06)
(-1.73414e-05 5.59525e-06 -2.45893e-06)
(0.000308493 0.00317209 -3.33005e-07)
(-1.74844e-05 8.46534e-06 -1.48109e-05)
(-1.64973e-05 -3.19676e-06 -3.79733e-06)
(-9.42895e-06 8.04184e-05 -1.38073e-05)
(0.000629851 0.00388755 -4.59417e-06)
(0.00397894 -0.000958649 3.72135e-06)
(0.00397284 -0.00433914 3.72135e-06)
(0.000343304 -0.000886403 3.84992e-07)
(3.97639e-07 -6.94933e-07 1.88232e-07)
(-4.75818e-06 -1.37843e-05 3.26322e-11)
(-8.41862e-07 7.98567e-07 -1.23736e-07)
(0.00370291 -0.000298213 -7.80751e-06)
(-8.32118e-05 1.69031e-06 -1.46548e-10)
(-0.00083296 0.00307495 -2.24919e-06)
(-1.96172e-05 7.87615e-06 1.19951e-06)
(1.33743e-06 -3.35524e-06 -4.82132e-07)
(-1.19423e-05 -2.79412e-06 -1.45775e-05)
(0.00125895 6.11614e-05 -4.93199e-07)
(-1.73414e-05 5.59525e-06 -2.24905e-06)
(0.000524594 0.0032783 -4.65688e-06)
(0.00381362 -0.00268063 -1.35586e-06)
(0.00381362 -0.00268063 -1.66013e-06)
(-6.10537e-06 -0.00018017 2.12203e-06)
(0.00381362 -0.00268063 -1.94125e-06)
(-1.74844e-05 8.46534e-06 -1.48002e-05)
(3.84645e-05 -2.68034e-05 4.68761e-06)
(3.92912e-05 1.51812e-05 -1.04537e-06)
(0.00022868 -0.000400307 5.63984e-05)
(-0.00161259 0.000829222 -4.88271e-06)
(-0.000241956 1.69031e-06 -1.46548e-10)
(0.00350909 -0.00093827 -7.80751e-06)
(0.00368247 -0.000365711 -7.80751e-06)
(0.00325872 -0.00151288 -2.84876e-07)
(-2.68792e-07 1.59266e-06 0.000126956)
(0.00125966 4.85519e-05 -4.93199e-07)
(-3.39757e-06 -2.00473e-06 -1.60616e-06)
(9.22298e-05 0.00191327 -2.60154e-06)
(0.000340846 0.00329594 -6.38199e-06)
(9.22298e-05 0.00191327 -3.01339e-06)
(-1.19423e-05 -2.79412e-06 -1.34243e-05)
(0.00011616 0.0012989 -3.45051e-07)
(0.00344785 0.00241232 -1.99971e-06)
(0.00364245 0.00038536 3.39373e-06)
(-2.68675e-06 -5.59678e-06 -1.11707e-05)
(-3.10289e-05 -8.92504e-06 -7.42016e-06)
(2.93815e-07 -5.15939e-07 2.86532e-08)
(-2.98046e-08 -2.17999e-06 5.47865e-07)
(-3.537e-05 8.17353e-05 -4.78087e-07)
(4.13204e-06 4.74433e-06 2.04469e-06)
(-0.00229634 0.00090577 -4.88271e-06)
(9.416e-08 1.01041e-07 -1.60748e-06)
(-5.4501e-06 -1.26536e-05 2.27783e-07)
(-1.57062e-06 -4.5681e-05 -5.17669e-06)
(0.00739498 -0.00249315 0.000905633)
(0.000224503 0.000454771 -8.18044e-05)
(0.000339878 0.00329603 -6.38199e-06)
(0.000344328 0.00329561 -6.38199e-06)
(0.00078727 0.00134901 9.16484e-07)
(0.00359124 0.000918772 3.39373e-06)
(2.99899e-06 -1.7912e-07 -1.05072e-05)
(0.00421206 -0.00450641 2.50106e-06)
(-1.93348e-07 2.66954e-07 -1.43115e-06)
(-3.24783e-06 -1.60475e-05 -6.55619e-07)
(-0.000389742 0.00318519 -2.24919e-06)
(0.000475661 -0.000904748 -5.59562e-06)
(4.91905e-06 -1.40848e-06 1.64035e-06)
(-0.00029244 -2.50434e-05 -4.42282e-07)
(0.000230646 0.000471473 -3.87408e-06)
(1.4645e-06 0.00191327 -3.87408e-06)
(0.00080392 0.00133957 9.16484e-07)
(4.63555e-05 3.64084e-05 5.4169e-05)
(-0.0001847 -0.000172166 7.85574e-07)
(-0.000462855 -6.97642e-05 -2.22354e-05)
(0.00399688 -0.00581836 -2.84876e-07)
(-0.000184094 9.14095e-05 -8.3339e-07)
(-0.0031394 0.00101222 -4.88271e-06)
(-5.85392e-06 -1.31085e-05 7.49144e-07)
(0.00111767 0.00207354 -7.80751e-06)
(7.11197e-06 2.24833e-06 8.00979e-07)
(-0.000614901 -0.000196404 7.85574e-07)
(-1.54467e-05 -6.29808e-05 3.96364e-07)
(-0.000279394 -4.45547e-05 -2.77099e-06)
(-0.00314293 0.00100055 -1.14503e-05)
(0.00183049 -0.00336948 -2.84876e-07)
(1.61849e-08 5.75919e-09 3.75285e-07)
(-0.00072684 0.00310708 -2.24919e-06)
(3.1818e-06 1.0795e-06 -0.000244618)
(-6.83299e-05 -4.04313e-05 1.95376e-10)
(-1.03503e-05 3.03508e-06 3.03678e-06)
(0.0014852 0.000184167 0.000408239)
(0.00100839 0.00241232 3.39373e-06)
(0.00033354 0.00134685 -6.38199e-06)
(1.22499e-05 0.00191327 -3.87408e-06)
(-1.19423e-05 -2.79412e-06 -1.09665e-05)
(0.00361926 0.000626891 3.39373e-06)
(7.63188e-08 3.3449e-07 3.1914e-11)
(2.94894e-06 -2.48613e-05 4.47792e-06)
(-3.08108e-08 -2.17989e-06 5.47865e-07)
(3.63196e-05 3.5843e-05 5.4169e-05)
(0.00300198 -0.00523101 2.50106e-06)
(-0.00314293 0.00100055 -1.42149e-05)
(-1.91464e-07 -4.34478e-07 -2.55856e-06)
(8.36265e-07 0.00010337 -3.45051e-07)
(3.30554e-05 1.12475e-05 -1.04537e-06)
(-1.43691e-06 1.14927e-06 0.000126956)
(7.33798e-07 -4.16149e-05 -3.95371e-06)
(-2.89271e-06 -4.71766e-06 7.07161e-07)
(0.00084942 0.00208865 -7.80751e-06)
(-0.00314293 0.00100055 -1.55627e-05)
(-1.14615e-07 9.06981e-07 -3.67321e-11)
(-2.71526e-07 1.15786e-06 -1.60748e-06)
(6.11452e-07 7.21019e-07 1.64035e-06)
(-0.00314293 0.00100055 -1.82427e-05)
(0.00126111 2.28817e-05 -2.11273e-06)
(-0.000505641 0.00317407 -2.31287e-06)
(-3.99812e-06 -5.4548e-07 -3.40647e-06)
(9.22298e-05 0.00191327 -4.86749e-06)
(-5.3987e-05 0.000714858 6.84486e-07)
(0.00148776 0.000157536 0.000408239)
(0.00214629 -0.00120661 3.84992e-07)
(0.00436568 0.00189054 -1.20117e-05)
(0.00220936 -0.00109532 -2.46947e-06)
(0.00412249 -0.00459599 -1.96625e-07)
(-1.70464e-06 -6.84955e-07 -0.000482164)
(-1.39887e-06 -2.05707e-06 3.54482e-06)
(-1.94864e-05 -8.04724e-05 -1.05049e-06)
(-0.000498495 0.000109123 3.22357e-06)
(-0.00314293 0.00100055 -2.18302e-05)
(0.00333339 -0.001819 0.000178753)
(0.000489387 -0.000896969 -5.59562e-06)
(1.33743e-06 8.0554e-06 -2.05961e-06)
(-0.000505641 0.00317407 -2.3469e-06)
(1.7132e-06 7.8661e-07 -0.000481276)
(-1.19423e-05 -2.79412e-06 -7.81372e-06)
)


// ************************************************************************* //
