/*--------------------------------*- C++ -*----------------------------------*\
| =========                 |                                                 |
| \\      /  F ield         | OpenFOAM: The Open Source CFD Toolbox           |
|  \\    /   O peration     | Version:  plus.master.MPPICInterFoam            |
|   \\  /    A nd           | Web:      www.OpenFOAM.com                      |
|    \\/     M anipulation  |                                                 |
\*---------------------------------------------------------------------------*/
FoamFile
{
    version     2.0;
    format      ascii;
    class       Cloud<basicKinematicMPPICParcel>;
    location    "12.6/lagrangian/kinematicCloud";
    object      positions;
}
// * * * * * * * * * * * * * * * * * * * * * * * * * * * * * * * * * * * * * //

1976
(
(-0.0483301 0.00471667 0.175327) 806
(0.0177691 -0.053183 0.17524) 1542
(-0.0417417 -0.0101448 0.179212) 807
(0.0175727 -0.0529967 0.1751) 1542
(-0.0357208 0.0353248 0.175676) 786
(-0.0465378 0.0157628 0.178188) 802
(-0.0484794 0.0160624 0.1806) 802
(-0.0263312 0.0436789 0.181168) 2330
(0.0113942 -0.0540416 0.176725) 1542
(0.014742 -0.0503104 0.175216) 1541
(0.0174046 -0.0508671 0.175125) 1541
(-0.045614 0.0109621 0.175843) 801
(-0.0440216 0.0120642 0.179016) 801
(-0.0431847 0.0131277 0.17893) 801
(-0.0444091 0.0136093 0.180651) 801
(-0.0382157 0.0332973 0.180064) 786
(-0.0254765 0.0429612 0.180458) 2330
(-0.0360595 0.0344108 0.180668) 786
(-0.0417811 -0.00985353 0.184254) 807
(-0.0302642 0.0428777 0.183324) 2338
(0.0167927 -0.0512109 0.17847) 1541
(-0.046664 0.0317108 0.177911) 787
(-0.0453714 0.0146818 0.183327) 801
(-0.0432564 0.0120723 0.178271) 801
(-0.0339615 0.0336111 0.17599) 785
(-0.0528515 0.0200115 0.175139) 795
(0.0156327 -0.045738 0.177904) 1540
(-0.0434103 -0.0101474 0.185351) 841
(-0.0455263 0.00445961 0.177797) 806
(-0.0484541 0.0149713 0.17737) 802
(0.0261361 -0.0476358 0.177589) 1547
(-0.0482342 0.0133536 0.181304) 802
(-0.0458471 0.0223348 0.178545) 794
(-0.00102164 -0.0445291 0.175947) 1538
(-0.0267311 0.0399209 0.175949) 2337
(-0.0395049 0.0320023 0.180005) 786
(-0.0468179 0.0321687 0.175993) 787
(-0.0302332 0.0405581 0.174952) 2338
(-0.042097 0.0238233 0.185074) 817
(-0.000904579 -0.0460509 0.176542) 1538
(-0.0430891 0.00120006 0.179762) 805
(-0.0461137 0.000322372 0.176921) 806
(-0.0465484 0.0230745 0.183893) 794
(-0.0300318 0.0427765 0.18439) 2338
(-0.0268057 0.0417774 0.186038) 2394
(-0.0475932 0.0333468 0.177635) 787
(-0.0419112 -0.00863552 0.188306) 840
(-0.040364 0.0413706 0.1768) 2339
(-0.0450077 -0.0101297 0.187551) 841
(-0.0443237 0.0280668 0.18182) 786
(-0.0438055 0.0243381 0.17789) 794
(-0.0455751 0.00166537 0.177975) 806
(-0.0433041 -0.0227531 0.186555) 850
(-0.0410607 -0.0249986 0.186608) 849
(-0.0487749 0.0112623 0.182387) 802
(-0.0352306 0.0355307 0.188946) 2394
(-0.0376621 0.0328402 0.177586) 786
(0.000315558 -0.0450544 0.178716) 1538
(-0.0433882 0.0218517 0.189117) 817
(-0.0447513 0.0164471 0.186048) 817
(0.0144535 -0.0432258 0.18115) 1540
(0.0128032 -0.0512276 0.187365) 1594
(-0.0425079 -0.0133998 0.185062) 841
(0.0413954 -0.036551 0.175695) 3
(-0.0439862 0.0402224 0.176195) 787
(-0.0378288 0.0318003 0.186261) 810
(0.0181429 -0.0508093 0.179814) 1546
(0.0420258 -0.0356964 0.175966) 3
(-0.0239778 -0.0385823 0.188954) 1569
(-0.0260666 0.0420879 0.17755) 2330
(-0.0471557 0.0309634 0.18238) 787
(0.0185676 -0.0511358 0.186827) 1603
(-0.0387959 -0.0195284 0.187738) 848
(-0.0425842 0.0139311 0.185332) 825
(-0.0458614 0.0299174 0.187146) 811
(-0.0550729 0.0089652 0.177067) 803
(-0.0286708 -0.0404582 0.188341) 1562
(-0.0291319 0.0406375 0.190692) 2394
(-0.0340531 0.0394725 0.178254) 2338
(-0.054277 0.013772 0.177257) 803
(-0.0289878 -0.0403703 0.187807) 1562
(-0.0440378 0.0235985 0.191468) 818
(0.0408405 -0.0368383 0.180133) 3
(-0.0461209 -0.000336584 0.17994) 806
(0.0307607 -0.0411291 0.178024) 1554
(-0.0445963 -0.0203669 0.18907) 850
(-0.036941 0.03235 0.188181) 810
(-0.0260642 0.0381375 0.178525) 2337
(-0.0449806 -0.0246798 0.185672) 850
(-0.0465646 0.0316691 0.17746) 787
(-0.0382168 -0.0203265 0.190117) 848
(-0.0456991 0.0300763 0.185872) 811
(0.0174406 -0.0481368 0.182066) 1546
(-0.0438573 0.00293044 0.186922) 833
(-0.0420832 -0.028423 0.190769) 858
(0.0166367 -0.0415359 0.186863) 1601
(0.0163965 -0.0458446 0.181522) 1545
(0.0176848 -0.0481562 0.181315) 1546
(-0.0511466 0.019208 0.183408) 795
(0.0467079 -0.0292864 0.176255) 11
(0.0340593 -0.0407856 0.184643) 1554
(-0.0128127 -0.0416389 0.178046) 1536
(-0.026029 0.0393111 0.183147) 2337
(-0.0356932 0.0407307 0.186291) 2395
(-0.0248435 -0.0387736 0.184821) 1561
(-0.00474987 -0.0481503 0.179589) 1538
(-0.0373167 0.031297 0.179453) 785
(-0.0489613 0.0181568 0.177947) 794
(-0.0305445 -0.033931 0.192463) 1561
(-0.0466649 -0.0230222 0.187821) 850
(-0.0480052 0.017841 0.178029) 794
(-0.045135 0.00504155 0.186907) 833
(-0.0224747 0.0457093 0.177637) 2330
(0.0467717 -0.0322753 0.17893) 3
(-0.0191188 -0.0388201 0.189756) 1568
(-0.0453074 0.004752 0.187704) 833
(-0.0357887 0.0328433 0.192723) 809
(0.00851906 -0.0485963 0.175791) 1541
(-0.044259 -0.0155495 0.189267) 849
(-0.0301919 -0.0318756 0.188229) 1561
(-0.041748 -0.0118718 0.188811) 840
(-0.045648 0.0340246 0.185766) 811
(-0.0271268 0.0467397 0.179877) 2330
(-0.049792 0.00992199 0.182287) 802
(-0.0131667 -0.0420462 0.195498) 1633
(-0.0437436 -0.0157865 0.186335) 849
(-0.0483779 0.0128301 0.187134) 826
(-0.0449271 0.0337898 0.184561) 787
(-0.0419484 -0.00804356 0.194583) 840
(0.00270256 0.0523361 0.180945) 2314
(-0.0436542 -0.0320298 0.185638) 859
(-0.0493497 -0.0215657 0.186325) 850
(-0.0136378 -0.0491325 0.184993) 1578
(0.0450968 -0.0306225 0.179045) 3
(-0.050864 0.0187945 0.187902) 818
(-0.00196588 -0.0453529 0.17692) 1538
(-0.0459864 0.0319142 0.18376) 787
(0.0387338 -0.0324172 0.177752) 2
(0.0117608 -0.0489096 0.192128) 1594
(-0.0127151 -0.0534763 0.185052) 1579
(-0.0453525 0.0202928 0.179516) 794
(-0.0496339 -0.0122182 0.185734) 842
(-0.0337123 -0.0380644 0.185084) 1562
(-0.045029 0.0380354 0.182948) 787
(-0.0296886 -0.0318903 0.190305) 1560
(0.0170044 -0.0436324 0.1858) 1601
(-0.0428619 0.0196836 0.184422) 793
(0.0174126 -0.0470268 0.183245) 1546
(0.01429 -0.0475588 0.182783) 1541
(-0.0337561 -0.0383205 0.191414) 1562
(0.00747918 -0.05076 0.181459) 1541
(-0.0141261 0.0504615 0.182525) 2322
(-0.0360832 -0.0345197 0.185681) 858
(0.0444136 -0.0303979 0.180411) 2
(-0.0415308 -0.0228232 0.188519) 849
(-0.0145209 0.0460937 0.180329) 2321
(0.0142634 -0.0473005 0.184774) 1541
(-0.0112997 -0.052795 0.185158) 1578
(-0.0351525 0.0313488 0.183089) 785
(0.00951303 -0.0531717 0.178666) 1541
(-0.0467093 -0.00304503 0.176861) 806
(0.0277601 -0.0447905 0.180183) 1546
(-0.0414331 0.0122281 0.192368) 824
(-0.0423635 -0.00948059 0.191176) 840
(-0.0114732 0.0486764 0.180997) 2322
(-0.0489107 -0.0123144 0.18665) 842
(-0.0448676 0.0206798 0.193006) 818
(-0.022519 0.0459901 0.183244) 2330
(-0.0135177 0.0495444 0.180709) 2322
(-0.0139159 -0.0520771 0.18764) 1578
(-0.00368998 -0.0478142 0.18537) 1585
(0.0353434 -0.0411745 0.191782) 1611
(-0.0480704 0.00378604 0.176068) 806
(-0.0543834 0.0057513 0.186633) 835
(0.0124098 -0.0444903 0.185647) 1593
(-0.0292947 -0.0416503 0.18483) 1562
(-0.0270135 0.045015 0.188059) 2386
(-0.03741 -0.0232799 0.195854) 905
(-0.0430042 0.000998819 0.189322) 832
(-0.022693 0.0468013 0.184641) 2330
(0.0120424 -0.0512839 0.174928) 1541
(-0.0486177 -0.0126978 0.186569) 842
(-0.0498083 0.00101194 0.185804) 834
(0.0103918 -0.0467731 0.184199) 1540
(0.0549541 -0.0153949 0.175861) 19
(-0.0449373 0.0323639 0.188962) 811
(0.0135732 -0.0473786 0.192725) 1594
(-0.0446363 -0.0234379 0.188153) 850
(0.00996472 -0.0420525 0.189706) 1592
(0.00345148 -0.0523416 0.18773) 1586
(0.0428011 -0.0281461 0.181241) 2
(0.0445528 -0.0314238 0.183453) 3
(-0.027475 0.0417476 0.181364) 2338
(-0.0450162 0.00476907 0.191345) 833
(-0.0480494 0.016344 0.191285) 826
(-0.0478781 0.0153693 0.189593) 826
(-0.0460973 0.012959 0.188681) 825
(-0.0226949 0.0467912 0.178605) 2330
(-0.0468839 -0.0174721 0.185244) 850
(-0.0482767 -0.00373093 0.179507) 806
(-0.0291296 -0.0318733 0.192463) 1560
(-0.0458509 -0.0244932 0.198449) 906
(-0.00535776 -0.0496048 0.195446) 1642
(-0.0216989 0.0439402 0.184279) 2330
(0.014273 -0.0481609 0.19564) 1650
(-0.0126268 0.0474832 0.180875) 2322
(-0.0138997 0.0464969 0.181595) 2321
(-0.0478631 -0.00250187 0.179961) 806
(-0.0480365 0.00192826 0.179381) 806
(0.038092 -0.0360715 0.186035) 58
(-0.0342137 0.0334477 0.196141) 865
(-0.049632 -0.00299999 0.185299) 834
(0.00892282 -0.04243 0.184257) 1539
(-0.0306451 0.0412157 0.182965) 2338
(0.00955467 -0.0530988 0.17817) 1541
(-0.0473666 0.00819375 0.193198) 825
(-0.0245125 -0.042969 0.187942) 1570
(-0.0482348 -0.000165302 0.181371) 806
(0.0173799 -0.0452059 0.184352) 1545
(0.00747737 -0.0481922 0.182347) 1540
(-0.0520256 0.0135238 0.178553) 802
(-0.0474981 0.0162779 0.193443) 826
(0.0164788 -0.0418697 0.193645) 1601
(-0.0430315 0.0316897 0.188755) 810
(-0.0474124 -0.00753442 0.1883) 841
(-0.0481191 0.0031643 0.18812) 833
(-0.0441032 0.0194482 0.192176) 817
(-0.0487798 -0.0112319 0.190026) 842
(0.00268474 -0.0511701 0.195896) 1642
(-0.027219 -0.0426166 0.19321) 1562
(-0.0341535 -0.036813 0.187229) 1562
(0.0475896 -0.00734263 0.17582) 17
(-0.0453625 0.0102897 0.1901) 825
(-0.0504154 -0.00952173 0.191503) 842
(-0.0478168 -0.0135625 0.188057) 842
(-0.015971 0.0491703 0.183197) 2322
(-0.0474459 -0.0146325 0.186779) 842
(-0.0516571 -0.00911747 0.189251) 842
(-0.0293928 0.038202 0.189658) 2393
(-0.0496759 0.0174839 0.187616) 818
(0.0164857 -0.0524956 0.182338) 1542
(0.0144166 -0.0464377 0.191113) 1593
(-0.0495034 -0.00046971 0.18668) 834
(0.0103842 0.0482673 0.176097) 2306
(-0.0419441 -0.00739853 0.199814) 896
(-0.0501863 -0.00402423 0.190925) 834
(-0.0475549 -0.0219631 0.191656) 850
(-0.0259093 -0.0402469 0.185336) 1561
(0.00840728 -0.0438342 0.183216) 1540
(0.0219748 -0.0472665 0.184661) 1546
(-0.0492151 0.0142796 0.180432) 802
(-0.0447315 0.015841 0.196038) 873
(-0.0490912 -0.000348677 0.186025) 834
(-0.00034754 -0.0430711 0.189119) 1584
(0.0465222 -0.00797459 0.177368) 17
(0.0161542 -0.0453265 0.188197) 1601
(-0.0482813 0.0144954 0.186289) 826
(-0.0294707 0.0401591 0.187337) 2394
(-0.0270373 -0.0418244 0.190553) 1562
(0.047072 -0.00648609 0.178093) 17
(-0.0492386 0.000622044 0.189272) 834
(0.0167032 -0.0402535 0.19502) 1657
(0.0128767 -0.0409634 0.197328) 1648
(-0.0470569 -0.0141396 0.186076) 842
(0.0161049 -0.0448318 0.188271) 1601
(-0.0429899 -0.00136846 0.183661) 805
(0.00793576 -0.0511265 0.186196) 1594
(-0.0483286 0.0226721 0.185911) 818
(0.0369903 -0.0397093 0.186788) 1611
(0.00140536 -0.0448165 0.190167) 1585
(-0.0271864 -0.0401229 0.186214) 1561
(-0.0026524 0.0497232 0.175413) 2314
(0.0052287 -0.054438 0.194029) 1587
(0.0145661 -0.0505403 0.188667) 1594
(-0.0379306 -0.0239378 0.199957) 913
(-0.0220266 0.0417955 0.186206) 2385
(-0.00236981 -0.0491204 0.195337) 1642
(-0.0143949 -0.0511809 0.194449) 1578
(-0.0469371 -0.0141341 0.187103) 842
(-0.0110319 -0.0494089 0.188416) 1578
(0.0536392 -0.0151406 0.176807) 19
(-0.0336903 -0.0422098 0.190321) 1562
(0.0478181 -0.00747985 0.177163) 17
(-0.0482995 -0.0115896 0.190067) 842
(-0.046531 0.0104907 0.187878) 825
(-0.0146431 -0.0487415 0.193649) 1578
(-0.0295 -0.0412373 0.188725) 1562
(-0.0432983 -0.0106197 0.190102) 841
(0.0127003 -0.0437215 0.193532) 1593
(-0.0486213 -0.000293982 0.185973) 833
(-0.0219955 -0.0411159 0.18574) 1569
(-0.0166301 -0.04508 0.186639) 1569
(-0.0254488 -0.038025 0.194179) 1561
(0.000170594 0.0491336 0.184234) 2314
(-0.0468523 -0.00983368 0.188978) 841
(0.0141563 -0.0475664 0.197284) 1650
(0.0134423 -0.048012 0.196601) 1650
(-0.0494251 0.000380308 0.189161) 834
(0.0155826 -0.0445072 0.19203) 1601
(0.00965333 0.0478237 0.178366) 2306
(-0.0488979 -0.00315449 0.187037) 834
(-0.0484247 0.000940054 0.185223) 833
(-0.0431473 0.00623289 0.181686) 800
(-0.0389967 0.0310243 0.187156) 810
(-0.0394991 -0.0202489 0.193451) 849
(-0.0256331 -0.0443822 0.194519) 1570
(-0.0494555 -0.00270787 0.189722) 834
(-0.000824212 -0.0441314 0.193036) 1585
(-0.000326057 -0.0443582 0.192524) 1585
(-0.0487746 -0.00459984 0.184975) 834
(0.0462906 -0.0257858 0.175159) 10
(-0.0228281 -0.0384888 0.185915) 1569
(-0.016628 -0.0499307 0.199005) 1634
(-0.0353309 -0.0330192 0.187988) 857
(-0.00302052 -0.0450699 0.19185) 1585
(-0.0482432 -0.010635 0.186803) 842
(-0.0380764 0.0293358 0.187495) 809
(0.0318017 -0.0392515 0.18656) 1610
(-0.0446744 0.0194428 0.183604) 793
(-0.0229994 0.0447806 0.19021) 2386
(0.0510537 -0.0141939 0.181841) 18
(-0.0484821 0.0154065 0.189379) 826
(-0.0495434 -0.0218073 0.19635) 907
(-0.0410136 -0.0284895 0.186856) 858
(-0.0463067 -0.0130844 0.189716) 841
(-0.0251019 -0.0445298 0.1931) 1570
(-0.0022284 -0.0442852 0.193633) 1585
(0.0290088 -0.0448199 0.188934) 1610
(-0.0439697 0.00354138 0.19462) 833
(-0.030997 -0.0304751 0.19501) 912
(-0.0491609 -0.00967709 0.193999) 842
(-0.0487757 0.000634166 0.188019) 834
(-0.0411852 0.031378 0.193766) 810
(-0.0475414 -0.0121317 0.189201) 842
(-0.01155 0.0451578 0.180326) 2321
(-0.00207421 -0.0432258 0.193286) 1584
(-0.0517136 -0.024334 0.187378) 851
(-0.049268 -0.00289053 0.190152) 834
(-0.0464461 -0.0133433 0.186674) 841
(-0.0483619 -0.0107101 0.191613) 842
(-0.0341129 -0.0340257 0.190407) 857
(0.0205293 0.0455383 0.18124) 2298
(-0.0486938 0.0098809 0.186564) 826
(-0.0311788 -0.0421096 0.190524) 1562
(0.0377612 -0.0348853 0.187685) 58
(0.0169713 -0.0542302 0.181419) 1542
(-0.0425534 0.00227419 0.199061) 888
(-0.0330706 -0.0275485 0.197455) 912
(-0.0482605 0.0153036 0.190312) 826
(-0.0116134 0.044587 0.180749) 2321
(-0.0459692 -0.0149437 0.186991) 841
(-0.0239565 -0.0484849 0.189157) 1570
(-0.020222 0.0505269 0.177207) 2331
(-0.0124229 -0.042254 0.204162) 1633
(-0.0245258 -0.0451602 0.195547) 1626
(-0.0432104 -0.0238529 0.192851) 850
(-0.0451324 -0.018086 0.184992) 849
(-0.0320504 -0.0436623 0.189714) 1563
(-0.0344534 0.0307654 0.199219) 865
(-0.0423003 -0.0137802 0.193544) 841
(-0.0471067 -0.0117081 0.191403) 841
(-0.0474973 -0.0115462 0.190915) 842
(0.0176732 -0.0418215 0.193477) 1601
(-0.0325388 -0.0326412 0.190719) 1561
(0.00917012 -0.0481134 0.190336) 1594
(-0.000658145 0.051783 0.179099) 2314
(0.030664 -0.0410172 0.191637) 1610
(-0.0436947 0.0282123 0.184762) 786
(-0.0386093 -0.0191281 0.197424) 904
(-0.0217124 0.045973 0.190792) 2386
(-0.0444131 -0.0122532 0.190353) 841
(-0.0445794 -0.0120039 0.189064) 841
(-0.0150468 0.0445497 0.185449) 2377
(-0.0337517 0.0315498 0.193852) 809
(-0.0412128 0.0214083 0.198917) 873
(-0.0477967 -0.0107379 0.192346) 842
(-0.0463516 -0.0130498 0.190422) 841
(-0.0129614 -0.0487723 0.195344) 1634
(0.00147967 -0.0451709 0.192178) 1585
(-0.0441632 0.00971139 0.189227) 825
(-0.0409374 -0.0282654 0.190832) 858
(-0.0143112 -0.0469522 0.19042) 1578
(-0.0320239 -0.0355902 0.188543) 1561
(-0.0486018 0.0159278 0.190078) 826
(-0.0319541 -0.0283341 0.203675) 912
(-0.0460244 -0.0134216 0.190698) 841
(-0.046511 -0.0153329 0.192247) 842
(-0.0467954 -0.0120551 0.189836) 841
(-0.0459339 -0.0155117 0.189793) 841
(-0.0492637 0.00182359 0.191576) 834
(-0.00846156 0.0518671 0.186793) 2378
(-0.0319326 -0.0349319 0.190381) 1561
(-0.0400909 0.0308803 0.195913) 866
(-0.0415237 -0.0140524 0.201359) 897
(-0.0122201 -0.0416104 0.205811) 1688
(-0.0290025 0.0388164 0.202) 2449
(-0.0459878 -0.0153722 0.193417) 841
(-0.044513 -0.0141767 0.191878) 841
(-0.0473906 -0.0114455 0.19164) 842
(-0.0498071 0.00729051 0.190517) 826
(-0.0323509 -0.0338302 0.190018) 1561
(-0.0450105 -0.0146508 0.185154) 841
(-0.0504038 0.0064687 0.186542) 826
(-0.0393481 0.034593 0.190503) 810
(-0.0393235 -0.0199945 0.196562) 905
(-0.0129406 -0.0467963 0.191906) 1577
(-0.0115732 -0.0418953 0.193255) 1576
(-0.0445463 -0.0232333 0.187463) 850
(0.0211124 -0.0489802 0.191255) 1602
(-0.0471327 -0.0166498 0.185) 850
(-0.0468676 -0.0082173 0.192437) 841
(-0.0423165 -0.0231607 0.190659) 849
(0.0248056 -0.0445886 0.193565) 1602
(-0.0505248 0.0197905 0.187319) 819
(-0.0445521 0.0154086 0.200882) 881
(-0.00344944 -0.0487122 0.199056) 1641
(-0.0458291 -0.0152919 0.19231) 841
(-0.0480707 -0.0104202 0.190846) 842
(0.00188433 -0.044017 0.191854) 1585
(-0.0208288 0.0457571 0.184271) 2330
(0.039313 -0.0316523 0.186071) 58
(-0.0354918 0.0343124 0.210469) 922
(-0.0383895 -0.0185685 0.199291) 904
(-0.0221369 0.0425653 0.191254) 2385
(-0.0488468 0.000179921 0.193057) 834
(-0.0424355 0.0266736 0.19745) 866
(-0.0127008 0.0500428 0.18471) 2322
(0.000606382 -0.046833 0.184604) 1538
(-0.00321746 -0.0487454 0.187875) 1585
(0.0388859 -0.0338277 0.190117) 58
(-0.0198191 -0.0379526 0.201847) 1624
(-0.00254367 0.0473413 0.186737) 2369
(0.00882344 -0.0485513 0.194688) 1594
(-0.0474769 -0.0103603 0.189319) 841
(-0.0328545 0.0382541 0.19572) 2450
(-0.0331929 -0.030177 0.187407) 857
(-0.044228 -0.0311628 0.191456) 858
(0.0128603 -0.0514188 0.184267) 1541
(-0.0488457 -0.00892428 0.195743) 898
(-0.00234722 -0.0435181 0.19661) 1641
(-0.0471039 -0.0247601 0.189107) 850
(-0.0170627 0.0470441 0.187884) 2386
(-0.0312094 -0.0341484 0.194262) 1561
(-0.0210759 0.0469355 0.188077) 2386
(-0.0390603 0.030177 0.197223) 866
(-0.0444027 -0.0157304 0.189131) 849
(0.0146386 0.0477956 0.182918) 2306
(-0.0497383 -0.0202859 0.192487) 850
(-0.042147 0.033919 0.190668) 811
(-0.0444174 -0.025532 0.188402) 850
(-0.0477265 -0.0191115 0.188548) 850
(0.0316527 -0.0432343 0.192673) 1610
(0.0161071 -0.0521502 0.186962) 1595
(-0.0203175 -0.0396818 0.200503) 1625
(-0.0460864 -0.0167667 0.195955) 906
(-0.0476346 -0.0103782 0.192902) 842
(-0.0484215 -0.00970678 0.194269) 842
(-0.0117272 0.0420511 0.181283) 2321
(-0.0447154 -0.0141116 0.189544) 841
(-0.0489827 -0.00480561 0.191841) 834
(-0.0463177 -0.00202313 0.188138) 833
(-0.0493717 0.00137156 0.185667) 834
(-0.0425383 -0.026792 0.198621) 914
(-0.0496012 -0.00523876 0.194269) 834
(-0.0385378 -0.02465 0.191851) 857
(-0.039627 -0.0218591 0.188909) 849
(0.000564159 -0.0485888 0.187901) 1585
(-0.0345528 -0.0382915 0.186112) 1562
(-0.0566461 -0.000955537 0.184951) 835
(-0.0457486 -0.0166153 0.195633) 905
(-0.0251673 0.0375971 0.198858) 2449
(-0.043557 -0.0132769 0.18811) 841
(-0.0403098 -0.0278609 0.192526) 858
(-0.0114586 -0.0431569 0.207377) 1689
(-0.0461537 -0.0191236 0.20076) 906
(0.0020385 0.0473852 0.186564) 2369
(-0.0452131 -0.0126045 0.190337) 841
(-0.0501039 -0.006286 0.196404) 898
(-0.0306594 -0.0425988 0.190758) 1562
(-0.0121728 -0.0500746 0.187437) 1578
(-0.0100894 -0.0432775 0.205955) 1689
(-0.0425906 -0.0219023 0.198059) 905
(-0.0443164 -0.0160627 0.194455) 849
(-0.0449157 -0.00923792 0.191651) 841
(-0.0242628 -0.0450288 0.194903) 1626
(-0.0260033 -0.0404065 0.194689) 1561
(-0.0402384 0.0305348 0.198161) 866
(-0.0103499 0.051608 0.188276) 2378
(-0.046627 -0.00200359 0.189782) 833
(-0.0405614 -0.0302026 0.190511) 858
(-0.0438615 -0.0238873 0.188323) 850
(-0.048742 0.0191996 0.188787) 818
(0.0139423 -0.0550341 0.190089) 1595
(-0.0237039 -0.0363361 0.201329) 1616
(0.0116619 -0.0420546 0.200519) 1649
(0.0181071 -0.041509 0.197809) 1657
(-0.0445162 0.0135628 0.192433) 825
(-0.052696 0.0122471 0.186476) 827
(-0.044026 0.00726627 0.199011) 881
(-0.0490125 -0.00404762 0.194404) 834
(-0.0480826 -0.00972746 0.194132) 842
(-0.0414326 -0.0228695 0.193131) 849
(0.0268385 0.0428383 0.1841) 2298
(0.0272941 -0.0409351 0.191778) 1610
(-0.0262838 -0.0410093 0.197518) 1617
(-0.000881502 -0.0426707 0.200634) 1640
(-0.0458941 -0.0126295 0.192288) 841
(-0.0426472 -0.0235389 0.196038) 905
(-0.032342 -0.0332024 0.192194) 1561
(-0.0137653 0.0483584 0.183958) 2322
(-0.0214092 -0.0414831 0.189108) 1569
(-0.0351468 -0.0308811 0.193851) 857
(-0.0469097 -0.0108882 0.192905) 841
(-0.0418541 -0.023251 0.194376) 849
(-0.0329681 -0.0324028 0.192063) 857
(-0.0113833 -0.0455804 0.191711) 1577
(-0.0147259 0.0441919 0.182206) 2321
(-0.047134 0.00225686 0.187997) 833
(-0.0391885 0.0341818 0.191601) 810
(-0.0333023 -0.0330293 0.197465) 913
(-0.0461085 0.0149006 0.193896) 825
(-0.0466354 -0.0108865 0.191798) 841
(-0.0462133 -0.0176437 0.193607) 850
(-0.0457141 -0.00258148 0.189504) 833
(-0.0328378 -0.0356478 0.197524) 1617
(-0.0491139 0.00231998 0.19568) 890
(-0.0452135 -0.0104431 0.190719) 841
(-0.0304639 0.0387323 0.201194) 2450
(0.0378459 -0.0346847 0.194539) 58
(-0.0029605 0.0482911 0.177412) 2313
(0.00832705 0.0498163 0.179556) 2306
(0.0361947 -0.0335954 0.189512) 58
(-0.0467278 -0.0142239 0.185844) 841
(0.0115784 -0.0511232 0.18667) 1594
(-0.0034287 -0.053921 0.187854) 1586
(-0.0416431 -0.00801682 0.207982) 952
(-0.0478275 -0.00971018 0.194253) 842
(-0.0123651 -0.047393 0.196505) 1634
(-0.00663595 0.0549859 0.185221) 2379
(-0.0336021 -0.0399863 0.185459) 1562
(-0.0535494 -0.0131673 0.188989) 843
(0.0104743 -0.0533216 0.186481) 1595
(-0.0311278 -0.0291725 0.201741) 912
(0.0156118 -0.0403775 0.201642) 1656
(-0.0455988 -0.00981238 0.190089) 841
(-0.0487617 -0.00457035 0.194223) 834
(-0.0415207 -0.0220182 0.19325) 849
(-0.0468915 -0.00422784 0.18813) 833
(0.00609857 -0.0490878 0.192066) 1594
(-0.0506058 -0.000848748 0.187906) 834
(-0.0504399 -0.0179703 0.192149) 850
(-0.0235423 -0.0356849 0.205618) 1672
(-0.0446879 0.0031631 0.199877) 889
(-0.0479038 -0.00790719 0.195854) 897
(-0.0340329 -0.0318762 0.19622) 913
(-0.0470941 -0.0090275 0.193254) 841
(0.0104455 -0.041055 0.202129) 1648
(0.0466479 0.0192703 0.177791) 42
(0.00923614 0.0490813 0.181173) 2306
(-0.0512991 0.00417963 0.185637) 834
(-0.0507849 -0.0143001 0.188347) 842
(-0.0114101 -0.0501145 0.203771) 1634
(-0.0462268 -0.000222546 0.19541) 889
(-0.0441567 -0.0135367 0.192978) 841
(0.0126261 -0.0458352 0.197391) 1649
(-0.0412995 -0.0232823 0.194919) 905
(0.0452907 -0.0251765 0.179705) 10
(-0.0172148 -0.0456394 0.190867) 1569
(-0.0061193 -0.0497982 0.190945) 1578
(-0.0326618 0.0398749 0.193493) 2394
(-0.000805473 -0.0448714 0.204279) 1641
(-0.043376 -0.0226532 0.19837) 906
(-0.0155539 0.0434611 0.185922) 2385
(-0.0445871 -0.0162765 0.19389) 849
(-0.0324565 -0.0331865 0.19362) 1561
(-0.0135459 -0.044055 0.193835) 1577
(-0.0186652 0.051049 0.183846) 2330
(-0.0476331 0.0199545 0.191044) 818
(-0.042411 0.00717442 0.199177) 880
(-0.0198625 -0.0403677 0.20374) 1625
(0.00185278 0.0459219 0.187489) 2369
(-0.0226618 0.0405331 0.187567) 2385
(0.0144464 -0.0450229 0.200983) 1649
(-0.0459606 -0.00960973 0.192923) 841
(0.0133383 -0.0448359 0.19949) 1649
(-0.047775 0.000978994 0.194632) 833
(-0.041486 -0.0226438 0.194686) 849
(0.0160444 -0.0458713 0.195762) 1649
(0.00233485 0.0498534 0.184287) 2314
(-0.0239655 -0.0373689 0.193125) 1561
(-0.0563088 -0.0141105 0.1895) 843
(-0.0116442 -0.0414646 0.210838) 1688
(-0.0411485 -0.0134014 0.200742) 896
(-0.040077 0.0197714 0.205094) 929
(0.0478756 -0.00893339 0.183114) 17
(-0.00774852 0.0490442 0.190716) 2378
(-0.0455432 -0.00935068 0.192828) 841
(-0.00136608 -0.0471609 0.197701) 1641
(-0.0448719 -0.016468 0.195281) 905
(-0.0249251 -0.043732 0.197355) 1626
(-0.0413679 -0.0239394 0.196655) 905
(-0.00237719 -0.0455345 0.199663) 1641
(-0.0438701 -0.0213445 0.196677) 906
(0.0101442 -0.0436105 0.196807) 1649
(-0.00331247 0.0488798 0.184522) 2314
(-0.0455306 -0.00203657 0.189033) 833
(-1.7245e-05 -0.0492394 0.192588) 1586
(-0.00259353 -0.049413 0.191097) 1586
(0.0479832 -0.00892745 0.182934) 18
(-0.0292634 0.0377445 0.203343) 2449
(0.00942628 0.0513086 0.184671) 2306
(0.00788836 0.0497024 0.179698) 2306
(-0.0198494 -0.0405599 0.204351) 1625
(0.012435 0.0463489 0.183619) 2305
(-0.0398663 -0.0220702 0.193153) 849
(-0.0107304 -0.0421552 0.208923) 1689
(-0.0405061 0.0177141 0.205823) 929
(-0.04456 -0.0133556 0.194454) 841
(0.0140497 -0.0452461 0.200443) 1649
(0.011212 -0.0461859 0.199852) 1649
(-0.0252384 -0.0403876 0.198447) 1625
(-0.0272278 -0.039571 0.195632) 1617
(-0.0216148 -0.0377417 0.204229) 1624
(-0.0242407 0.0384604 0.206786) 2505
(-0.0319401 -0.0316214 0.199748) 913
(-0.024783 -0.0394186 0.197255) 1617
(0.0415459 -0.0326312 0.197508) 114
(-0.034087 -0.0407477 0.189795) 1562
(-0.0407233 -0.0118746 0.208913) 952
(-0.00128957 -0.0424277 0.204528) 1640
(0.0474936 -0.00568254 0.177772) 17
(-0.0243858 -0.0390798 0.19763) 1625
(-0.0279198 -0.0395512 0.19685) 1617
(-0.0463878 -0.00987917 0.191635) 841
(-0.0245404 -0.0446706 0.191115) 1570
(-0.0201743 0.0485876 0.183025) 2330
(-0.0292085 -0.0423543 0.190443) 1562
(-0.0509698 0.00228578 0.187901) 834
(-0.0132773 -0.0423444 0.209723) 1689
(-0.0422878 -0.0106441 0.198352) 897
(-0.012463 -0.0473808 0.199373) 1634
(-0.0243978 0.0392337 0.196623) 2441
(-0.00456233 0.0516206 0.186157) 2370
(-0.0126069 -0.0483389 0.192812) 1578
(-0.0477159 -0.018791 0.192933) 850
(0.00368253 -0.0560657 0.193173) 1587
(-0.0563758 -0.0055908 0.19199) 835
(-0.0406943 -0.0122482 0.209077) 952
(-0.0449448 0.00167565 0.200178) 889
(-0.0028176 0.0463257 0.191036) 2369
(0.0116159 -0.0459148 0.199374) 1649
(-0.0314478 -0.0345264 0.194823) 1617
(-0.00520409 -0.0551554 0.187945) 1587
(0.00143993 0.0442718 0.184328) 2313
(-0.0027771 0.0451519 0.189449) 2369
(-0.0377588 0.0209892 0.203949) 872
(-0.00713969 0.0450764 0.187435) 2377
(-0.0145353 -0.0478266 0.200283) 1634
(-0.043919 -0.0165422 0.194702) 905
(-0.0249817 -0.0381033 0.197703) 1617
(-0.0450276 -0.0007579 0.193272) 833
(0.00193431 0.050992 0.18805) 2370
(-0.0497051 -0.00834088 0.196906) 898
(0.0318682 -0.0425587 0.20094) 1666
(-0.0108276 -0.0417351 0.210878) 1688
(0.0470612 -0.00860365 0.185182) 73
(-0.0430491 -0.00100298 0.202276) 888
(-0.00199521 -0.0470649 0.200377) 1641
(-0.0345979 -0.0308247 0.196868) 913
(-0.00178535 -0.0471354 0.199505) 1641
(-0.0477699 -0.00455251 0.197178) 889
(0.0104454 -0.0427061 0.202243) 1649
(-0.0245565 -0.0439592 0.198669) 1626
(0.0115927 -0.0459091 0.199581) 1649
(-0.0225112 -0.0416198 0.19711) 1625
(-0.0341136 -0.0313324 0.19313) 857
(-0.00947356 -0.050178 0.199427) 1634
(-0.0487659 0.0162046 0.192457) 826
(0.0362668 -0.0354887 0.197015) 114
(-0.0465503 0.0194976 0.191818) 818
(-0.0515137 -0.0110416 0.188536) 842
(-0.0313123 -0.0285189 0.206842) 968
(-0.0330759 -0.0309849 0.199295) 913
(-0.0329237 -0.0317127 0.199274) 913
(0.0182702 -0.0417733 0.198429) 1657
(0.0467825 -0.0221604 0.180235) 10
(-0.0560344 -0.00837104 0.189193) 843
(-0.0460329 -0.000312851 0.19824) 889
(0.000150888 -0.0433872 0.199927) 1640
(-0.00150466 -0.0433029 0.199768) 1640
(-0.0244447 -0.0391861 0.198442) 1625
(-0.00724676 0.0511763 0.191151) 2378
(-0.0393408 -0.0232476 0.196975) 905
(-0.00681596 -0.0552204 0.189991) 1579
(-0.0428753 0.00836543 0.194204) 825
(0.0351878 -0.0376303 0.192514) 1610
(-0.0509472 0.00159887 0.190063) 834
(-0.0473043 -0.0071846 0.202343) 897
(-0.0474042 -0.00327785 0.19833) 889
(-0.00043152 -0.0421829 0.204695) 1696
(-0.0480331 -0.00904058 0.196603) 898
(-0.0556466 0.00190338 0.189345) 835
(0.0120364 -0.0409404 0.207649) 1704
(-0.0423084 -0.0211801 0.197202) 905
(-0.0238777 -0.0456542 0.193744) 1570
(-0.0515546 0.0069928 0.193303) 826
(-0.046972 0.0194294 0.193604) 818
(-0.0453339 -0.00239105 0.198503) 889
(-0.0423929 -0.0210591 0.196951) 905
(-0.00639702 0.0527233 0.189448) 2378
(-0.00983807 0.0516554 0.202694) 2434
(-0.0447984 -0.0116734 0.195611) 897
(-0.0450194 -0.00970252 0.194962) 897
(-0.0465655 0.0148255 0.196634) 881
(-0.026212 -0.0385837 0.197597) 1617
(-0.040209 0.0287198 0.19873) 866
(-0.0249162 -0.0390218 0.194197) 1561
(-0.040079 -0.0333838 0.195276) 914
(-0.00641736 -0.0541547 0.19675) 1635
(-0.00656913 -0.0511345 0.189351) 1578
(-0.0458847 0.000420614 0.199855) 889
(-0.00605016 -0.0478622 0.195203) 1633
(-0.0477605 -0.0233383 0.191548) 850
(0.00585762 -0.0506321 0.189177) 1594
(-0.0340945 0.0293435 0.206157) 921
(-0.00161813 -0.0470188 0.203419) 1641
(0.0511086 -0.0144188 0.189042) 74
(-0.0476631 0.00154875 0.196948) 889
(-0.011363 -0.0456184 0.198055) 1633
(-0.0405447 -0.0314983 0.190588) 858
(-0.0396077 0.0188226 0.208024) 929
(0.011516 0.0490921 0.192242) 2362
(0.0484366 0.0203992 0.189602) 98
(0.0410352 0.027291 0.180433) 50
(-0.0427854 0.011964 0.200106) 881
(-0.0404315 0.0223078 0.205616) 929
(-0.047791 0.00191821 0.198951) 889
(-0.0460242 -0.000930776 0.196461) 889
(-0.0254359 -0.0386105 0.19887) 1617
(-0.0487697 0.00988827 0.192067) 826
(-0.0413111 -0.0145488 0.201932) 905
(0.00780414 -0.0488319 0.201149) 1650
(-0.0427842 -0.0208562 0.198731) 905
(-0.038209 -0.0260742 0.197274) 913
(-0.00305851 -0.0437223 0.194301) 1585
(-0.0337182 -0.0422787 0.19528) 1618
(-0.0208027 -0.0459556 0.207954) 1682
(-0.000420384 -0.0473156 0.204321) 1641
(-0.0133076 -0.0470535 0.202585) 1634
(-0.0107549 -0.047306 0.200822) 1633
(-0.0338096 0.0369097 0.192987) 2394
(-0.00503467 -0.051106 0.191726) 1586
(0.0460873 -0.00965624 0.188944) 73
(-0.000553335 -0.0473168 0.203782) 1641
(0.0124905 -0.0451823 0.204096) 1649
(-0.0392216 0.0324368 0.199568) 866
(-0.0317497 -0.0419661 0.195088) 1618
(-0.0503146 -0.0129111 0.195097) 898
(-0.0132188 -0.041736 0.212179) 1689
(-0.0146861 -0.0452397 0.202409) 1633
(0.0226724 -0.046027 0.195254) 1658
(0.0292286 -0.0421973 0.193038) 1610
(-0.0241282 0.0370487 0.210629) 2505
(-0.0432879 -0.0213119 0.204649) 961
(0.0148125 -0.0434148 0.208088) 1705
(-0.0142753 -0.0474672 0.203263) 1634
(0.0280805 -0.0426557 0.203234) 1666
(0.0417515 0.0277715 0.182742) 50
(-0.034963 0.0398389 0.201131) 2450
(-0.0331233 0.0375498 0.186844) 2394
(-0.0451155 -0.000254546 0.200831) 889
(-0.0125888 -0.0462289 0.201793) 1633
(-0.0200033 0.048703 0.194225) 2386
(-0.0147575 0.0475241 0.190173) 2378
(-0.0382613 -0.0229694 0.198812) 905
(-0.0488758 -0.0229336 0.201811) 906
(-0.0428864 0.0245772 0.196631) 874
(0.0471363 -0.00962061 0.190829) 73
(0.0484741 -0.00994482 0.189159) 74
(-0.0475119 0.00309338 0.202269) 889
(-0.0139071 -0.0468872 0.201793) 1634
(0.0491791 -0.00555265 0.176681) 18
(0.0122035 -0.052709 0.194082) 1595
(0.00193653 -0.0550059 0.200485) 1643
(-0.00224203 -0.0423929 0.211901) 1696
(-0.0021026 -0.0452406 0.202522) 1641
(-0.0435041 -0.00924303 0.19539) 897
(-0.0165857 -0.0449796 0.20204) 1625
(-0.0128364 0.044791 0.200286) 2433
(-0.0018311 -0.0423756 0.211018) 1696
(-0.0459147 0.000216071 0.19933) 889
(-0.0142179 -0.0469068 0.202452) 1634
(-0.0286922 -0.0392935 0.201471) 1617
(-0.0256048 -0.0385101 0.19908) 1617
(0.00623191 -0.0476902 0.200634) 1649
(0.0152811 -0.0517166 0.192822) 1594
(-0.0409665 -0.0211732 0.202931) 905
(-0.0394639 -0.0210689 0.201763) 905
(-0.0178299 0.0484792 0.185628) 2386
(0.0459823 -0.00917951 0.189939) 73
(-0.047125 -0.00491495 0.203959) 889
(-0.0296288 -0.0355696 0.201742) 1617
(-0.000992361 -0.0461051 0.202609) 1641
(-0.0486421 -0.00649353 0.201237) 898
(0.0288817 -0.0382131 0.19986) 1665
(0.0183156 -0.0491903 0.201753) 1658
(0.00713241 0.0481098 0.182405) 2305
(0.0472164 -0.0218639 0.181951) 10
(-0.00152905 -0.0506372 0.194464) 1586
(-0.0550691 -0.00775847 0.188713) 843
(-0.00381726 -0.0460357 0.207566) 1697
(0.0116124 -0.0452419 0.207478) 1705
(-0.0245438 -0.039724 0.204532) 1625
(-0.0355768 0.0353028 0.198428) 866
(-0.0429573 0.0292254 0.199357) 866
(-0.0201189 -0.0406605 0.208816) 1681
(0.051399 0.00143032 0.182664) 26
(0.0513433 -0.00323094 0.179632) 26
(-0.0304166 -0.0362296 0.206391) 1673
(-0.0456132 0.00209036 0.203746) 889
(-0.0455209 0.000646477 0.199919) 889
(-0.0248985 -0.0390087 0.200205) 1617
(-0.01142 -0.0439832 0.20095) 1633
(-0.0454525 -0.0101873 0.195608) 897
(-0.042918 -0.0168234 0.199187) 905
(-0.0114887 -0.0502004 0.197563) 1634
(-0.0402818 -0.0128601 0.217145) 1008
(0.00647441 0.0481419 0.195182) 2417
(-0.0134046 -0.0462234 0.203126) 1633
(0.0219065 0.0425423 0.186748) 2353
(-0.0242992 -0.0468343 0.195084) 1626
(-0.0235901 -0.0487028 0.201022) 1627
(-0.0423207 -0.00115995 0.210804) 944
(-0.046764 -0.00722303 0.205344) 953
(-0.0297847 -0.0361046 0.204876) 1673
(-0.0356288 0.0300038 0.208385) 921
(0.0136569 -0.0446807 0.20503) 1705
(-0.0133959 -0.0461345 0.203536) 1633
(0.0029054 -0.0487913 0.203827) 1642
(-0.0422333 0.0154591 0.202955) 873
(0.0286433 -0.0418257 0.20205) 1666
(0.0499579 -0.013811 0.181179) 18
(0.0109442 -0.0514312 0.196942) 1650
(-0.0293958 -0.0396519 0.191354) 1562
(-0.00614813 -0.0568587 0.198881) 1643
(-0.0479302 0.00352453 0.204098) 889
(-0.01096 -0.0475162 0.207482) 1690
(-0.0457457 -0.00108984 0.201066) 889
(-0.0462916 0.00127359 0.201519) 889
(0.015302 -0.0425385 0.20509) 1713
(-0.0177159 -0.0441691 0.202602) 1625
(-0.0374661 -0.0214562 0.200777) 904
(-0.0301851 -0.0408432 0.196219) 1618
(-0.0180065 -0.0472983 0.192529) 1570
(-0.0209264 0.0403266 0.196304) 2441
(-0.0480148 0.00304411 0.202428) 889
(-0.00488325 -0.0491809 0.197344) 1642
(-0.00234068 0.0527378 0.187503) 2370
(-0.0208537 -0.0388428 0.209755) 1681
(-0.0300153 -0.0334033 0.205811) 1673
(-0.0411674 -0.019799 0.203138) 905
(0.0238914 -0.0441914 0.20654) 1714
(-0.0243073 -0.045053 0.198523) 1626
(-0.05263 0.0054847 0.20095) 890
(-0.0397805 -0.0271781 0.194786) 913
(-0.0389283 -0.0191709 0.208197) 960
(-0.0310619 0.0323413 0.213275) 2505
(-0.0382071 0.0194039 0.212012) 928
(-0.0116573 0.0488334 0.195339) 2434
(0.0318301 -0.0386292 0.204455) 1666
(-0.0246033 0.0458954 0.193834) 2386
(0.0502256 -0.0161726 0.184312) 18
(-0.055431 -0.0112987 0.198591) 899
(0.0143871 -0.0435644 0.212697) 1705
(-0.0435029 -0.00178198 0.206765) 945
(-0.0424671 -0.0111015 0.202104) 897
(-0.0337367 -0.0291015 0.202801) 913
(0.0164976 -0.03979 0.207798) 1712
(0.047835 0.0216413 0.19415) 98
(-0.0480348 -0.00934827 0.199247) 898
(-0.0352854 -0.0329814 0.193602) 857
(-0.0470967 -0.0210505 0.194031) 850
(-0.0358861 -0.0229056 0.217061) 1024
(-0.0409551 -0.0211207 0.207668) 961
(-0.0229922 -0.0380513 0.206623) 1681
(-0.00245171 -0.0422464 0.217402) 1752
(-0.0135778 -0.0456922 0.205214) 1689
(-0.0307935 0.0388711 0.206626) 2506
(0.0520016 -0.0139901 0.189015) 74
(0.0164678 -0.0515004 0.206693) 1706
(0.00908317 -0.0508228 0.19574) 1650
(-0.0509803 0.00384704 0.194486) 834
(-0.0105893 -0.0415945 0.215064) 1744
(-0.00933632 0.0458055 0.201264) 2433
(-0.0242417 -0.0344005 0.218797) 1728
(-0.0233179 0.0374642 0.214325) 2497
(-0.00115174 0.04325 0.193399) 2368
(0.00133618 -0.0423238 0.207851) 1696
(-0.0121818 -0.0446969 0.203683) 1633
(-0.0204723 -0.0392847 0.202387) 1625
(0.000879674 -0.0477845 0.20095) 1641
(-0.0424737 0.000397509 0.21185) 944
(-0.0469101 -0.00549966 0.205907) 953
(-0.0454091 -0.00110027 0.20295) 889
(-0.0403631 -0.0197963 0.203733) 905
(-0.0472428 -0.00599481 0.201025) 897
(0.0356627 -0.0406226 0.199888) 1666
(0.010998 0.0457967 0.193025) 2361
(0.0497223 0.0119802 0.190246) 90
(0.00589571 -0.0497297 0.204173) 1650
(0.0340392 -0.0401975 0.204666) 1722
(0.000581241 -0.0493959 0.197064) 1642
(-0.0196916 -0.0378529 0.21422) 1680
(0.045176 -0.00983276 0.193654) 73
(0.00764113 0.0461149 0.188529) 2361
(-0.0490599 0.0137406 0.202374) 882
(-0.0323245 0.033354 0.210734) 2505
(-0.0457418 0.000573045 0.203371) 889
(0.0170997 -0.0406445 0.206149) 1713
(0.000627085 -0.043879 0.204082) 1641
(-0.0135359 -0.0450592 0.204914) 1689
(-0.016546 0.047153 0.19652) 2442
(-0.0189948 0.0457933 0.192786) 2386
(-0.0492835 0.0137923 0.20391) 882
(0.051712 0.00325062 0.18709) 82
(-0.0534569 -0.0124344 0.190289) 843
(-0.0306329 -0.0325168 0.206293) 1673
(0.0077502 -0.0465413 0.21028) 1705
(-0.0453471 0.00231315 0.20348) 889
(0.0523846 -0.00392868 0.187054) 82
(-0.022433 -0.0378889 0.211024) 1681
(0.0129476 -0.0421277 0.213069) 1705
(-0.0131635 -0.0453442 0.206302) 1689
(0.0122677 -0.0496127 0.200083) 1650
(0.00266767 -0.0506895 0.202827) 1642
(-0.047075 -0.0204379 0.201296) 906
(0.000134272 -0.0523909 0.197115) 1642
(-0.0103016 0.0445825 0.202667) 2433
(-0.0453439 -0.0183836 0.202708) 906
(0.0499213 -0.00508374 0.182797) 26
(0.0453368 -0.00922205 0.195099) 129
(-0.0136985 -0.0448432 0.205566) 1689
(-0.0446005 0.00148141 0.203436) 889
(0.0434836 -0.0230026 0.188545) 66
(0.00126868 -0.046882 0.199302) 1641
(-0.0338919 0.0380696 0.205283) 2506
(-0.032912 -0.0373978 0.199752) 1618
(-0.0416045 0.0280054 0.203021) 866
(-0.038615 -0.0311462 0.20012) 914
(-0.0179354 0.0432235 0.190383) 2385
(-0.0458668 0.0170614 0.201817) 873
(-0.00559143 -0.0480717 0.199255) 1633
(0.0311998 -0.0374113 0.199453) 1665
(-0.022385 -0.0373058 0.213025) 1680
(0.0115671 -0.0493395 0.202089) 1650
(-0.0489083 -0.00913765 0.1981) 898
(0.0208911 -0.0451581 0.197106) 1658
(-0.0112412 -0.0461257 0.207473) 1689
(-0.0105995 -0.051181 0.200678) 1634
(-0.000505717 -0.0535381 0.193658) 1586
(-0.0300438 -0.0368744 0.212723) 1673
(-0.0275068 0.0335196 0.212027) 2504
(-0.00822515 -0.0492391 0.198715) 1634
(0.0115218 0.0474854 0.197694) 2418
(-0.0494251 -0.00659771 0.202521) 898
(-0.0115546 -0.0473294 0.21166) 1689
(0.0400082 -0.0315974 0.206447) 170
(0.0136986 -0.0427 0.212051) 1705
(-0.0493898 -0.00906317 0.201064) 898
(-0.0244191 -0.0472005 0.200736) 1626
(-0.0412353 -0.0203659 0.208682) 961
(-0.0396734 0.0157351 0.21557) 984
(-0.0211269 -0.0406473 0.206726) 1681
(0.0404431 -0.0303857 0.208965) 170
(-0.0436147 0.0185625 0.200575) 873
(0.0383663 -0.030924 0.196783) 114
(-0.0135858 -0.0450096 0.208307) 1689
(-0.0398418 -0.0281922 0.204993) 969
(-0.0108903 0.0476652 0.194071) 2378
(-0.0488155 -0.00891851 0.19633) 898
(-0.0134177 -0.0446475 0.208711) 1689
(-0.0324522 0.0362481 0.212156) 2505
(-0.0216717 -0.0396502 0.206321) 1681
(0.0058138 -0.0460962 0.203196) 1649
(-0.001252 -0.0477876 0.200279) 1641
(-0.00720585 0.0449474 0.197818) 2433
(-0.015214 0.0493781 0.199879) 2434
(0.0116875 -0.0482198 0.204442) 1650
(-0.047908 -0.0211842 0.205868) 962
(-0.0265276 -0.0356845 0.209244) 1673
(-0.0460555 -0.0197559 0.202451) 906
(-0.0379819 0.022539 0.214555) 985
(-0.011694 -0.0450743 0.208271) 1689
(-0.0207708 0.0434353 0.199154) 2441
(-0.0158092 0.0430947 0.204319) 2441
(0.020321 0.0451458 0.201318) 2410
(0.0418585 -0.0228078 0.191419) 65
(-0.0189717 0.0433476 0.192613) 2385
(0.00343741 -0.0481608 0.201206) 1641
(0.0148598 -0.0493381 0.204602) 1706
(-0.0533802 -0.00928071 0.206007) 955
(-0.0407909 -0.0119103 0.217217) 1008
(-0.0236923 -0.0351174 0.220078) 1728
(-0.0197644 -0.0425157 0.213017) 1681
(-0.0495399 0.00587017 0.204388) 882
(0.00795716 -0.0455714 0.213596) 1705
(-0.0448205 -0.0150636 0.199294) 897
(-0.0267652 -0.04047 0.200315) 1617
(-0.0503876 0.00164145 0.200744) 890
(-0.0376783 0.0214244 0.214089) 928
(-0.0358099 0.0278892 0.20681) 921
(0.0434396 -0.0240359 0.19015) 66
(-0.00227055 -0.0537515 0.207707) 1698
(-0.00907319 0.0435119 0.206311) 2489
(-0.0426609 -0.00973367 0.20606) 953
(0.00615549 -0.048353 0.206679) 1705
(-0.00103837 -0.0522592 0.200711) 1642
(0.00892319 -0.0438577 0.21433) 1705
(-0.0110248 -0.0453515 0.209362) 1689
(-0.0248137 -0.0340837 0.223016) 1728
(-0.0105695 -0.0451704 0.213359) 1689
(0.00113174 -0.045892 0.205304) 1697
(-0.00370095 0.0459848 0.195996) 2425
(0.0339273 -0.0372421 0.210091) 1722
(-0.013579 -0.050691 0.201068) 1634
(0.0534811 -0.00878414 0.18938) 74
(-0.0532615 -0.00926798 0.200234) 898
(-0.0436129 0.000254918 0.211317) 945
(-0.0208204 0.042596 0.204771) 2497
(-0.0199653 -0.0433082 0.213571) 1681
(-0.0110925 -0.0442229 0.210848) 1689
(-0.0456134 0.0157325 0.208846) 937
(-0.0239489 0.0422477 0.197354) 2441
(0.00968831 -0.0467006 0.203205) 1649
(-0.0496176 0.000280122 0.200164) 890
(-0.0148804 0.0396282 0.207447) 2496
(-0.0494016 -0.00700928 0.206701) 954
(0.0467904 -0.0239659 0.195828) 122
(-0.0211255 -0.0372165 0.221322) 1736
(-0.0226683 -0.037049 0.209799) 1680
(0.0277881 -0.0391047 0.21005) 1721
(0.0401146 -0.0304234 0.211969) 170
(-0.0471984 0.00817369 0.202981) 881
(0.0442392 -0.00875343 0.201363) 129
(0.0145675 0.04628 0.199257) 2417
(0.0517188 -0.00677893 0.192843) 74
(0.00161151 -0.0510648 0.209933) 1698
(-0.0126126 0.0422138 0.207817) 2489
(-0.0259188 0.0342808 0.217867) 2560
(-0.011892 -0.0435033 0.21308) 1689
(0.0147189 -0.0440773 0.211911) 1705
(0.0176747 -0.0423863 0.205831) 1713
(0.00416112 -0.048623 0.207202) 1697
(-0.049384 -0.00940263 0.203306) 898
(-0.0129233 0.0423194 0.207803) 2489
(0.0444917 -0.00836753 0.201404) 129
(-0.0365084 0.0280005 0.217073) 977
(-0.0310808 0.0291965 0.21915) 976
(-0.04496 0.00109815 0.210112) 945
(-0.0406127 0.0264982 0.212161) 921
(-0.030941 0.0361147 0.212929) 2505
(-0.046934 -0.00906785 0.206307) 953
(-0.0368849 0.0301341 0.209004) 921
(0.0093965 -0.0411824 0.2185) 1760
(-0.0203413 -0.0442457 0.21628) 1737
(-0.0452446 0.00487988 0.204783) 945
(0.0330117 -0.0362506 0.208317) 1722
(0.0442062 -0.00825583 0.203337) 129
(-0.019651 -0.0393443 0.217443) 1737
(-0.00365164 0.0470442 0.199043) 2425
(-0.00449692 0.050128 0.189143) 2370
(-0.0415717 -0.00853537 0.219078) 1008
(-0.0448429 0.000468678 0.206688) 945
(-0.0318702 0.0333638 0.211235) 2505
(-0.0133779 -0.040024 0.222163) 1744
(0.0268065 -0.0398491 0.211931) 1721
(-0.00804605 -0.0496862 0.203805) 1634
(0.0327134 -0.0400663 0.210997) 1722
(-0.0558017 -0.00350425 0.20406) 891
(-0.0123312 -0.0442066 0.214411) 1689
(-0.0383257 -0.0278513 0.21062) 969
(0.0281778 -0.0362422 0.20874) 1721
(-0.00582528 0.053085 0.194718) 2426
(-0.0292826 -0.0355055 0.215601) 1729
(-0.0100788 -0.044031 0.216421) 1745
(-0.0135607 -0.0445057 0.215054) 1745
(-0.0118527 -0.0435802 0.214537) 1745
(-0.0114472 -0.044915 0.211459) 1689
(-0.0206846 0.0481011 0.210094) 2498
(-0.0498092 -0.00973119 0.206289) 954
(-0.0329202 0.0298656 0.220155) 977
(-0.00440192 -0.0450307 0.213437) 1697
(0.0488604 -0.0134014 0.19513) 130
(-0.000343221 0.0470357 0.192968) 2369
(-0.0510287 0.00232937 0.208105) 946
(-0.0103854 -0.0486408 0.212124) 1690
(0.0295932 -0.0365958 0.211121) 1721
(-0.0463042 0.0118188 0.206518) 937
(-0.030667 -0.0396613 0.20812) 1674
(-0.0347804 0.0383635 0.211388) 2506
(0.0391665 -0.0321023 0.212789) 170
(0.0374693 -0.0292729 0.204496) 113
(-0.0233419 -0.0419153 0.201501) 1625
(-0.00844736 0.0418103 0.208879) 2488
(-0.0220553 -0.0380105 0.215386) 1737
(-0.0359196 0.0279743 0.218922) 977
(0.00968513 -0.0482298 0.209985) 1706
(-0.0099797 -0.0507427 0.206587) 1690
(-0.0104906 -0.0500201 0.197138) 1634
(-0.0118027 -0.0497635 0.209434) 1690
(-0.0477908 -0.00625194 0.206373) 953
(-0.050123 0.00327153 0.204074) 890
(-0.0405619 -0.0179468 0.216514) 1017
(-0.0494613 -0.00671135 0.207276) 954
(-0.0213435 -0.0469232 0.21146) 1682
(0.00386293 -0.0472725 0.204897) 1697
(-0.0105049 -0.0413908 0.223278) 1744
(-0.0316413 -0.0277549 0.22008) 1024
(0.00794363 -0.045708 0.220435) 1761
(-0.0380657 0.0188321 0.220748) 984
(-0.0355153 0.0279222 0.218973) 977
(0.0453543 -0.0256377 0.197945) 122
(-0.0512652 -0.00846466 0.205919) 954
(-0.0114668 -0.0435972 0.218382) 1745
(0.0320805 -0.03977 0.213002) 1722
(-0.0379939 -0.0265643 0.216527) 1025
(-0.0118239 -0.0440988 0.215828) 1745
(0.000694759 -0.0499492 0.214587) 1754
(-0.0499712 -0.00983036 0.208032) 954
(-0.0471751 -0.0200404 0.21186) 962
(-0.0153412 -0.0478091 0.206768) 1690
(-0.0418549 -0.0192515 0.21381) 961
(0.0130371 -0.0416401 0.215055) 1761
(-0.0105199 -0.0461148 0.214202) 1689
(0.0006765 0.0479008 0.203545) 2425
(0.0448031 -0.0228801 0.202076) 122
(0.0505367 -0.00652818 0.193726) 74
(-0.0422565 0.00249444 0.219167) 1000
(-0.00249638 0.0428771 0.205228) 2480
(-0.0503559 -0.00980491 0.206436) 954
(-0.0171276 -0.046424 0.20666) 1682
(0.014507 -0.044062 0.213949) 1705
(-0.00799371 -0.0457203 0.209763) 1689
(-0.0230966 0.0428021 0.201399) 2441
(0.0275645 -0.037266 0.208869) 1721
(-0.0464329 0.012205 0.208605) 937
(-0.0502726 5.7665e-05 0.206619) 946
(0.047819 -0.0151673 0.19215) 74
(0.0374134 -0.0296665 0.20635) 169
(-0.0320288 -0.0277835 0.223268) 1024
(-0.0223272 -0.0361492 0.230222) 1792
(-0.0120505 -0.042997 0.215664) 1745
(-0.0314542 0.0298059 0.223884) 976
(-0.0167128 0.0446872 0.20513) 2497
(0.0134931 0.0466186 0.204683) 2473
(0.00400397 -0.0479684 0.210878) 1697
(-0.0489561 -0.00593659 0.204336) 898
(-0.047318 0.0130533 0.210488) 938
(-0.0436378 -0.0161646 0.205844) 961
(0.0461471 -0.0127173 0.189554) 73
(0.00929245 -0.0412538 0.220758) 1760
(-0.037331 -0.0264663 0.21679) 1025
(0.0500085 -0.0139825 0.202249) 130
(0.0196972 -0.0415273 0.21063) 1713
(-0.0368543 -0.0294826 0.208525) 969
(0.0160333 -0.0452947 0.210233) 1713
(0.00553107 -0.0423924 0.220901) 1760
(-0.0120237 0.0461585 0.206172) 2489
(-0.0383437 0.0231108 0.213027) 929
(-0.0468699 -0.019245 0.208162) 962
(-0.0117853 -0.0528014 0.207393) 1691
(-0.0126701 -0.0404479 0.23574) 1856
(-0.0115331 0.0415965 0.212044) 2488
(-0.0116979 -0.0428481 0.222142) 1745
(-0.0506737 -0.00958541 0.213312) 954
(0.0362401 -0.0393872 0.211297) 1722
(-0.000340341 -0.0434494 0.220636) 1752
(-0.0342611 0.0281163 0.222141) 977
(-0.0173001 0.042144 0.208063) 2497
(0.00827238 -0.0453309 0.209727) 1705
(-0.0404196 -0.0129923 0.2221) 1008
(-0.0383519 0.0230574 0.225355) 1041
(-0.043316 0.00214501 0.216528) 1000
(0.00769766 -0.0451819 0.220186) 1761
(-0.0448021 0.00362194 0.214527) 1001
(0.00906289 0.0467534 0.205696) 2473
(0.0560939 -0.00529438 0.200783) 139
(-0.0276187 0.0349765 0.224162) 2561
(-0.0207494 0.0404663 0.208846) 2497
(0.0107743 -0.0405674 0.222049) 1760
(-0.0333363 0.0344491 0.214997) 2561
(-0.0464131 -0.0201739 0.21268) 962
(-0.0147892 -0.0436639 0.207596) 1689
(-0.0228704 -0.036171 0.219804) 1728
(-0.0108611 -0.0438112 0.216767) 1745
(-0.00194739 -0.0449366 0.215735) 1753
(0.00251178 0.048937 0.208743) 2482
(-0.0328275 0.0360554 0.213711) 2505
(-0.0147403 -0.0416411 0.224012) 1737
(0.0427167 -0.00722661 0.209876) 184
(0.0127653 -0.0426961 0.222856) 1761
(-0.00403595 -0.0446133 0.216545) 1753
(0.0490454 0.0112214 0.199629) 146
(-0.0517859 -0.00697402 0.209189) 954
(-0.0380325 -0.0289921 0.208838) 969
(0.0419388 -0.0223442 0.201429) 121
(-0.010318 0.0413549 0.214662) 2544
(-0.00999134 0.0417055 0.213643) 2488
(-0.0439171 -0.00229126 0.215648) 1001
(-0.0412283 -0.0193169 0.216339) 1017
(-0.0330532 -0.0272777 0.218015) 1024
(-0.0198712 -0.0379665 0.222072) 1736
(0.0393413 -0.0308447 0.218423) 226
(-0.0102124 -0.0452401 0.21062) 1689
(-0.0495324 -0.00977071 0.209812) 954
(-0.0122594 -0.0407493 0.232616) 1800
(-0.0103967 -0.0411504 0.227058) 1800
(-0.0329275 0.0267187 0.226808) 1032
(-0.0319153 0.0307024 0.225312) 1033
(-0.0247279 -0.0359244 0.219225) 1729
(-0.00875923 0.0411438 0.213358) 2488
(-0.0126483 -0.0434391 0.21639) 1745
(-0.000578011 0.0461359 0.205298) 2481
(-0.0131125 -0.0493409 0.209004) 1690
(-0.0289577 -0.0323427 0.216604) 1728
(-0.0388692 0.0243075 0.217038) 985
(-0.0100914 0.0472923 0.204552) 2433
(-0.0302411 0.034281 0.210517) 2505
(-0.0413841 -0.00906935 0.224422) 1064
(-0.000626574 -0.0421148 0.219083) 1752
(0.0249616 -0.0432972 0.217467) 1770
(-0.0181889 0.0466315 0.20246) 2442
(0.0533985 0.000962626 0.196242) 138
(-0.0379967 -0.0255538 0.221398) 1025
(0.0442571 -0.00691469 0.205745) 185
(0.0293384 -0.0364391 0.216128) 1777
(0.0420469 -0.022343 0.201969) 121
(-0.0242876 0.0343718 0.22869) 2616
(-0.019239 -0.0383982 0.225187) 1792
(-0.0356392 -0.0227187 0.233322) 1080
(-0.0518783 -0.0100345 0.210879) 954
(-0.050601 0.000712332 0.20906) 946
(-0.0098572 -0.0434855 0.222264) 1745
(-0.0326776 0.0272233 0.219632) 976
(-0.0514318 -0.010091 0.211395) 954
(0.0472051 -0.0138212 0.209067) 186
(-0.0120385 -0.0427691 0.218291) 1745
(0.0540307 -0.00771049 0.202494) 131
(0.0031059 -0.048201 0.217276) 1753
(-0.00997476 0.046384 0.20571) 2489
(0.0471311 -0.0137879 0.209294) 186
(-0.00804243 -0.0456858 0.215148) 1745
(-0.0516865 -0.00770025 0.211879) 954
(-0.0489069 0.00218716 0.211324) 946
(-0.023206 -0.0460789 0.217218) 1738
(-0.0234743 -0.0485581 0.212227) 1682
(-0.0411777 -0.0083396 0.224069) 1008
(-0.0094779 0.0412299 0.207955) 2488
(0.0120432 -0.0489943 0.217196) 1762
(-0.0475942 -0.0217597 0.210676) 962
(-0.0202157 -0.0463151 0.211431) 1682
(-0.0345539 -0.0268616 0.222678) 1025
(0.00803412 -0.0445094 0.22548) 1817
(-0.00504609 0.044316 0.209885) 2489
(-0.0429776 -0.0107757 0.211001) 953
(-0.0510051 0.00108072 0.212821) 946
(-0.0236625 -0.0407005 0.20951) 1681
(-0.0286048 -0.031991 0.218095) 1728
(0.0429621 -0.0227008 0.20665) 177
(-0.00992954 -0.049378 0.218304) 1746
(0.0438693 -0.0226003 0.202682) 122
(-0.0123269 -0.051142 0.211814) 1690
(0.0434865 -0.0224032 0.204676) 178
(-0.0522013 -0.0079101 0.210916) 954
(-0.0395093 -0.0281108 0.211205) 969
(0.0428297 -0.00762004 0.211877) 184
(0.0111199 -0.0432505 0.2218) 1761
(0.00155367 -0.0456771 0.216447) 1753
(-0.04405 -0.00950833 0.211608) 953
(-0.0326108 0.035767 0.217961) 2561
(-0.0229757 0.0350765 0.238178) 2672
(0.020931 -0.041095 0.21855) 1769
(-0.0464758 -0.0217145 0.21169) 962
(0.0115337 -0.0422219 0.227762) 1817
(0.0223373 -0.043506 0.222323) 1770
(0.00552633 0.0447869 0.211886) 2473
(-0.0141451 -0.0432166 0.218937) 1745
(0.0207755 -0.0408963 0.218112) 1769
(-0.0102979 -0.0458791 0.216492) 1745
(-0.0297255 -0.0388674 0.217163) 1730
(-0.0494735 -0.0219167 0.213697) 962
(0.0294736 -0.0371812 0.219971) 1777
(-0.0497122 0.00260067 0.213967) 946
(-0.0318432 0.0268402 0.234435) 1088
(-0.011143 -0.0421783 0.225585) 1801
(-0.0318766 0.028543 0.228486) 1032
(-0.00748235 0.0440233 0.210908) 2489
(-0.0536337 -0.00807056 0.211975) 954
(-0.00489264 0.049923 0.204828) 2482
(-0.00987631 -0.0416403 0.227369) 1800
(0.0105496 -0.042322 0.228433) 1817
(-0.010836 -0.0426286 0.22472) 1801
(-0.0313441 0.0314952 0.225368) 2617
(0.00141895 0.0511389 0.204318) 2426
(-0.0305914 0.0310993 0.230192) 2616
(-0.00278943 -0.0534772 0.215365) 1754
(-0.0212627 0.0402339 0.216738) 2553
(0.0114491 -0.0420903 0.226406) 1817
(-0.0536604 0.00225234 0.216371) 1002
(0.0551884 -0.0100677 0.201729) 131
(-0.0401905 -0.0279394 0.212395) 970
(-0.0104697 -0.0428749 0.225094) 1801
(-0.013244 -0.0411541 0.226767) 1800
(-0.01356 0.0405243 0.222874) 2544
(-0.0277668 0.0334312 0.226735) 2616
(-0.0404986 -0.0119476 0.228657) 1064
(-0.0227792 0.0355708 0.239664) 2672
(-0.00162777 -0.0440141 0.222611) 1753
(-0.0469308 -0.0201325 0.21976) 1018
(-0.0513379 -0.00842837 0.218422) 1010
(-0.023099 -0.0436127 0.215882) 1738
(-0.00666634 0.0474803 0.207892) 2489
(-0.00670101 -0.0525674 0.208857) 1690
(-0.0330624 -0.0265813 0.227204) 1080
(-0.0415637 -0.0089654 0.221843) 1008
(-0.00481828 -0.044257 0.222835) 1753
(-0.0243513 -0.0376872 0.218411) 1729
(-0.00669475 0.0451122 0.207031) 2489
(-0.0507577 0.00337051 0.21873) 1002
(-0.0400426 -0.0137573 0.236137) 1120
(-0.0497614 0.00286012 0.218443) 1002
(-0.0459165 -0.009373 0.21537) 1009
(0.0035687 0.0525683 0.203547) 2426
(0.00554896 0.044032 0.214038) 2473
(-0.0374548 -0.0284287 0.217772) 1025
(-0.045549 0.0143004 0.219977) 993
(-0.0106107 -0.0445566 0.21477) 1745
(-0.0381892 -0.0216195 0.224801) 1073
(-0.0279825 0.0359122 0.222843) 2561
(-0.0297281 -0.038253 0.220119) 1729
(-0.00895802 -0.0437859 0.229107) 1801
(0.042195 -0.00892945 0.215506) 240
(-0.0456101 -0.020716 0.216522) 1018
(-0.0216125 -0.0446378 0.216927) 1738
(-0.0284601 -0.0317457 0.230482) 1784
(-0.0173443 -0.0419609 0.226761) 1793
(0.0444564 -0.00679678 0.211066) 185
(-0.0174518 -0.0414819 0.223588) 1737
(-0.00910905 0.0477166 0.211624) 2489
(-0.0064082 0.0502125 0.214157) 2490
(-0.0467761 -0.0193596 0.217133) 1018
(-0.0143707 0.0470689 0.207061) 2490
(-0.00497125 0.0527007 0.202977) 2426
(-0.0413362 -0.00755444 0.230404) 1064
(-0.0234619 -0.0352577 0.229862) 1784
(0.0157191 0.0450028 0.213657) 2473
(-0.00381939 -0.0417745 0.246549) 1920
(0.00236499 0.0473253 0.209893) 2481
(-0.0472258 0.00363307 0.217059) 1001
(-0.0297182 0.0358233 0.225164) 2617
(-0.0208436 0.0388191 0.217044) 2553
(-0.0392171 -0.0200564 0.226091) 1073
(-0.022027 0.0361171 0.241127) 2664
(0.0538939 0.00153943 0.203856) 138
(-0.0484379 0.00395426 0.217249) 1001
(0.00777268 -0.0433863 0.22993) 1817
(0.00980227 -0.0415102 0.231901) 1816
(0.0135225 -0.047222 0.224006) 1762
(-0.0135373 0.0399828 0.232257) 2600
(-0.02044 0.0430783 0.217363) 2553
(-0.0505345 -0.00853709 0.220284) 1010
(-0.0507655 -0.00862161 0.220876) 1010
(-0.0227903 -0.0437173 0.218947) 1738
(0.0439481 -0.00781789 0.214198) 185
(0.00012231 -0.0539035 0.216503) 1754
(0.00352453 0.0487087 0.214346) 2481
(-0.0462733 -0.0194614 0.219641) 1018
(0.0119659 -0.0485115 0.225515) 1818
(-0.0208034 -0.0429322 0.217813) 1737
(0.00989524 -0.0417564 0.233122) 1816
(-0.0112672 -0.0413641 0.22961) 1800
(-0.0199135 -0.0435442 0.232924) 1793
(-0.0227192 -0.0438624 0.222249) 1738
(-0.00287935 0.0476933 0.210918) 2481
(0.00116094 -0.0465096 0.223245) 1753
(-0.0258988 -0.0343555 0.228532) 1784
(-0.0422331 0.00183465 0.228041) 1056
(-0.0485064 0.00245173 0.221512) 1001
(0.00215843 -0.04837 0.221988) 1753
(-0.0239839 0.0344883 0.234215) 2616
(-0.0105201 -0.0471021 0.22158) 1745
(0.0474382 -0.0152263 0.20645) 186
(-0.0101452 0.0409205 0.221466) 2544
(-0.00364965 -0.0421445 0.23337) 1808
(-0.0110809 -0.041354 0.23055) 1800
(-0.0108087 -0.0474842 0.222245) 1745
(-0.011056 -0.0408423 0.235829) 1856
(-0.0277439 -0.0327288 0.229738) 1784
(-0.0249638 0.0340543 0.231759) 2616
(-0.0441404 -0.00601063 0.221398) 1009
(-0.00127427 -0.0435344 0.227289) 1809
(0.0440579 -0.00720883 0.215881) 241
(-0.0366164 -0.0230483 0.228601) 1080
(0.00543544 0.043047 0.21731) 2528
(0.0442906 -0.00887114 0.207466) 185
(-0.0136592 -0.0456234 0.217569) 1745
(0.0433497 -0.00745343 0.217394) 241
(-0.00943743 0.043492 0.216119) 2545
(-0.0487561 -0.00818764 0.219714) 1010
(-0.0493315 -0.00904406 0.218648) 1010
(-0.0215218 0.0391564 0.222375) 2553
(-0.0148601 -0.0407121 0.232227) 1792
(-0.0433899 0.00349686 0.225351) 1056
(-0.0104631 -0.0474899 0.222659) 1745
(0.00742911 -0.0461627 0.215236) 1761
(-0.00816201 -0.0454906 0.224285) 1745
(-0.0340377 0.0357899 0.227926) 2618
(0.0111319 -0.0468057 0.221315) 1761
(0.00864846 0.0451811 0.216787) 2529
(0.0231974 -0.0418979 0.225867) 1825
(0.0254824 -0.0373154 0.224576) 1833
(0.0550568 0.000544054 0.213034) 195
(-0.0500297 0.00268431 0.22799) 1058
(-0.0110769 -0.0456328 0.221302) 1745
(0.00337287 0.0468844 0.209745) 2481
(0.00958698 -0.0416937 0.232799) 1816
(-0.0110185 -0.045054 0.224992) 1801
(-0.0100653 -0.0424175 0.229583) 1801
(-0.012896 -0.0412228 0.229316) 1800
(-0.0123195 -0.0467138 0.219861) 1745
(-0.0163753 0.0430144 0.217412) 2553
(-0.0301762 -0.0339197 0.225449) 1785
(0.0121149 0.0426549 0.211196) 2473
(0.0229164 -0.0425602 0.228313) 1825
(-0.0428848 -0.0181292 0.233448) 1073
(-0.0425785 0.00130855 0.22884) 1056
(-0.0388111 0.0241566 0.231483) 1041
(-0.000559785 0.0486421 0.217141) 2537
(-0.000334492 0.0481876 0.212386) 2481
(-0.0331218 -0.0262614 0.230252) 1080
(-0.0423214 -0.0022795 0.230193) 1056
(0.00518082 0.0475015 0.216758) 2537
(-0.0208208 -0.0436069 0.227953) 1793
(-0.0113238 -0.0474207 0.224668) 1802
(-0.0255792 -0.0339809 0.231405) 1784
(0.00838665 -0.0422685 0.233888) 1816
(-0.0109299 0.0446651 0.217147) 2545
(-0.0281991 0.0347635 0.229067) 2617
(0.00194442 0.0430294 0.219711) 2536
(0.00950994 0.046551 0.215593) 2529
(-0.0192263 -0.0423623 0.221014) 1737
(-0.0304861 -0.0363685 0.228923) 1785
(-0.043299 -0.0101254 0.220923) 1009
(0.00889341 -0.0417619 0.236947) 1872
(-0.00637504 0.0451222 0.220869) 2545
(-0.0319615 0.0321776 0.228277) 2617
(-0.044544 -0.0187815 0.223695) 1017
(-0.0372628 -0.0201801 0.234661) 1128
(-0.0188111 0.0420856 0.221162) 2553
(0.0115299 -0.043111 0.228667) 1817
(-0.0493649 0.00230536 0.230119) 1058
(-0.043525 0.00119307 0.222047) 1001
(-0.010428 -0.0459176 0.223857) 1745
(0.0225786 -0.041176 0.226964) 1825
(-0.0433488 -0.0191618 0.223509) 1017
(0.0434366 -0.024145 0.212404) 178
(0.000362052 -0.0467224 0.230143) 1809
(0.000603104 -0.048253 0.222546) 1753
(0.0123089 -0.0420213 0.227335) 1817
(-0.00991073 -0.0455139 0.226072) 1801
(-0.0322895 -0.0260205 0.243051) 1136
(-0.0247206 -0.0333179 0.24423) 1896
(0.0452015 -0.00875893 0.216611) 241
(0.0215723 -0.0422436 0.232701) 1825
(-0.0218021 -0.0413998 0.22792) 1793
(-0.0385674 -0.0195636 0.230219) 1072
(-0.0223748 -0.0430608 0.227392) 1793
(0.000142482 -0.0425583 0.230453) 1808
(0.0175355 -0.0430798 0.229056) 1825
(-0.0469074 -0.0087243 0.224811) 1065
(-0.028406 -0.0344621 0.23364) 1785
(0.000337871 -0.0424566 0.230774) 1808
(0.00273694 0.047672 0.22211) 2537
(-0.0298436 -0.0369521 0.230443) 1785
(-0.0479166 0.00149184 0.225253) 1057
(-0.0366851 -0.0261779 0.235655) 1137
(-0.0478349 -0.00881645 0.227643) 1065
(-0.0449197 -0.00888579 0.22288) 1009
(-0.0381181 -0.0187724 0.235574) 1128
(-0.011627 0.0401129 0.235636) 2656
(-0.0117158 0.0400881 0.236012) 2656
(-0.0418922 -0.00862045 0.229969) 1064
(-0.036798 -0.0229452 0.226972) 1072
(0.0144313 -0.0449853 0.228572) 1817
(0.0192502 -0.0414899 0.228183) 1825
(-0.0372798 -0.0272733 0.228542) 1081
(-0.0239553 0.0379926 0.233737) 2617
(-0.012816 0.0442471 0.221413) 2545
(-0.000523469 -0.0440928 0.227828) 1809
(-0.0108375 0.0401172 0.235929) 2656
(-0.0275073 -0.034235 0.233165) 1785
(-0.0222428 0.0409827 0.220473) 2553
(0.000508872 -0.0466255 0.232076) 1809
(-0.0239723 0.0366495 0.232437) 2617
(-0.0424792 0.00126207 0.23472) 1112
(0.0111318 -0.047443 0.235459) 1873
(-0.0424985 0.00102561 0.231918) 1056
(-0.0222963 0.043329 0.225125) 2609
(-0.0374727 -0.0280582 0.227345) 1081
(0.000659482 -0.0484212 0.23225) 1809
(0.000454857 -0.0472807 0.22729) 1809
(-0.021975 -0.0389773 0.224497) 1793
(0.00374355 -0.0530341 0.225186) 1810
(-0.0113623 -0.0411827 0.237432) 1856
(-0.0141157 -0.0398006 0.249134) 1904
(-0.00324106 -0.0413769 0.249361) 1920
(-0.0408291 -0.0120174 0.233238) 1064
(-0.0407759 -0.00863232 0.241881) 1120
(-0.0213324 0.0373736 0.230007) 2608
(-0.00918121 -0.0415066 0.241733) 1856
(0.00943067 -0.0409906 0.236274) 1872
(-0.0222725 0.0428434 0.222231) 2553
(-0.0389947 -0.0292055 0.231173) 1081
(-0.013244 -0.0402312 0.251184) 1912
(-0.000643521 -0.0443422 0.231502) 1809
(-0.0380025 -0.0186643 0.237739) 1128
(-0.0224859 -0.0348979 0.256821) 1952
(0.00149579 -0.0461051 0.231614) 1809
(5.35465e-05 -0.0483012 0.235643) 1865
(0.0044196 0.0445539 0.226475) 2593
(-0.0116227 0.0431808 0.224833) 2601
(0.00558298 0.0459322 0.225831) 2585
(-0.0412385 -0.00847855 0.239698) 1120
(-0.0284981 0.0331915 0.235139) 2673
(0.0474377 -0.015615 0.219958) 242
(-0.00551034 -0.0428049 0.235969) 1856
(4.73937e-06 -0.0457655 0.233109) 1809
(0.0166524 -0.0460938 0.231824) 1826
(-0.019719 0.0427432 0.22786) 2609
(-0.0115104 -0.0428336 0.234127) 1801
(-0.0359148 -0.0259534 0.241249) 1137
(-0.00497487 -0.0424769 0.240575) 1856
(0.0122712 -0.0452081 0.235975) 1873
(-0.0526999 -0.0143906 0.228181) 1067
(-0.0115068 0.0471836 0.222036) 2545
(0.0092636 -0.0423613 0.239778) 1872
(0.00380212 0.0440223 0.22907) 2593
(-0.0220793 -0.0358265 0.251993) 1904
(-0.0101238 0.0440698 0.226719) 2601
(-0.000473424 -0.0487343 0.231165) 1809
(-0.0088683 0.0409618 0.232747) 2600
(0.00469302 0.0448007 0.228947) 2593
(-0.0257435 -0.0349431 0.231918) 1784
(-0.03744 -0.0279151 0.232729) 1081
(-0.0405749 -0.00866788 0.249634) 1176
(-0.00780893 0.0462053 0.226936) 2601
(-0.0356244 -0.0258611 0.230656) 1081
(0.00151481 0.0477702 0.22177) 2537
(-0.0453042 -0.00634473 0.229767) 1065
(0.00427363 -0.0414416 0.252922) 1920
(-0.00158871 -0.0441313 0.231002) 1809
(0.0489351 0.00255501 0.222644) 250
(-0.0444893 0.00373212 0.230686) 1057
(0.000678226 -0.0595136 0.230614) 1811
(-0.041905 -0.00890173 0.236363) 1120
(0.0514521 -0.000225539 0.213986) 194
(0.0482702 -0.0162941 0.221434) 242
(-0.0106263 0.0442216 0.228803) 2601
(0.00021165 -0.0478352 0.239846) 1865
(-0.000254953 -0.0453031 0.235597) 1865
(0.0501596 -0.00709805 0.223714) 242
(-0.00529537 0.0448093 0.227427) 2601
(-0.0108221 0.0475328 0.225773) 2602
(-0.0129743 0.0394953 0.252338) 2712
(0.0152213 -0.0456981 0.234656) 1873
(-0.018561 0.0388044 0.23203) 2608
(-0.00929394 0.041396 0.230466) 2600
(-0.00967805 0.0477802 0.228175) 2601
(-0.0086862 0.047386 0.229393) 2601
(-0.0137226 -0.0395511 0.263999) 1968
(-0.00970854 0.0443367 0.230784) 2601
(-0.00263558 -0.0584469 0.232658) 1811
(-0.0218994 -0.0354849 0.263432) 1960
(-0.04657 0.00243391 0.238907) 1113
(-0.0237712 0.0356766 0.237333) 2672
(-0.0231155 0.0413304 0.230807) 2609
(-0.0219936 0.0388393 0.228183) 2609
(0.0480274 -0.00632319 0.222881) 241
(-0.00354889 0.042808 0.234231) 2592
(-0.0159017 -0.0405954 0.23827) 1849
(-0.000331516 -0.0467056 0.242899) 1865
(0.00554463 0.045197 0.230899) 2585
(-0.01418 -0.0397197 0.255165) 1960
(0.0111711 -0.0420692 0.242097) 1873
(0.00802867 -0.0416495 0.24675) 1928
(0.00845155 -0.0436135 0.241544) 1873
(0.00584382 -0.053321 0.238208) 1866
(-0.0291163 -0.0301628 0.258331) 1952
(-0.0172954 0.0402687 0.232186) 2609
(-0.0415376 -0.0020049 0.248275) 1168
(-0.018277 -0.0409407 0.241534) 1849
(-0.000912585 -0.0434638 0.241126) 1864
(0.0517788 0.0066318 0.219716) 258
(-0.0417765 -0.017735 0.239878) 1129
(-0.022716 0.0408788 0.232113) 2609
(-0.000536685 -0.0570975 0.233178) 1811
(-0.0548816 0.00484724 0.233288) 1059
(-0.00543476 0.0455261 0.232717) 2601
(-0.0170497 0.0392979 0.232327) 2608
(-0.00408124 0.0462683 0.231336) 2593
(-0.0332651 -0.0261735 0.242309) 1136
(-0.0447217 0.0021942 0.242383) 1113
(-0.0120846 0.0431998 0.231798) 2601
(0.00116792 0.0425419 0.231604) 2592
(-0.00786461 0.0469652 0.231354) 2601
(-0.0406249 -0.0167377 0.236834) 1129
(-0.0114233 -0.0405181 0.251764) 1912
(-0.0143965 -0.0411332 0.241491) 1848
(-0.00558096 -0.0545045 0.231657) 1811
(-0.0394471 -0.0118816 0.259956) 1232
(-0.0115715 -0.0435549 0.243025) 1857
(-0.0130431 0.0392564 0.258164) 2768
(-0.0400892 -0.0182627 0.240897) 1129
(-0.0219421 -0.0403898 0.241493) 1849
(-0.0135275 -0.0397282 0.265376) 2024
(0.0531273 0.00546157 0.227328) 306
(0.0146597 -0.0424165 0.238747) 1873
(-0.0120007 -0.0404142 0.252764) 1912
(-0.00129642 -0.0439123 0.246259) 1921
(-0.00868032 0.0403145 0.241014) 2656
(-0.00385208 -0.0588142 0.241147) 1867
(-0.0100947 0.0446712 0.236825) 2657
(0.0480835 -0.0164495 0.235946) 354
(0.00202593 0.0428352 0.234485) 2648
(0.00297293 -0.0582416 0.239933) 1867
(-0.00397348 0.0424758 0.241224) 2648
(0.0104271 -0.0421787 0.248365) 1928
(-0.0425518 -0.00909951 0.244865) 1177
(-0.0438033 0.00326673 0.244144) 1113
(-0.0440166 0.00242786 0.243884) 1113
(0.00364069 0.0441222 0.238362) 2649
(0.0112078 -0.0436819 0.247453) 1929
(-0.0123856 0.040278 0.243967) 2656
(-0.0086935 -0.043289 0.246963) 1913
(-0.00711858 0.0449243 0.239273) 2657
(0.000312635 0.0441173 0.238911) 2649
(-0.0192679 0.0371558 0.243296) 2664
(-0.0189751 0.0393703 0.238806) 2665
(-0.00798115 -0.0582721 0.24055) 1859
(0.00552909 0.0518156 0.234703) 2650
(0.00635622 0.0516597 0.234277) 2586
(0.0607956 0.00227221 0.232317) 308
(-0.0137416 -0.0415601 0.246962) 1913
(-0.0288417 -0.0352938 0.250691) 1897
(0.00475678 -0.0426238 0.252688) 1920
(-0.0193359 -0.0409237 0.247945) 1905
(6.9176e-05 -0.0444499 0.246532) 1921
(-0.00280027 -0.0595797 0.243068) 1868
(-0.0265114 -0.0341309 0.247996) 1896
(-0.0132099 -0.0417898 0.249354) 1913
(0.0606317 -0.00229109 0.228926) 308
(0.0606419 -0.00279228 0.228869) 308
(-0.00220144 -0.04285 0.250458) 1920
(0.00250696 0.0443908 0.240654) 2649
(-0.0221765 0.0396835 0.244221) 2721
(-0.0329947 -0.0258293 0.254483) 1248
(-0.0174476 -0.0389613 0.253584) 1904
(0.0117963 0.0565013 0.23681) 2643
(-0.00780275 -0.0424408 0.25161) 1912
(-0.0127 -0.0400703 0.265676) 2024
(-0.0559223 -0.0106697 0.242089) 1123
(-0.0405957 -0.0169982 0.25264) 1185
(0.00720482 0.0570097 0.238386) 2643
(2.03508e-05 -0.0611398 0.246703) 1924
(0.00403475 0.0556785 0.23848) 2651
(0.00985034 -0.0414235 0.255662) 1984
(-0.0440036 -0.00864981 0.255583) 1233
(0.00886494 -0.0440883 0.25163) 1929
(0.00992902 -0.0406938 0.258216) 1984
(-0.00851905 -0.0419344 0.252302) 1912
(-0.00421133 0.0492135 0.237378) 2650
(0.0599496 -0.00470672 0.231766) 308
(-0.00832418 0.0424031 0.245841) 2712
(-0.014715 -0.0393032 0.265804) 2016
(-0.0197449 -0.0385002 0.249268) 1904
(-0.00766496 0.0425172 0.245783) 2712
(0.0578919 0.000291674 0.236463) 363
(0.0580693 -0.00222447 0.234667) 363
(-0.0250022 -0.0347592 0.254379) 1952
(0.00491203 -0.0416171 0.274449) 2096
(-0.0295323 -0.0309258 0.258841) 1952
(-0.0122798 -0.0422773 0.255366) 1969
(-0.0403697 -0.0179646 0.255246) 1241
(0.0583414 -0.00247425 0.23781) 363
(0.0587318 0.000266464 0.238429) 363
(0.0144171 0.0540303 0.236392) 2643
(-0.0405312 -0.0171492 0.254793) 1241
(0.0138767 0.0538274 0.237163) 2643
(-0.0204883 0.0374589 0.243879) 2664
(-0.00423524 -0.0600384 0.25199) 1924
(-0.00822762 -0.0420976 0.256693) 1968
(-0.0267255 -0.0342997 0.256133) 1953
(-0.0293828 -0.0312603 0.258268) 1952
(-0.0316367 -0.0285728 0.254827) 1248
(0.0159491 -0.0403567 0.254992) 1992
(0.00282841 -0.0412575 0.265181) 2032
(-0.00212264 -0.0631769 0.255688) 1980
(0.00589321 0.0525835 0.242254) 2650
(0.00447154 -0.0427697 0.260672) 1976
(0.00824344 0.0560364 0.243337) 2643
(0.00172489 -0.0626139 0.254452) 1980
(-0.0440396 -0.00857083 0.259218) 1233
(-0.0420744 -0.00875813 0.253526) 1176
(0.00618347 0.0563207 0.240016) 2651
(-0.0426098 0.00158592 0.259879) 1224
(0.00239559 -0.0563083 0.248721) 1923
(-0.0142371 -0.0404611 0.261127) 1960
(0.0264726 -0.0404622 0.253656) 1945
(-0.000397796 0.0554793 0.243195) 2651
(0.0587007 -0.00463541 0.237856) 363
(-0.0136576 -0.0389777 0.281441) 2072
(-0.0408789 -0.0173692 0.259571) 1241
(0.00159622 0.0551627 0.249438) 2707
(0.000706437 0.0578485 0.239605) 2651
(-0.0422634 -0.0087154 0.262352) 1232
(-0.040042 -0.0164496 0.261579) 1240
(-0.0420686 -0.00651829 0.262838) 1232
(-0.0427787 -0.00754564 0.260303) 1232
(-0.042959 0.00181685 0.258895) 1224
(0.00381273 0.0547081 0.250259) 2707
(-0.0297371 -0.0300664 0.270618) 2008
(0.00439655 0.0548652 0.24619) 2707
(-0.0559612 -0.00724107 0.256337) 1235
(-0.0026643 -0.0610807 0.256966) 1980
(0.0590017 -0.00126813 0.241456) 363
(0.00525866 0.0566774 0.248079) 2707
(0.00367592 -0.0578726 0.256909) 1979
(-0.0637879 -0.00101347 0.255682) 1228
(-0.0572996 -0.00854437 0.25652) 1235
(-0.0625613 0.00186296 0.256217) 1228
(-0.0395747 -0.015887 0.265501) 1296
(0.00392164 -0.0430251 0.26239) 1976
(-0.0051039 -0.058959 0.263124) 1979
(-0.0571987 0.0153924 0.255234) 1219
(0.00433161 -0.0433694 0.26291) 1976
(0.0562446 -0.00676267 0.248294) 411
(-0.0604221 0.00484167 0.255765) 1228
(-0.00898106 0.0411112 0.255486) 2768
(-0.042224 0.00145943 0.267059) 1280
(9.68418e-05 0.0589069 0.249361) 2707
(0.0034589 0.0564976 0.255281) 2763
(-0.0415115 -0.0090182 0.26595) 1288
(-0.0626197 0.00193486 0.257521) 1228
(0.060755 -0.00214346 0.253484) 420
(0.0129325 -0.0407217 0.265537) 2040
(-0.0593386 0.00580294 0.257492) 1227
(-0.060138 -0.0105137 0.256129) 1236
(-0.00869874 -0.0413636 0.268673) 2024
(0.0593624 -0.00774301 0.247378) 412
(-0.0592729 -0.0104331 0.258681) 1236
(0.0557327 -0.00664028 0.251469) 411
(0.00805239 -0.0409527 0.273064) 2040
(-0.00685513 -0.0575138 0.260939) 1971
(-0.0583484 0.0196658 0.25965) 1220
(-0.0104204 0.0423734 0.258226) 2769
(-0.0619402 0.00394281 0.261832) 1228
(0.00317232 -0.060846 0.263855) 1980
(-0.0576626 -0.0039602 0.263097) 1227
(-0.0598057 0.0189653 0.261816) 1220
(-0.0057546 0.0541447 0.253145) 2707
(-0.0599702 0.0053276 0.259521) 1228
(-0.0071723 -0.0584257 0.263738) 1971
(0.00546294 -0.0593242 0.262463) 1979
(-0.0597949 -0.00905602 0.262357) 1236
(-0.0596199 -0.0113768 0.262169) 1236
(-0.0596491 -0.00984379 0.261986) 1236
(-0.0603633 -0.000919914 0.264847) 1284
(-0.0589377 0.0129599 0.261639) 1220
(-0.00749492 -0.0407027 0.276481) 2080
(-0.0243708 -0.0343035 0.271097) 2008
(-0.0625392 -0.0127716 0.264194) 1292
(0.000897522 -0.0433266 0.26903) 2032
(0.000233722 -0.0449916 0.269865) 2033
(0.0575928 -0.00460758 0.252307) 419
(-0.062923 0.0174605 0.264788) 1277
(-0.0615983 0.00521243 0.264956) 1284
(-0.057243 0.0168596 0.262406) 1220
(-0.0111635 -0.0411868 0.270247) 2024
(0.0073759 0.0531686 0.253543) 2698
(-0.0421752 -0.00748962 0.268965) 1288
(-0.0574219 0.0117504 0.26334) 1219
(-0.0593118 0.00136478 0.266851) 1283
(-0.0570531 0.0108686 0.264008) 1275
(0.00562249 -0.0432273 0.272422) 2040
(-0.0592544 -0.0139998 0.26385) 1236
(-0.0647471 0.000109196 0.260829) 1228
(-0.0146956 -0.0383933 0.286777) 2128
(-0.0207094 -0.0373893 0.274816) 2072
(-0.0630319 0.0158195 0.267498) 1276
(-0.0418314 -0.00586615 0.277737) 1344
(-0.0619114 0.00499342 0.268118) 1284
(-0.0626264 0.0160537 0.269122) 1276
(-0.0629808 -0.00330223 0.268655) 1284
(-0.0575232 0.00926909 0.267944) 1275
(-0.064209 -0.00317501 0.268358) 1284
(-0.00544693 -0.0588629 0.270074) 2035
(-0.0567954 0.0143088 0.2661) 1275
(-0.00331747 -0.0466539 0.267804) 2033
(0.0117647 -0.0408756 0.275189) 2096
(-0.0565808 -0.0156893 0.266855) 1291
(-0.0622851 0.00404171 0.268872) 1284
(-0.0597389 0.012278 0.268777) 1276
(-0.00537531 -0.05872 0.267385) 2035
(0.00753031 -0.0407487 0.283044) 2096
(0.0128778 0.0578361 0.255417) 2755
(-0.0609424 0.00537942 0.268651) 1284
(-0.0653765 0.00319515 0.266758) 1285
(-0.0615642 0.0127663 0.270876) 1276
(-0.0602726 -0.00769794 0.269222) 1292
(-0.0573179 -0.00578314 0.269966) 1283
(-0.0571333 0.00787403 0.269119) 1275
(-0.0576618 -0.00553311 0.268047) 1283
(-0.0602962 -0.00685689 0.264773) 1292
(-0.0572608 -0.0142261 0.268914) 1291
(-0.0638121 0.00507306 0.272149) 1284
(-0.0208062 -0.0379228 0.278809) 2072
(0.00416594 0.0591797 0.260109) 2763
(0.0580096 -0.00423418 0.258559) 475
(-0.00205566 -0.0651357 0.268627) 2037
(-0.0572135 0.00349683 0.269532) 1283
(-0.0575858 0.0154684 0.271247) 1276
(-0.059126 0.00273687 0.269378) 1283
(-0.0573219 0.0135878 0.268888) 1275
(-0.0602309 0.00256788 0.270248) 1284
(-0.0610448 -0.00261725 0.272578) 1284
(-0.0580173 0.0134006 0.27029) 1276
(-0.0667635 0.00311458 0.271288) 1285
(-0.0584339 -0.00140711 0.269756) 1283
(0.0104617 -0.04072 0.281085) 2096
(0.0015008 -0.0423595 0.279822) 2088
(0.000617806 -0.0437144 0.280121) 2089
(-0.0623971 -0.00786019 0.270203) 1292
(0.0159582 -0.0458758 0.277627) 2097
(-0.0623629 -0.00844267 0.275278) 1348
(-0.060947 0.00704978 0.274509) 1332
(-0.0576515 0.0147667 0.273587) 1275
(-0.0562678 0.0131845 0.27243) 1275
(-0.05798 0.000817393 0.270839) 1283
(0.0021429 0.0622267 0.266105) 2820
(-0.0625664 0.00393358 0.272391) 1284
(-0.0570168 0.0116824 0.273982) 1331
(-0.0613348 -0.0122609 0.273187) 1292
(-0.0559249 0.00944544 0.273297) 1275
(0.00510192 -0.0591192 0.273848) 2035
(-0.0675218 0.000483787 0.27485) 1341
(-0.00474172 0.054362 0.261624) 2763
(1.93401e-06 -0.0444464 0.282152) 2089
(0.00894638 -0.0584146 0.275169) 2099
(-0.0600361 0.00614538 0.277005) 1340
(0.00776485 -0.0569369 0.274348) 2099
(-0.0674303 0.000291688 0.276432) 1341
(-0.05947 -0.00763729 0.274941) 1348
(-0.0569339 -0.00411262 0.276139) 1339
(0.00737877 -0.0566069 0.27542) 2099
(-0.00539492 -0.063012 0.276423) 2092
(0.00674427 -0.0605945 0.275512) 2092
(0.0229091 0.0527628 0.263335) 2747
(-0.0578339 0.00742082 0.276314) 1331
(0.00963478 -0.063507 0.277601) 2100
(-0.021347 -0.037601 0.283863) 2128
(-0.0573483 -0.00458917 0.277085) 1339
(0.0074134 -0.0405585 0.291589) 2152
(-0.0574697 -0.0061563 0.27714) 1339
(-0.0643282 0.0107474 0.282615) 1333
(-0.0587241 0.0115034 0.27931) 1332
(-0.0211957 -0.0374826 0.285983) 2128
(-0.0609791 -0.00348341 0.279762) 1340
(-0.0617929 0.000225427 0.277482) 1340
(-0.0579675 0.00782757 0.280799) 1331
(0.00328697 -0.0593638 0.279604) 2091
(-0.0600775 0.00583276 0.280568) 1340
(0.00661667 -0.040527 0.295732) 2208
(-0.0617026 -0.00848788 0.280878) 1348
(-0.00160159 -0.0649981 0.280704) 2092
(-0.0628839 -0.00130868 0.279569) 1340
(-0.0578266 0.0071831 0.281472) 1331
(0.0114221 -0.0597618 0.281916) 2100
(0.0280914 0.0512711 0.269402) 2803
(0.00337487 -0.0608996 0.282107) 2092
(0.0577138 -0.00592115 0.26659) 531
(0.00838174 0.0584191 0.271709) 2811
(0.00984447 -0.0632982 0.28315) 2100
(0.00900631 -0.0637015 0.283647) 2100
(0.00706551 -0.0614763 0.282802) 2100
(-0.010235 -0.0402533 0.293044) 2136
(0.00566153 -0.0611264 0.284221) 2148
(0.00709161 -0.0618169 0.284205) 2156
(-0.00104423 0.0588577 0.272475) 2819
(0.00723279 -0.0582203 0.28448) 2155
(-0.0077375 -0.0629809 0.285641) 2140
(-0.00524769 -0.0412816 0.299083) 2192
(0.00586485 -0.0646206 0.286396) 2148
(0.0606345 -0.00490779 0.277695) 588
(-0.0603798 0.000355115 0.285363) 1396
(0.00291991 -0.0420446 0.294367) 2200
(0.00955436 0.0587127 0.275876) 2867
(0.000617823 -0.0641341 0.288438) 2148
(0.000191357 -0.0626551 0.287999) 2148
(-0.00994462 -0.0400441 0.296533) 2192
(-0.0581497 -0.00584115 0.283819) 1395
(0.0221235 0.0581833 0.277957) 2860
(-0.0578804 -0.00613521 0.285806) 1395
(-0.0102998 -0.0401125 0.29951) 2192
(-0.00470395 -0.0575307 0.288186) 2147
(-0.0150977 -0.0388361 0.300004) 2184
(-0.0154681 -0.0386298 0.299349) 2184
(0.0125661 0.058756 0.278867) 2868
(-0.0153206 -0.0386568 0.300793) 2184
(0.00417144 -0.0629834 0.292623) 2148
(-0.000690764 -0.058566 0.28944) 2147
(-0.00131291 -0.0584497 0.289425) 2147
(0.00192265 -0.063122 0.292699) 2148
(0.0198037 0.0541213 0.281528) 2859
(-0.000543661 -0.0637542 0.291372) 2148
(0.00173338 -0.061596 0.290607) 2148
(-0.00574728 -0.0586935 0.294633) 2203
(0.00722154 -0.0582072 0.29508) 2211
(-0.0050592 -0.0575937 0.293406) 2147
(0.00154402 -0.0403212 0.306784) 2256
(0.00284886 -0.0418904 0.303015) 2200
(0.019752 0.056853 0.284751) 2924
(0.00276683 -0.0601826 0.296846) 2204
(-0.000747088 -0.0656373 0.296762) 2205
(-0.0609729 -0.00633191 0.295302) 1452
(-0.0631526 -0.00259555 0.29553) 1452
(0.00128431 -0.0414926 0.304204) 2256
(0.000780415 -0.0657064 0.297386) 2205
(0.00696609 -0.0584365 0.298648) 2211
(-0.00546 -0.0591493 0.297003) 2203
(0.00631529 -0.0620758 0.299939) 2204
(0.00805657 -0.0606608 0.300112) 2212
(0.0048909 -0.0407372 0.313829) 11002
(-0.0130802 -0.0622447 0.300698) 2196
(0.00527937 -0.0630873 0.302965) 2204
(0.00119816 0.0620675 0.289884) 2932
(0.00528328 -0.0624836 0.303344) 2204
(0.00830846 -0.0593721 0.3045) 2268
(0.00559932 -0.0646432 0.305028) 2260
(0.02199 0.0574156 0.293064) 2916
(-0.00655843 0.0622871 0.296266) 2988
(0.0221417 0.0577249 0.299898) 2972
(-0.0571977 -0.0033707 0.30858) 1507
(-0.0588454 -0.00347925 0.309773) 1507
(-0.0557244 -0.00517689 0.310571) 1507
(-0.0626813 -0.00860972 0.312251) 1516
(-0.00238818 0.0597061 0.302919) 2988
(-0.0626591 -0.00284138 0.313529) 10830
(-0.0137788 -0.0670673 0.314828) 10991
(0.0327055 0.048202 0.304915) 3019
(-0.0516909 0.00668379 0.314185) 10820
(0.00941465 0.0595023 0.306086) 3036
(-0.0555303 -0.00143998 0.315366) 10829
(-0.0624315 -0.0118012 0.318376) 10838
(-0.0261053 0.0047378 0.337924) 10350
(-0.0261166 0.00472528 0.337337) 10350
(0.0289976 0.055157 0.31398) 11150
(0.0349599 0.0504979 0.316055) 11142
(-0.0558554 -0.000702406 0.32626) 10885
(-0.0627966 -0.00953605 0.327972) 10894
(-0.0548192 -0.00584667 0.329151) 10885
(-0.0576252 -0.00567078 0.329136) 10885
(-0.00281722 -0.0588068 0.331668) 11053
(0.0596056 -0.00814687 0.322807) 10702
(-0.0077956 -0.0166712 0.247445) 5727
(-0.00613839 0.0202409 0.207515) 6312
(-0.0591812 -0.00814887 0.341174) 10949
)


// ************************************************************************* //
