/*--------------------------------*- C++ -*----------------------------------*\
| =========                 |                                                 |
| \\      /  F ield         | OpenFOAM: The Open Source CFD Toolbox           |
|  \\    /   O peration     | Version:  plus.master.MPPICInterFoam            |
|   \\  /    A nd           | Web:      www.OpenFOAM.com                      |
|    \\/     M anipulation  |                                                 |
\*---------------------------------------------------------------------------*/
FoamFile
{
    version     2.0;
    format      ascii;
    class       volScalarField;
    location    "8.8";
    object      rho;
}
// * * * * * * * * * * * * * * * * * * * * * * * * * * * * * * * * * * * * * //

dimensions      [1 -3 0 0 0 0 0];

internalField   nonuniform List<scalar> 
11822
(
987.177
980.745
982.707
991.072
991.391
1000
1000
863.562
761.567
741.687
834.743
966.219
990.213
1000
644.609
572.748
400.833
584.355
874.029
987.786
1000
510.923
339.291
342.83
603.114
859.683
987.9
1000
627.615
583.995
583.548
592.902
839.889
984.038
1000
840.785
692.32
699.528
768.811
936.745
987.815
1000
982.652
970.028
962.515
980.441
986.043
1000
1000
972.483
970.016
972.692
970.306
983.476
1000
1000
853.872
722.684
702.292
829.336
936.165
983.661
1000
617.586
526.37
389.092
490.375
863.877
958.51
1000
538.869
338.863
339.288
577.278
841.073
966.227
1000
588.881
385.927
376.279
460.932
816.267
954.321
1000
828.305
650.564
642.559
747.144
908.315
978.685
1000
971.903
962.08
955.142
966.581
972.968
1000
1000
947.418
925.185
921.67
907.197
974.413
1000
1000
808.838
695.481
698.852
803.981
786.079
977.765
1000
593.094
352.779
456.859
452.142
817.453
912.472
1000
674.547
484.957
447.164
453.191
803.917
906.311
1000
545.93
273.457
273.469
369.29
763.356
906.974
1000
792.051
612.636
594.38
716.948
782.323
971.051
1000
944.397
924.873
916.313
904.762
955.877
1000
1000
913.409
828.451
804.551
831.381
954.958
998.924
1000
677.904
626.141
662.817
670.686
649.181
963.633
1000
551.612
271.101
453.478
449.123
648.196
874.091
1000
652.145
610.844
593.388
274.613
678.38
835.042
1000
496.939
271.102
272.013
345.084
625.791
863.382
1000
689.432
551.981
524.295
616.178
631.333
957.225
1000
896.542
817.618
794.88
787.714
928.275
998.871
1000
867.749
745.008
724.869
792.503
926.85
995.667
1000
507.416
430.409
480.513
427.968
637.342
941.474
1000
420.126
270.068
315.199
400.363
428.707
844.108
1000
327.87
603.038
594.477
265.833
423.285
794.809
1000
377.82
269.9
271.229
318.215
435.111
831.312
1000
505.633
388.443
350.304
401.622
594.668
935.31
1000
832.622
679.921
651.95
710.281
892.393
995.045
1000
860.443
752.546
741.544
801.264
916.022
993.275
1000
482.74
306.603
313.862
383.289
649.987
929.77
1000
282.491
270.231
256.928
269.716
412.962
833.68
1000
255.736
550.751
591.157
265.515
346.673
793.632
1000
274.501
269.414
274.707
264.258
408.354
821.092
1000
442.373
276.707
274.87
332.468
603.616
922.4
1000
814.298
668.49
647.09
721.753
878.318
991.978
1000
1000
1000
999.998
999.944
999.978
999.829
999.699
999.476
1000
1000
1000
1000
1000
1000
1000
1000
1000
1000
1000
1000
1000
1000
1000
1000
1000
1000
1000
1000
1000
1000
1000
1000
1000
1000
1000
1000
1000
1000
1000
1000
1000
1000
1000
1000
1000
1000
1000
1000
1000
1000
1000
1000
999.983
1000
999.999
1000
1000
1000
999.998
999.917
999.989
999.349
999.71
999.526
1000
1000
1000
1000
1000
1000
1000
1000
1000
1000
1000
1000
1000
1000
1000
1000
1000
1000
1000
1000
1000
1000
1000
1000
1000
1000
1000
1000
1000
1000
1000
1000
1000
1000
1000
1000
1000
999.997
999.999
1000
1000
1000
1000
1000
999.984
1000
999.991
999.999
1000
1000
999.997
999.932
999.992
998.974
999.765
999.514
1000
1000
1000
999.999
1000
1000
1000
1000
1000
1000
1000
1000
1000
1000
1000
1000
1000
1000
1000
1000
1000
1000
1000
1000
1000
1000
1000
1000
1000
1000
1000
1000
1000
1000
1000
1000
1000
999.997
999.998
1000
1000
1000
1000
1000
999.991
999.979
999.983
999.998
1000
1000
999.989
999.976
999.998
999.128
999.888
999.556
1000
1000
999.999
999.999
1000
1000
999.999
1000
1000
1000
1000
1000
1000
1000
1000
1000
1000
1000
1000
1000
1000
1000
1000
1000
1000
1000
1000
1000
1000
1000
1000
1000
1000
1000
1000
1000
1000
999.998
999.999
1000
1000
1000
1000
1000
999.999
999.929
999.983
999.994
1000
1000
999.982
999.976
999.997
999.629
999.999
999.689
1000
1000
999.999
999.998
1000
1000
999.999
1000
1000
1000
1000
1000
1000
1000
1000
1000
1000
1000
1000
1000
1000
1000
1000
1000
1000
1000
1000
1000
1000
1000
1000
1000
1000
1000
1000
1000
1000
1000
1000
1000
1000
1000
1000
999.998
1000
999.935
999.983
999.988
1000
1000
999.982
999.972
999.982
999.998
999.4
999.587
1000
1000
999.999
999.998
1000
1000
999.992
999.997
1000
1000
1000
1000
1000
1000
1000
1000
1000
1000
1000
1000
1000
1000
1000
1000
1000
1000
1000
1000
1000
1000
1000
1000
1000
1000
1000
1000
1000
1000
1000
1000
1000
1000
1000
999.996
999.999
999.963
999.975
999.988
999.976
1000
1000
1000
1000
1000
1000
1000
986.125
1000
1000
1000
1000
1000
1000
1000
931.901
1000
1000
1000
999.998
999.977
999.983
999.999
903.976
1000
1000
1000
1000
999.996
999.586
999.967
939.675
1000
1000
1000
1000
999.996
999.828
999.988
986.465
1000
1000
1000
1000
1000
999.999
999.999
999.516
1000
1000
1000
1000
1000
1000
1000
999.759
1000
1000
1000
1000
1000
1000
1000
979.77
1000
1000
1000
1000
1000
1000
1000
924.143
1000
1000
1000
999.998
999.977
999.98
999.999
898.933
999.732
1000
1000
1000
1000
999.354
999.972
934.408
1000
1000
1000
1000
999.989
999.642
999.992
978.575
1000
1000
1000
1000
1000
999.998
999.999
999.033
1000
1000
1000
1000
1000
1000
1000
998.745
1000
1000
1000
1000
1000
1000
1000
956.503
1000
1000
1000
1000
1000
1000
1000
895.328
996.395
1000
1000
999.998
999.978
999.976
999.999
882.252
991.706
1000
1000
999.989
999.558
999.354
999.986
907.338
996.364
1000
1000
1000
999.944
999.666
999.997
952.396
1000
1000
1000
1000
1000
999.996
999.999
997.523
1000
1000
1000
1000
1000
1000
1000
995.191
1000
1000
1000
1000
1000
1000
1000
902.022
1000
1000
1000
1000
1000
1000
1000
792.025
982.209
1000
1000
999.999
999.978
999.972
999.999
793.947
961.143
1000
1000
999.98
998.812
999.369
999.998
797.412
981.599
1000
1000
999.995
999.686
999.734
999.999
897.819
1000
1000
1000
1000
1000
999.99
999.999
992.937
1000
1000
1000
1000
1000
1000
1000
986.481
1000
1000
1000
1000
1000
1000
1000
826.596
1000
1000
1000
1000
1000
1000
1000
594.472
948.274
1000
1000
999.999
999.971
999.968
999.999
565.844
898.927
1000
1000
999.993
998.811
999.477
999.999
595.093
946.435
1000
1000
1000
999.201
999.788
999.999
832.175
996.701
1000
1000
1000
999.999
999.986
999.999
982.843
1000
1000
1000
1000
1000
1000
1000
982.899
1000
1000
1000
1000
1000
1000
1000
814.038
999.998
1000
1000
1000
1000
1000
1000
543.6
941.008
1000
1000
999.999
999.954
999.963
1000
451.435
884.094
1000
1000
999.998
998.811
999.446
1000
550.092
939.58
1000
1000
1000
999.243
999.831
999.999
830.232
996.185
1000
1000
1000
999.999
999.989
999.999
981.35
1000
1000
1000
1000
1000
1000
1000
1000
1000
1000
1000
1000
999.985
999.964
999.979
1000
1000
1000
1000
999.998
999.937
997.325
998.766
1000
1000
1000
999.994
999.861
999.89
997.325
997.457
1000
999.999
999.99
1000
1000
999.98
997.921
999.471
1000
999.997
999.999
999.881
996.966
999.498
999.093
999.885
1000
1000
1000
999.859
996.766
999.497
996.881
997.505
1000
1000
999.996
999.832
999.891
998.913
996.878
996.878
1000
1000
1000
1000
1000
999.99
999.951
999.668
1000
1000
1000
1000
1000
999.834
997.637
997.326
1000
1000
1000
999.998
999.943
999.837
997.325
997.324
1000
1000
1000
999.999
1000
999.994
999.439
999.321
1000
1000
1000
999.921
998.443
999.602
996.885
999.89
1000
1000
999.999
999.885
999.616
999.31
996.884
998.984
1000
1000
999.991
999.832
999.971
998.172
997.545
996.878
1000
1000
1000
1000
1000
999.999
999.921
999.21
1000
1000
1000
1000
1000
999.638
998.755
997.324
1000
1000
1000
1000
999.996
999.81
997.324
997.324
1000
1000
1000
999.996
1000
1000
999.759
999.214
1000
1000
1000
999.988
999.994
999.873
997.762
999.89
1000
1000
999.997
999.866
999.976
998.667
996.884
999.089
1000
1000
999.994
999.843
999.943
997.961
998.966
996.879
1000
1000
1000
1000
1000
999.991
999.915
999.26
1000
1000
1000
1000
999.997
999.614
999.72
997.324
1000
1000
1000
999.994
1000
999.789
997.481
997.324
1000
1000
1000
999.989
999.998
999.262
999.764
999.376
1000
1000
1000
999.988
1000
999.999
999.758
999.891
1000
1000
999.998
999.866
999.975
997.983
999.001
998.051
1000
1000
999.999
999.953
999.946
997.961
999.733
996.879
1000
1000
1000
1000
1000
999.935
999.937
999.627
1000
1000
1000
1000
1000
999.729
999.937
997.445
1000
1000
1000
999.991
1000
999.418
998.909
997.873
1000
1000
1000
999.991
999.999
998.994
999.675
999.739
1000
1000
1000
999.963
1000
999.277
999.854
999.891
1000
1000
1000
999.933
999.879
997.984
999.709
997.189
1000
1000
1000
1000
999.935
998.099
999.625
996.88
999.999
1000
1000
1000
1000
999.933
999.847
999.898
1000
1000
1000
1000
1000
999.976
999.779
998.702
1000
1000
1000
999.991
1000
999.301
999.091
999.342
1000
1000
1000
999.996
1000
999.08
999.083
999.576
1000
1000
1000
999.971
1000
998.94
999.596
999.039
1000
1000
1000
999.998
999.941
997.995
999.386
997.122
1000
1000
1000
1000
999.957
999.061
999.047
997.011
1000
1000
1000
999.994
999.91
999.97
999.911
1000
1000
1000
1000
999.994
999.944
999.618
999.604
999.403
1000
1000
1000
1000
999.92
999.577
999.702
997.571
1000
1000
1000
999.996
999.903
999.954
999.948
998.014
1000
1000
1000
1000
999.999
999.909
999.995
1000
1000
1000
1000
1000
1000
999.998
999.999
999.999
1000
1000
1000
1000
1000
1000
1000
1000
1000
1000
1000
999.989
999.77
999.985
999.98
999.999
1000
1000
1000
999.992
999.831
999.811
999.88
999.835
1000
1000
1000
999.997
999.925
999.576
999.699
997.571
1000
1000
1000
999.999
999.899
999.771
999.894
997.708
1000
1000
1000
999.998
999.953
999.966
999.992
1000
1000
1000
1000
1000
1000
999.998
999.999
999.999
1000
1000
1000
1000
1000
1000
1000
1000
1000
1000
999.999
999.992
999.764
999.987
999.987
999.977
1000
1000
1000
999.99
999.763
999.891
999.987
999.915
1000
1000
1000
999.993
999.938
999.576
999.721
998.983
1000
1000
1000
1000
999.901
999.576
999.794
998.912
1000
1000
1000
999.995
999.883
999.977
999.988
1000
1000
1000
1000
1000
999.999
999.993
999.999
1000
1000
1000
1000
1000
1000
1000
1000
1000
1000
1000
1000
999.998
999.828
999.909
999.987
999.939
1000
1000
1000
999.989
999.763
999.904
999.987
999.894
1000
1000
1000
999.994
999.964
999.576
999.918
999.983
1000
1000
1000
1000
999.922
999.576
999.811
999.988
1000
1000
1000
999.996
999.883
999.975
999.973
999.994
1000
1000
1000
1000
999.993
999.981
999.999
1000
1000
1000
1000
1000
1000
1000
1000
1000
1000
1000
1000
999.995
999.905
999.797
999.836
999.915
1000
1000
1000
999.997
999.763
999.896
999.43
999.842
1000
1000
1000
999.999
999.934
999.774
999.986
999.987
999.739
1000
1000
999.996
999.968
999.646
999.899
999.99
990.977
1000
1000
999.998
999.883
999.975
999.963
999.99
998.559
1000
1000
1000
999.971
999.981
1000
1000
1000
1000
1000
1000
1000
1000
1000
1000
1000
1000
1000
999.988
999.971
999.852
999.244
999.849
1000
1000
1000
1000
999.822
999.783
999.244
999.683
1000
1000
1000
1000
999.856
999.941
999.527
999.864
997.92
1000
1000
999.997
999.975
999.96
999.965
999.988
987.948
1000
1000
1000
999.883
999.951
999.957
999.998
996.82
1000
1000
1000
999.966
999.978
999.999
1000
1000
1000
1000
1000
1000
1000
1000
1000
1000
1000
1000
1000
1000
1000
1000
1000
1000
1000
1000
1000
1000
1000
1000
1000
1000
1000
1000
1000
1000
1000
1000
1000
1000
1000
1000
1000
1000
1000
1000
1000
1000
1000
1000
1000
1000
1000
1000
1000
1000
1000
1000
1000
1000
1000
1000
1000
1000
1000
1000
1000
1000
1000
1000
1000
1000
1000
1000
1000
1000
1000
1000
1000
1000
1000
1000
1000
1000
1000
1000
1000
1000
1000
1000
1000
1000
1000
1000
1000
1000
1000
1000
1000
1000
1000
1000
1000
1000
1000
1000
1000
1000
1000
1000
1000
1000
1000
1000
1000
1000
1000
1000
1000
1000
1000
1000
1000
1000
1000
1000
1000
1000
1000
1000
1000
1000
1000
1000
1000
1000
1000
1000
1000
1000
1000
1000
1000
1000
1000
1000
1000
1000
1000
1000
1000
1000
1000
1000
1000
1000
1000
1000
1000
1000
1000
1000
1000
1000
1000
1000
1000
1000
1000
1000
1000
1000
1000
1000
1000
1000
1000
1000
1000
1000
1000
1000
1000
1000
999.999
1000
1000
1000
1000
1000
1000
1000
1000
1000
1000
1000
1000
1000
1000
1000
1000
1000
1000
1000
1000
1000
1000
1000
1000
1000
1000
1000
1000
1000
1000
1000
1000
1000
1000
1000
1000
1000
1000
1000
1000
1000
1000
1000
1000
1000
1000
1000
1000
1000
1000
1000
1000
1000
1000
999.979
999.996
1000
1000
1000
1000
999.999
999.999
1000
1000
1000
1000
1000
1000
999.999
999.999
1000
1000
1000
1000
1000
1000
999.999
999.999
1000
1000
1000
1000
1000
1000
999.999
999.999
1000
1000
1000
1000
1000
1000
999.999
999.999
1000
1000
1000
1000
1000
1000
999.999
999.999
1000
1000
1000
1000
1000
1000
999.999
999.999
999.892
999.996
999.999
999.999
999.999
999.994
986.911
935.359
1000
1000
1000
1000
999.998
999.994
986.457
934.867
1000
1000
1000
1000
999.998
999.994
986.391
934.525
1000
1000
1000
1000
999.997
999.994
985.051
932.302
1000
1000
1000
1000
999.997
999.994
985.034
932.602
1000
1000
1000
1000
999.998
999.994
985.368
934.176
1000
1000
1000
1000
999.998
999.994
986.286
938.394
1000
1000
1000
1000
1000
1000
1000
1000
1000
1000
1000
1000
1000
1000
1000
1000
1000
1000
1000
1000
1000
1000
1000
1000
1000
1000
1000
1000
1000
1000
1000
1000
1000
1000
1000
1000
1000
1000
1000
1000
1000
1000
1000
1000
1000
1000
1000
1000
1000
1000
1000
1000
1000
1000
1000
1000
1000
1000
1000
1000
1000
1000
1000
1000
1000
1000
1000
1000
1000
1000
1000
1000
1000
1000
1000
1000
1000
1000
1000
1000
1000
1000
1000
1000
1000
1000
1000
1000
1000
1000
1000
1000
1000
1000
1000
1000
1000
1000
1000
1000
1000
1000
1000
1000
1000
1000
1000
1000
1000
1000
1000
1000
1000
1000
1000
1000
1000
1000
1000
1000
1000
1000
1000
1000
1000
1000
1000
1000
1000
1000
1000
1000
1000
1000
1000
1000
1000
1000
1000
1000
1000
1000
1000
1000
1000
1000
1000
1000
1000
1000
1000
1000
1000
1000
1000
1000
1000
1000
1000
1000
1000
1000
1000
1000
1000
1000
1000
1000
1000
1000
1000
1000
1000
1000
1000
1000
1000
1000
1000
1000
1000
1000
1000
1000
1000
1000
1000
1000
1000
1000
1000
1000
1000
1000
1000
1000
1000
1000
1000
1000
1000
1000
1000
1000
1000
1000
1000
1000
1000
1000
1000
1000
1000
1000
1000
1000
1000
1000
1000
1000
1000
1000
1000
1000
1000
1000
1000
1000
1000
1000
999.999
999.999
1000
1000
1000
1000
1000
1000
999.999
999.999
1000
1000
1000
1000
1000
1000
999.999
999.999
1000
1000
1000
1000
1000
1000
999.999
999.999
1000
1000
1000
1000
1000
1000
999.999
999.999
1000
1000
1000
1000
1000
1000
999.999
999.999
1000
1000
1000
1000
1000
1000
999.999
999.999
1000
1000
1000
1000
1000
999.994
984.433
943.037
1000
1000
1000
1000
1000
999.995
982.395
941.876
1000
1000
1000
1000
1000
999.995
983.091
937.455
1000
1000
1000
1000
1000
999.995
983.93
933.685
1000
1000
1000
1000
1000
999.995
985.1
933.979
1000
1000
1000
1000
1000
999.995
986.273
935.108
1000
1000
1000
1000
1000
999.996
987.463
937.579
1000
1000
1000
1000
1000
1000
1000
1000
1000
1000
1000
999.999
999.999
1000
1000
1000
1000
1000
1000
999.998
999.998
1000
1000
1000
1000
1000
1000
1000
1000
1000
1000
1000
1000
1000
1000
1000
1000
1000
1000
1000
1000
1000
1000
1000
999.998
1000
1000
1000
1000
1000
1000
1000
1000
1000
1000
1000
1000
1000
1000
1000
1000
1000
1000
1000
1000
1000
999.993
999.974
999.998
1000
1000
1000
1000
1000
999.986
999.964
999.997
1000
1000
1000
1000
1000
999.998
999.999
1000
1000
1000
1000
1000
999.999
999.993
999.997
1000
1000
1000
1000
1000
1000
999.987
999.959
999.997
1000
1000
1000
1000
1000
999.999
999.991
999.999
1000
1000
1000
1000
1000
1000
1000
1000
1000
1000
1000
1000
1000
999.862
999.962
1000
1000
1000
1000
1000
1000
999.852
999.948
1000
1000
1000
1000
1000
999.998
999.995
999.999
1000
1000
1000
1000
1000
999.984
999.982
999.995
1000
1000
1000
1000
1000
999.948
999.801
999.927
1000
1000
1000
1000
1000
999.989
999.928
999.976
1000
1000
1000
1000
1000
1000
1000
1000
1000
1000
1000
1000
999.985
999.726
999.786
999.983
1000
1000
1000
1000
999.991
999.777
999.783
999.974
1000
1000
1000
1000
1000
999.99
999.996
999.999
1000
1000
1000
1000
999.999
999.974
999.984
999.997
1000
1000
1000
1000
999.987
999.736
999.739
999.954
1000
1000
1000
1000
999.998
999.855
999.868
999.982
1000
1000
1000
1000
999.99
1000
1000
1000
1000
1000
999.999
999.999
999.954
999.351
999.889
999.999
1000
1000
999.999
999.999
999.908
999.198
999.853
1000
1000
1000
999.999
999.999
999.966
999.971
999.998
999.999
1000
1000
999.999
999.999
999.97
999.978
999.998
999.999
1000
1000
999.999
999.999
999.952
999.692
999.896
999.999
1000
1000
999.999
999.999
999.919
999.778
999.92
999.999
1000
1000
999.999
999.999
999.806
1000
1000
1000
1000
999.996
987.123
938.525
997.981
999.417
999.98
999.999
1000
999.995
987.428
939.77
997.981
999.193
999.966
999.999
1000
999.995
987.386
947.943
999.402
999.959
999.998
999.999
1000
999.995
988.133
946.975
999.744
999.978
999.997
999.999
1000
999.995
987.936
941.571
998.958
999.702
999.962
999.998
999.999
999.995
987.354
938.543
998.998
999.836
999.956
999.998
999.999
999.995
986.676
935.632
1000
1000
1000
1000
1000
1000
1000
1000
1000
1000
1000
1000
1000
1000
1000
1000
1000
1000
1000
1000
1000
1000
1000
1000
1000
1000
1000
1000
1000
1000
1000
1000
1000
1000
1000
1000
1000
1000
1000
1000
1000
1000
1000
1000
1000
1000
1000
1000
1000
1000
1000
1000
1000
1000
1000
1000
1000
1000
1000
1000
1000
1000
1000
1000
1000
1000
1000
1000
1000
1000
1000
1000
1000
1000
1000
1000
1000
1000
1000
1000
1000
1000
1000
1000
1000
1000
1000
1000
1000
1000
1000
1000
1000
1000
1000
1000
1000
1000
1000
1000
1000
1000
1000
1000
1000
1000
1000
1000
1000
1000
1000
1000
1000
1000
1000
1000
1000
1000
1000
1000
1000
1000
1000
1000
1000
1000
1000
1000
1000
1000
1000
1000
1000
1000
1000
1000
1000
1000
1000
1000
1000
1000
1000
1000
1000
1000
1000
1000
1000
1000
1000
1000
1000
1000
1000
1000
1000
1000
1000
1000
1000
1000
1000
1000
1000
1000
1000
1000
1000
1000
1000
1000
1000
1000
1000
1000
1000
1000
1000
1000
1000
1000
1000
1000
1000
1000
1000
1000
1000
1000
1000
1000
1000
1000
1000
1000
1000
1000
1000
1000
1000
1000
1000
1000
1000
1000
1000
1000
1000
1000
1000
1000
1000
1000
1000
1000
1000
1000
1000
1000
1000
1000
1000
1000
1000
1000
1000
1000
1000
1000
999.999
999.999
1000
1000
1000
1000
1000
1000
999.999
999.999
1000
1000
1000
1000
1000
1000
999.999
999.999
1000
1000
1000
1000
1000
1000
999.999
999.999
1000
1000
1000
1000
1000
1000
999.999
999.999
1000
1000
1000
1000
1000
1000
999.999
999.999
1000
1000
1000
1000
1000
1000
999.999
999.999
1000
1000
1000
1000
999.998
999.994
986.837
940.382
999.992
1000
1000
1000
999.998
999.994
984.596
932.611
999.992
1000
1000
1000
999.998
999.993
984.85
931.136
1000
1000
1000
1000
999.998
999.993
985.581
932.432
1000
1000
1000
1000
999.999
999.993
985.997
935.176
1000
1000
1000
1000
1000
999.994
986.054
936.242
1000
1000
1000
1000
1000
999.994
986.411
941.445
1000
1000
1000
1000
1000
1000
1000
1000
1000
1000
1000
1000
1000
1000
1000
1000
1000
1000
1000
1000
1000
1000
1000
1000
1000
1000
1000
1000
1000
1000
1000
1000
1000
1000
1000
1000
1000
1000
1000
1000
1000
1000
1000
1000
1000
1000
1000
1000
1000
1000
1000
1000
1000
1000
1000
1000
1000
1000
1000
1000
1000
1000
1000
1000
1000
1000
1000
1000
1000
1000
1000
1000
1000
1000
999.935
1000
1000
1000
1000
1000
1000
1000
999.966
1000
1000
1000
1000
1000
1000
1000
999.983
1000
1000
1000
1000
1000
1000
1000
999.931
1000
1000
1000
1000
1000
1000
1000
999.945
1000
1000
1000
1000
1000
1000
1000
999.853
1000
1000
1000
1000
1000
1000
1000
999.999
1000
1000
1000
1000
1000
1000
998.578
999.391
1000
1000
1000
1000
1000
1000
998.594
999.801
1000
1000
1000
1000
1000
1000
999.092
999.927
1000
1000
1000
1000
1000
1000
997.528
999.766
1000
1000
1000
1000
1000
1000
998.12
999.6
1000
1000
1000
1000
1000
1000
998.269
999.28
1000
1000
1000
1000
1000
999.396
1000
1000
1000
1000
1000
1000
1000
996.788
987.401
999.205
1000
1000
1000
1000
1000
995.01
989.575
999.856
1000
1000
1000
1000
1000
992.503
992.164
999.927
1000
1000
1000
1000
1000
990.945
988.544
999.921
1000
1000
1000
1000
1000
989.544
985.319
999.456
1000
1000
1000
999.993
1000
990.672
982.726
999.167
998.282
995.718
987.527
980.975
980.324
965.629
993.462
996.041
999.398
997.879
982.408
975.093
984.067
962.374
986.814
997.535
999.948
998.341
981.89
976.816
976.446
956.037
989.032
994.996
999.948
998.123
981.722
976.261
972.997
952.328
989.964
995.004
999.999
998.521
984.589
974.696
972.476
953.796
989.199
993.528
999.999
1000
988.399
975.388
975.354
957.854
983.186
994.378
999.998
1000
988.853
977.895
974.171
954.19
977.999
997.817
879.614
862.315
874.642
914.632
916.685
946.513
942.607
917.944
889.321
859.056
871.006
936.823
910.005
944.452
970.058
920.518
897.658
863.029
879.775
943.072
910.004
941.289
974.192
920.89
897.66
859.234
882.578
941.489
910.18
944.637
972.611
920.6
901.664
870.35
883.2
937.042
911.508
949.705
976.59
921.507
904.703
900.322
879.456
930.125
944.661
960.694
960.693
925.323
900.886
903.168
875.098
951.15
944.59
954.378
969.82
924.583
1000
1000
1000
1000
1000
1000
1000
1000
1000
1000
1000
1000
1000
1000
1000
1000
1000
1000
1000
1000
1000
1000
1000
1000
1000
1000
1000
1000
1000
1000
1000
1000
1000
1000
1000
1000
1000
1000
1000
1000
1000
1000
1000
1000
1000
1000
1000
1000
1000
1000
1000
1000
1000
1000
1000
1000
1000
1000
1000
1000
1000
1000
1000
1000
1000
1000
1000
1000
1000
1000
1000
1000
1000
1000
1000
1000
1000
1000
1000
1000
1000
1000
1000
1000
1000
1000
1000
1000
1000
1000
1000
1000
1000
1000
1000
1000
1000
1000
1000
1000
1000
1000
1000
1000
1000
1000
1000
1000
1000
1000
1000
1000
1000
1000
1000
1000
1000
1000
1000
1000
1000
1000
1000
1000
1000
1000
1000
1000
1000
1000
1000
1000
1000
1000
1000
1000
1000
1000
1000
1000
1000
1000
1000
1000
1000
1000
1000
1000
1000
1000
1000
1000
1000
1000
1000
1000
1000
1000
1000
1000
1000
1000
1000
1000
1000
1000
1000
1000
1000
1000
1000
1000
1000
999.466
1000
1000
1000
1000
1000
1000
1000
999.98
1000
1000
1000
1000
1000
1000
1000
1000
1000
1000
1000
1000
1000
1000
1000
1000
1000
1000
1000
1000
1000
1000
1000
1000
1000
1000
1000
1000
1000
1000
1000
1000
1000
1000
1000
1000
1000
1000
1000
1000
1000
1000
996.169
998.238
993.573
981.233
981.082
970.611
993.299
999.11
996.175
997.244
995.458
986.342
984.666
975.466
993.766
999.391
996.909
998.492
994.22
988.149
990.919
979.817
992.61
999.795
998.016
998.811
992.592
992.643
993.179
978.205
992.853
999.892
998.523
998.382
992.086
994.991
994.262
977.006
992.481
999.94
998.686
997.868
991.249
996.09
994.771
975.59
991.441
999.962
998.65
997.447
990.456
996.463
994.702
974.54
991.386
999.974
855.117
888.011
885.819
902.748
930.252
952.72
935.078
916.1
856.643
879.601
894.672
896.253
922.779
950.278
937.882
919.975
856.829
885.383
885.867
913.032
929.578
946.497
935.383
923.705
864.067
880.804
886.858
924.842
926.177
945.711
938.222
926.252
869.362
874.152
891.656
930.982
925.784
946.173
940.546
927.916
871.476
869.841
893.146
934.137
926.368
946.547
942.346
928.737
872.888
866.548
894.154
936.472
924.538
946.734
943.075
928.772
1000
1000
1000
1000
1000
1000
1000
1000
1000
1000
1000
1000
1000
1000
1000
1000
1000
1000
1000
1000
1000
1000
1000
1000
1000
1000
1000
1000
1000
1000
1000
1000
1000
1000
1000
1000
1000
1000
1000
1000
1000
1000
1000
1000
1000
1000
1000
1000
1000
1000
1000
1000
1000
1000
1000
1000
1000
1000
1000
1000
1000
1000
1000
1000
1000
1000
1000
1000
1000
1000
1000
1000
1000
1000
1000
1000
1000
1000
1000
1000
1000
1000
1000
1000
1000
1000
1000
1000
1000
1000
1000
1000
1000
1000
1000
1000
1000
1000
1000
1000
1000
1000
1000
1000
1000
1000
1000
1000
1000
1000
1000
1000
1000
1000
1000
1000
1000
1000
1000
1000
1000
1000
1000
1000
1000
1000
1000
1000
1000
1000
1000
1000
1000
1000
1000
1000
1000
1000
1000
1000
1000
1000
1000
1000
1000
1000
1000
1000
1000
1000
1000
1000
1000
1000
1000
1000
1000
1000
1000
1000
1000
1000
1000
1000
1000
1000
1000
1000
1000
1000
1000
1000
1000
999.905
1000
1000
1000
1000
1000
1000
1000
999.765
1000
1000
1000
1000
1000
1000
1000
999.916
1000
1000
1000
1000
1000
1000
1000
999.305
1000
1000
1000
1000
1000
1000
1000
999.952
1000
1000
1000
1000
1000
1000
1000
1000
1000
1000
1000
1000
1000
1000
1000
1000
1000
1000
998.568
996.928
989.886
996.055
993.721
971.845
990.582
999.932
998.134
995.954
990.937
993.978
992.222
970.703
989.911
999.826
994.234
992.366
994.406
986.588
985.781
973.255
989.211
999.682
994.705
994.65
993.496
986.667
983.594
967.959
991.88
999.097
997.541
995.907
990.566
982.997
982.844
971.731
997.312
998.194
998.46
996.674
991.105
978.528
983.322
976.797
993.373
998.419
998.482
995.83
991.245
976.84
980.153
977.639
996.723
998.307
875.359
864.989
893.393
934.156
925.389
947.493
942.791
927.663
873.619
865.752
891.034
922.082
933.7
948.09
939.48
926.333
857.054
871.634
892.573
899.548
947.396
949.63
936.729
923.436
861.052
876.366
883.101
910.688
940.236
949.519
936.443
921.206
873.857
863.708
873.688
911.969
917.325
941.99
938.659
920.133
880.303
858.764
870.846
912.023
916.452
934.022
946.42
919.306
880.598
854.889
870.43
910.071
913.703
932.96
943.048
918.582
1000
1000
1000
1000
1000
1000
1000
1000
1000
1000
1000
1000
1000
1000
1000
1000
1000
1000
1000
1000
1000
1000
1000
1000
1000
1000
1000
1000
1000
1000
1000
1000
1000
1000
1000
1000
1000
1000
1000
1000
1000
1000
1000
1000
1000
1000
1000
1000
1000
1000
1000
1000
1000
1000
1000
1000
1000
1000
1000
1000
1000
1000
1000
1000
1000
1000
999.601
1000
1000
1000
1000
1000
1000
1000
999.971
1000
1000
1000
1000
1000
1000
1000
999.983
1000
1000
1000
1000
1000
1000
1000
999.982
1000
1000
1000
1000
1000
1000
1000
999.999
1000
1000
1000
1000
1000
1000
1000
1000
1000
1000
1000
1000
1000
1000
1000
1000
1000
1000
1000
1000
1000
1000
995.88
998.894
1000
1000
1000
1000
1000
1000
999.338
999.625
1000
1000
1000
1000
1000
1000
1000
999.881
1000
1000
1000
1000
1000
1000
1000
999.938
1000
1000
1000
1000
1000
1000
1000
999.996
1000
1000
1000
1000
1000
1000
1000
1000
1000
1000
1000
1000
1000
1000
1000
1000
1000
1000
1000
999.933
1000
989.599
980.398
998.865
1000
1000
1000
1000
1000
992.771
985.501
999.429
1000
1000
1000
1000
999.976
995.857
991.241
999.878
1000
1000
1000
1000
999.869
996.083
993.373
999.997
1000
1000
1000
1000
999.468
996.41
997.575
999.999
1000
1000
1000
1000
999.213
997.625
998.968
1000
1000
1000
1000
1000
999.959
998.471
999.962
1000
999.997
1000
991.724
973.14
977.489
954.196
980.417
998.284
999.999
1000
987.856
978.049
978.253
948.312
978.663
997.378
999.725
999.614
985.057
981.227
978.137
945.933
979.356
996.604
999.309
998.973
984.796
982.153
978.653
945.857
980.989
996.274
998.713
998.703
983.945
980.277
981.649
948.9
980.816
998.044
998.412
999.171
985.734
983.62
984.838
947.425
980.825
999.521
997.262
999.214
991.452
982.739
982.136
960.238
987.157
999.303
899.744
906.512
875.828
947.265
943.799
961.061
972.153
927.7
894.053
900.911
872.642
945.423
944.59
954.786
968.889
924.226
884.81
891.032
870.177
940.891
946.431
945.037
960.906
923.495
878.561
887.394
869.006
935.135
949.491
943.462
955.372
921.558
873.249
883.333
865.81
934.36
961.586
941.932
942.973
918.958
870.646
886.544
864.008
938.13
969.211
933.942
937.959
921.177
861.87
894.148
873.381
911.704
953.319
947.215
931.675
917.527
847.422
786.311
777.851
784.774
857.754
966.925
999.995
548.803
369.096
364.584
405.095
624.523
867.32
999.223
290.887
254.906
255.392
255.91
419.903
792.402
995.358
253.501
280.034
300.719
255.722
394.641
773.815
992.32
299.026
255.522
256.967
256.115
407.737
781.832
996.349
501.281
347.933
341.556
374.844
583.852
861.758
999.981
798.308
720.145
712.733
722.933
830.103
967.457
999.995
605.362
662.934
649.32
551.895
558.055
788.782
997.433
456.42
392.934
384.868
320.795
398.124
602.838
963.77
252.636
253.666
254.033
254.763
325.58
571.861
931.674
252.384
253.602
255.418
254.601
346.631
599.352
918.877
255.042
254.499
254.698
254.888
315.042
569.605
935.78
427.879
385.749
407.266
322.436
386.256
601.279
965.62
596.194
635.609
638.278
557.531
562.612
782.393
996.356
267.328
390.095
396.107
332.279
411.399
758.654
998.834
252.765
263.105
262.569
253.738
255.846
528.783
972.125
251.748
252.185
252.912
253.628
252.014
456.853
935.304
250.46
252.303
253.588
252.956
251.757
454.035
915.376
252.259
252.992
253.817
253.878
252.082
452.736
929.135
253.669
252.987
269.519
253.767
255.593
502.792
962.315
263.018
363.833
388.367
311.715
363.218
691.706
994.36
664.302
658.881
669.216
679.497
770.338
927.461
994.685
580.283
473.894
461.489
464.167
608.914
854.77
980.046
543.916
401.675
379.476
390.251
542.477
812.441
970.783
568.103
427.784
455.091
413.792
524.476
788.595
975.573
531.643
376.064
349.104
375.06
540.245
817.11
984.782
504.549
424.993
415.601
418.669
582.387
859.541
990.97
579.587
615.48
623.915
629.135
721.637
918.687
993.944
715.819
650.521
625.752
588.139
505.711
341.875
115.302
723.029
721.814
719.592
690.604
607.894
448.007
188.112
723.06
723.029
697.557
695.25
645.796
519.851
269.669
723.127
693.586
576.756
629.597
640.183
572.529
328.468
724.119
721.911
610.052
641.102
639.548
569.198
316.679
725.045
722.901
684.491
664.695
629.409
520.322
267.462
721.953
649.286
630.822
605.099
556.138
439.268
212.975
1
0.999992
0.999998
1
1
1
1
2.18471
5.33954
1.89264
0.999981
1
1
1
28.7552
35.1548
35.4135
15.9044
0.999982
1
1
35.5126
48.3426
52.9939
30.0445
0.999821
1
1
29.6553
36.8598
42.4227
19.9235
0.999972
1
1
7.45095
8.98433
6.15025
0.999956
1
1
1
0.999977
0.99995
0.999984
1
1
1
1
1
1
1
1
1
1
1
1
1
1
1
1
1
1
1
1
1
1
1
1
1
1
1
1
1
1
1
1
1
1
1
1
1
1
1
1
1
1
1
1
1
1
1
1
1
1
1
1
1
1.00003
1
1
1
1
1
1
1
1
1
1
1
1
1
1
1
1
1
1
1
1
1
1
1
1
1
1
1
1
1
1
1
1
1
1
1
1
1
1
1
1
1
1
1
1
1
1
1
1
1.00004
1
1
1
1
1
1
1.00001
1
1
1
1
1
1
1
1
1
1
1
1
1
1
1
1
1
1
1
1
1
1
1
1
1
1
1
1
1
1
1
1
1
1
1
1
1
1
1
1
1
1
1
1
1
1
1
1
1
1
1
1
1
1
1
1
1
1
1
1
1
1
1
1
1
1
1
1
1
1
1
1
1
1
1
1
1
1
1
1
1
1
1
1
1
1
1
1
1
1
1000
1000
1000
999.973
999.983
1000
999.917
999.952
1000
1000
1000
999.998
999.999
1000
1000
1000
999.999
1000
1000
1000
1000
1000
1000
1000
999.999
1000
1000
1000
1000
1000
1000
1000
999.999
1000
1000
1000
1000
1000
1000
1000
1000
1000
1000
1000
1000
1000
1000
1000
1000
1000
1000
999.998
999.999
999.997
999.992
999.998
999.999
1000
1000
1000
1000
1000
999.984
999.977
999.98
1000
1000
1000
1000
1000
1000
1000.01
999.955
999.999
1000
1000
1000
1000
1000
1000.01
999.949
999.999
1000
1000
1000
1000
1000
1000.01
999.957
999.999
1000
1000
1000
1000
1000
1000.01
999.987
1000
1000
1000
1000
1000
1000
1000.01
999.997
1000
1000
1000
1000
1000
999.998
1000
999.954
999.991
999.065
983.899
990.475
999.883
998.821
981.264
999.888
999.991
999.998
994.412
998.67
999.984
996.685
973.657
999.833
999.987
999.997
997.707
999.867
999.982
996.067
970.589
999.805
999.984
999.997
998.446
999.931
999.981
995.943
969.741
999.825
999.986
999.998
996.15
998.855
999.98
997.423
975.003
999.874
999.99
999.998
988.743
989.659
998.929
999.745
985.606
999.943
999.995
999.999
979.978
954.908
972.815
998.87
995.723
928.29
518.85
86.0609
149.429
434.409
695.515
632.458
418.413
943.159
626.271
247.828
326.377
578.199
665.273
567.046
354.748
960.549
715.871
358.524
406.716
611.042
645.132
547.162
334.487
974.455
773.258
413.127
429.881
609.954
637.534
541.522
330.267
986.345
782.415
369.598
360.501
555.117
642.25
562.938
360.657
996.081
781.874
282.481
202.928
390.941
629.277
617.198
438.714
999.27
830.991
264.95
18.8695
86.1083
337.712
674.352
573.851
0.953776
0.932998
0.99099
0.999902
0.999999
1
1.00001
1.00001
1.13373
0.990123
0.999572
0.999999
1
1
1
1
11.9387
0.988281
0.999834
0.999999
1
1
1
1
29.6239
0.979646
0.999757
0.999999
1
1
1
1
24.1464
0.978054
0.999706
0.999998
1
1.00001
1.00001
1
10.0999
0.978139
0.99975
1.00003
1.00003
1.00001
1.00004
1.00001
3.58315
0.996151
0.985458
1.00009
1.00065
1.00006
1.00013
1.00006
1
1
1
1
1
1
1
1.00006
1
1
1
1
1
1
1
1.00007
1
1
1
1
1
1
1
1
1
1
1
1
1
1
1
1
1
0.999999
1
1
1
1
1.00009
1.0001
1
0.999992
0.999997
0.999998
1
1.00001
1.00001
1.00269
1
1
1
0.999938
1.00077
1.00001
1.00004
1.00883
1
1
1
1
1
1
1
1.00423
1
1
1
1
1
1
1.00017
1.00097
1
1
1.00001
1.00001
1.00002
1.00001
1.00001
1.00001
1
1.00001
1.00002
1.00003
1.00003
1.00002
1.00001
1
1
1.00011
1.00014
1
1
1.00024
1.00121
1.00077
1
1.0003
1.00182
1.00255
1.00082
1.00001
1.00034
1.03524
1
1.00001
1.00187
1.01195
1.01678
1.00006
1.00132
1.13828
1
1
1
1
1
1
1
1.00001
1
1
1
1
1
1
1.00001
1.00018
1
1.00001
1.00002
1
1
1
1.00002
1.00002
1.00001
1.00002
1.00002
1
1
1.00002
1.00003
1.00002
1.00006
1.00015
1.00005
1
1
1.00018
1.00055
1.00039
1
1.0011
1.00305
1.0011
1.00001
1.00004
1.00007
1.00816
1
1.00002
1.00977
1.01703
1.01387
1.00006
1.00011
1.00029
1
1
1
1
1
1
1.00001
1.00019
1
1
1
1
1
1
1
1.00006
1
1
1
1
1
1
1.00001
1.00002
1
1
1
1
1
1
1.00008
1.00033
1
1
1
1
1
1
1.00018
1.00074
1
1
1
1.00009
1.00022
1.00009
1.00033
1.00251
1
1
1
1.00311
1.01034
1.00261
1.00032
1.00203
1
1
1
1
1
1
1
1.00003
1
1
1
1
1
1
1
1
1
1
1
1
1
1
1
1
1
1
1
1
1
1
1
1.0001
1
1
1
1
1
1
1
1.00098
1
1
1
1
1
1
1.00164
1.00676
1
1
1
1
1
1
1.00149
1.00677
961.451
999.987
1000
1000
1000
1000
1000
1000
806.243
992.853
999.998
1000
1000
1000
1000
1000
605.105
938.916
999.985
1000
1000
999.963
999.947
999.945
486.69
884.019
999.974
999.999
1000
999.076
999.08
999.16
603.441
936.276
999.985
1000
1000
999.851
999.405
999.613
831.173
984.057
999.995
1000
1000
1000
999.995
999.991
955.162
996.929
1000
1000
1000
1000
1000
1000
732.278
938.603
1000.01
1000
1000
1000
1000
1000
601.228
768.526
969.46
1000.01
1000
1000
1000
1000
510.305
740.197
900.334
1000.02
1000
999.997
1000
1000
377.251
704.972
889.357
999.977
999.999
999.941
999.972
999.178
488.691
736.021
898.493
1000.02
1000
999.995
999.967
999.731
602.461
741.248
956.644
1000.01
1000
1000
1000
1000
695.209
913.589
999.968
1000
1000
1000
1000
1000
443.078
881.624
999.627
999.964
999.995
999.466
999.974
1000
266.433
471.162
963.338
999.829
999.968
1000
1000.02
1000
252.667
329.871
763.904
999.426
999.953
999.992
1000.01
1000
250.666
305.043
668.968
998.805
999.914
999.944
999.968
999.643
251.616
327.452
752.748
999.407
999.947
999.986
999.981
999.871
263.188
446.125
941.193
999.779
999.97
999.998
1000.01
1000
468.163
908.259
999.64
999.966
999.993
1000.01
1000.01
1000
783.104
928.035
849.048
514.825
288.885
425.18
631.821
727.137
734.862
735.335
594.589
453.747
543.038
767.239
861.019
827.181
727.358
600.578
426.263
569.922
759.662
908.611
895.365
823.336
689.21
351.428
492.414
723.74
892.339
915.242
887.601
801.423
713.945
481.579
425.707
598.978
796.331
914.334
897.011
826.818
708.631
564.352
486.737
553.914
678.917
832.938
837.232
791.755
745.766
719.003
579.945
493.633
557.477
692.353
712.98
699.872
642.257
425.821
76.406
0.847292
0.996334
0.999687
0.999971
0.999999
728.005
590.904
128.71
0.965223
0.99732
10.1489
9.98753
0.996308
724.293
674.282
206.711
0.95936
7.11098
76.3247
55.9765
0.969225
724.121
683.617
279.896
3.61978
18.0011
72.0233
37.3223
0.981075
723.098
629.294
145.91
0.963207
4.45481
70.4651
55.9019
0.969462
712.146
466.563
51.181
0.937332
0.973307
0.991905
0.999619
0.999987
536.775
250.605
9.51536
0.976705
0.999582
0.999987
1
1
1
1
1
1.00002
0.999992
1
1
1
0.999977
1
1
0.999992
1
1
1
1
5.50143
0.999984
0.999748
0.999974
1
1
1
1
6.87094
0.999943
0.999994
1
1
1
1
1
4.32233
0.999991
0.999814
0.999989
1
1
1
1
0.999999
1
1
1
1
1
1
1
1
1.00001
1
1
1
1
1
1
1
1
1
1.00001
1.00071
1.00073
1.00003
1
1
1
1
1.00004
1.00014
1.00002
1.00002
1
1
1
1
1
1
1
1
1
1
1
1
1
1
1
1
1
1
1
1
1
1
1
1
1
1
1
1
1
1
1
1
1
1
1.00001
1.00006
1.00002
1.00003
1.00004
1.00002
1
1
1
1
1.00034
1.00187
1.00086
1
1
1
1
1.00001
1.0002
1.00023
1
1
1
1
1
1.00002
1.00006
1.00001
1
1
1
1
1.00001
1.00002
1
1
1
1
1
1
1.00002
1.00001
1
1
1
1
1
1.00003
1.00005
1.00001
1
1
1
1
1
1.00011
1.00016
1.00015
1.00001
1.00005
1.00007
1.00004
1.00002
1
1
1
1
1.00048
1.00152
1.00076
1.00035
1
1
1
1.00002
1.00012
1.00012
1.00001
1
1
1
1.00001
1.00004
1.00003
1
1
1
1
1.00001
1.00002
1.00001
1
1
1
1
1.00001
1.00001
1.00001
1
1
1
1
1
1.00004
1.00005
1.00001
1
1
1
1
1
1.00005
1.00016
1.00016
1.00003
1.00001
1.00005
1.00005
1.00001
1
1
1
1
1
1
1.00041
1.00142
1
1
1
1
1
1.00004
1.00014
1
1
1
1
1
1
1.00002
1
1
1
1
1
1
1
1
1
1
1
1
1
1
1
1
1
1
1
1
1.00001
1.00001
1
1
1
1
1
1
1.00002
1.00003
1
1
1.00002
1.00005
993.816
999.998
1000
1000
1000
999.986
999.969
999.96
988.832
999.996
1000
1000
1000
1000
999.95
999.615
986.889
999.997
1000
999.999
1000
999.949
999.487
999.325
984.264
999.998
1000
1000
1000
999.892
999.874
999.484
995.242
1000
1000
999.999
1000
999.719
999.8
999.83
999.995
1000
1000
1000
999.984
999.703
999.925
999.402
1000
1000
1000
1000
999.982
999.941
999.918
999.657
793.332
991.253
1000
1000
1000
999.999
1000
1000
779.691
969.493
1000
1000
1000
999.999
999.999
999.999
779.985
979.381
1000
1000
1000
1000
999.965
999.871
784.801
997.405
999.999
1000
1000
1000
999.998
999.993
889.408
999.955
1000
1000
1000
1000
999.997
999.983
994.365
999.997
1000
1000
1000
999.999
999.995
999.97
999.997
1000
1000
1000
1000
1000
999.991
999.942
606.225
992.398
999.884
999.989
999.998
999.999
1000
999.875
652.724
986.364
999.913
999.992
999.998
1000
999.999
999.956
687.893
995.295
999.94
999.978
1000.01
1000
999.977
999.6
733.585
999.541
999.963
999.993
1000.02
1000
999.992
996.675
881.018
999.769
999.982
999.997
1000.02
999.998
999.982
993.264
997.349
999.96
999.996
998.758
999.163
999.995
999.443
987.188
999.956
999.996
999.999
992.253
996.682
999.991
995.882
971.507
795.18
751.016
650.265
605.361
640.627
656.182
618.469
589.422
823.747
894.447
873.875
790.727
675.604
616.268
604.883
602.569
867.006
930.495
876.598
709.892
645.476
691.66
694.02
623.472
902.01
911.676
787.941
620.076
674.858
748.064
709.642
573.144
921.04
880.4
633.481
516.87
645.524
720.156
669.59
521.465
929.886
794.439
444.261
360.198
523.319
655.581
605.347
447.35
908.732
523.906
154.999
234.823
522.862
696.822
583.986
359.291
454.885
123.297
0.749811
0.994067
0.999892
1.00001
1.00001
1
456.598
161.757
0.852439
0.996104
0.999942
0.999999
1
1
432.928
127.43
0.882387
0.997776
0.999969
1
1
1
367.888
69.592
0.940385
0.999159
0.999991
1
1
1
260.25
18.4258
0.982873
0.999814
0.999997
1
1
1
134.239
2.12818
0.985855
0.999947
1
1
1
1.00002
20.266
2.6555
0.994272
0.999942
1
1
1.00001
1.00001
1
1
1.00001
1
1
1
1
1
1
1.00001
1.00012
0.999998
1
1
1
1
1
1.00001
1.00006
0.999998
1
1
1
1
1
1.00001
1.00003
1
1
1
1
1
1
1.00001
1.00001
1
1
1
1
1.00001
1
1.00001
1.00001
1
1
1
1
1.00001
1
1
0.999995
1
1
1
1
1.00014
1
1
1
1.00016
1.00031
1.00042
1.00018
1
1
1
1.00024
1.00034
1.00007
1
1
1
1
1
1.00028
1.00033
1.00007
1
1
1
1
1.00002
1.00033
1.00036
1.00013
1
1
1
1
1.00014
1.00042
1.00028
1.00001
1
1
1.00031
1.00001
1.00028
1.00042
1.00027
1.00001
1
1
1.00001
1
1.00023
1.00038
1.00021
1
1
1.0003
1.0015
1.00004
1
1.00004
1.00039
1.0005
1.0005
1.0005
1.00011
1.00001
1.00032
1.00043
1.0004
1
1
1
1
1
1.00023
1.00043
1.00042
1.00003
1
1
1
1
1.00027
1.00043
1.00043
1.00027
1.00002
1
1
1.00008
1.00042
1.00043
1.00038
1
1
1
1
1.00018
1.00043
1.00043
1.00042
1.00003
1.00002
1
1
1.00005
1.00038
1.00043
1.00043
1.00008
1.00002
1
1.00013
1.00004
1
1.00001
1
1.00019
1.00049
1.00049
1.00049
1
1.00005
1.00038
1.00041
1.00029
1
1
1
1
1.00001
1.00028
1.00042
1.00031
1
1
1
1
1
1.00024
1.00042
1.00042
1.00042
1.00015
1.00001
1
1.00005
1.00039
1.00042
1.00037
1
1
1
1
1.00009
1.00043
1.00043
1.00042
1.0002
1
1
1
1.00002
1.00031
1.00043
1.00042
1.00042
1.00008
1.00006
1
1.00001
1.00001
1
1
1
1
1.0002
1
1
1
1.00016
1.0003
1.00009
1
1
1
1
1
1.00005
1.00025
1.00012
1
1
1
1
1
1
1.0002
1.00039
1.00039
1.0002
1
1
1
1.00012
1.00042
1.00011
1
1
1
1
1
1.00017
1.00042
1.00037
1.00004
1
1
1
1
1.00003
1.00033
1.00041
1.00041
1.00041
1000
1000
1000
999.994
999.992
999.993
999.879
999.943
999.995
1000
1000
1000
999.973
999.977
999.913
999.51
995.99
1000
1000
1000
999.953
999.993
999.96
999.788
982.467
999.996
1000
1000
999.992
999.999
999.998
999.959
978.526
999.995
1000
1000
999.948
999.969
999.998
999.964
987.072
999.996
1000
1000
999.989
999.979
999.989
999.998
998.203
999.998
1000
1000
1000
1000
1000
1000
999.998
1000
1000
1000
1000
1000
999.956
999.972
991.657
999.998
1000
1000
1000
1000
999.997
999.958
887.326
999.963
1000
1000
1000
999.999
999.999
999.979
797.762
997.537
1000
1000
999.999
999.999
999.999
999.987
799.331
985.18
1000
1000
999.999
1000
1000
999.999
804.91
982.717
1000
1000
1000
1000
1000
1000
830.78
997.281
1000
1000
1000
1000
1000
1000
999.925
999.993
999.999
990.942
968.726
979.623
999.433
992.081
978.94
999.925
999.993
999.999
985.827
982.401
995.766
992.52
800.773
999.631
999.97
999.996
995.824
994.753
999.247
997.071
665.242
996.417
999.946
999.992
999.426
998.454
999.857
999.388
654.517
987.291
999.924
999.993
999.997
998.69
999.15
999.753
626.193
980.982
999.892
999.99
999.998
998.797
997.431
999.336
543.316
966.568
999.813
999.984
999.999
997.598
994.015
998.859
998.277
878.583
417.67
62.9201
96.4343
344.959
664.924
526.361
974.257
966.632
765.679
305.264
148.485
283.301
548.775
510.956
937.924
984.147
874.644
479.207
285.43
413.894
579.6
547.424
904.71
982.168
935.336
649.928
393.504
463.472
595.821
576.234
887.545
978.723
964.645
777.685
470.364
432.28
532.963
580.036
864.355
973.058
957.103
809.839
522.04
393.305
449.229
561.763
839.714
966.614
964.239
751.29
332.712
221.665
360.44
608.729
71.0302
5.17782
0.96141
0.998914
1.00044
1.00027
1.00004
1.00012
239.777
29.1155
0.966355
0.997368
1.00005
1.00001
1.00001
1.0001
365.922
85.6913
0.923567
0.99802
0.999976
1
1
1
452.737
171.874
0.849003
0.996133
0.99999
1
1
1
503.842
242.989
9.2559
0.988977
0.99991
1
1
1.00001
519.697
271.431
20.8665
0.97673
0.999603
0.999998
1
1.00002
595.613
313.574
21.6499
0.92362
0.998
1.00004
1.00002
1
1
1
1.00001
0.999966
1.00005
1.00001
1.00001
1.0002
1
1
0.999917
1
1
1
1
1.00019
1.00001
1.00002
0.999973
1
1
1
1
1
1
1
1.00001
0.999996
1
1
1
1
1
1
1.00001
0.999982
1
1
1
1
1
1
1.00002
0.999953
1
1
1
1
1
1
1.00001
1.00003
1.00001
1
1
1
1
1.00003
1.00002
1.00578
1.02384
1.0141
1.00004
1.0071
1
1.00053
1.00395
1.00542
1.00242
1.00018
1.00001
1.00475
1
1.00045
1.00182
1.00057
1.00015
1.00002
1.00001
1.00014
1
1
1
1.00106
1.0012
1
1
1
1
1
1.00011
1.00248
1.00185
1
1
1.00043
1
1
1.00018
1.00242
1.00175
1.00001
1
1.00001
1
1
1.00001
1.00001
1.00094
1.0024
1.00076
1
1
1
1
1.01172
1.03029
1.04135
1.01489
1.00269
1
1.0015
1.00542
1.00887
1.00242
1.00124
1.0014
1.00133
1.00021
1.00152
1.00134
1.00036
1.00033
1.00165
1.00063
1.00001
1.00001
1.00001
1.00005
1.00165
1.00295
1.00054
1.00032
1
1
1
1.0012
1.00338
1.00344
1.00044
1.00029
1.00001
1
1
1.00185
1.0033
1.00306
1.00041
1.0005
1.00001
1
1.00005
1.00005
1.00024
1.00324
1.00394
1.0029
1.00002
1
1
1
1
1.00037
1.04176
1.06248
1.06218
1
1
1.00052
1.00316
1.00357
1.00359
1.00453
1.00358
1
1
1.00012
1.00041
1.00034
1.00271
1.00449
1.00155
1
1
1
1.00003
1.00252
1.00389
1.00376
1.00079
1
1
1
1.00081
1.0035
1.00391
1.00386
1.0006
1
1
1
1.00099
1.00369
1.00394
1.00398
1.00206
1
1
1
1
1.00116
1.00398
1.004
1.00405
1
1
1
1
1
1
1
1
1
1
1
1
1
1.00049
1.00401
1.00458
1
1
1
1
1
1.00024
1.00344
1.00459
1
1
1
1
1
1.00061
1.00361
1.00461
1
1
1
1
1
1.00117
1.004
1.00459
1
1
1
1
1
1.00039
1.00345
1.00457
1
1
1
1
1
1
1.00093
1.00406
999.653
1000
1000
1000
1000
1000
999.998
999.827
999.998
999.998
999.997
999.997
999.998
999.997
920.386
906.441
899.704
898.192
905.636
923.39
951.799
61.3639
32.693
20.476
19.1268
36.5719
85.0854
205.647
0.999995
1
1
1
1
0.999996
0.999991
1.00731
1.00021
1
1
1
1.0063
1.02738
1.08731
1.00112
1
1
1
1.06448
1.20136
1.00193
1.00029
1.00001
1
1.00003
1.01601
1.01598
1.00026
1.0002
1.00004
1.00037
1.00078
1.00342
1.00177
1.00104
1.00041
1
1.00257
1.0061
1.00676
1.00677
1000
1000
999.943
999.703
999.97
999.999
1000
1000
1000
1000
999.554
999.861
1000
1000
999.984
999.993
999.992
999.713
999.908
999.993
999.988
677.288
742.348
700.954
676.459
705.285
702.332
638.419
1
0.999992
0.999884
0.999931
0.999898
1.00001
1.00001
1
1
1
1
1
1
1
1
1
0.999999
1.00001
1.00002
0.999998
1
1.00006
1
1
1
1.00001
1
1
1.00023
1
1
1
1
1
1.00001
1.00061
1
1
1
1
1
1.00003
999.813
999.556
999.571
999.347
999.821
998.7
998.713
999.998
999.985
999.924
999.943
999.902
999.838
999.705
999.22
999.2
995.881
985.112
966.313
947.183
913.347
539.345
532.418
477.131
379.747
248.381
154.191
45.7509
1.00002
1.00004
1
1
1
1
1
1.00001
1.00002
1
1
1.00004
1.00155
1.0003
1.00001
0.999997
1
1
1.00082
1.02097
1.00116
1.00001
1
1
1
1.00002
1
1.00065
1.00048
1
1
1
1
1
1.00002
1.0003
1
1
1
1
1
1.00014
999.695
999.136
999.146
999.899
999.94
1000
1000
999.864
999.836
999.897
999.941
999.974
1000
1000
929.985
965.412
987.22
994.472
998.088
998.706
999.927
126.951
284.752
404.817
455.551
504.731
523.675
611.286
1.00001
1.00001
1
1
1.00001
1.0001
1.00001
1.00996
1.00787
1.00005
1
1.00015
1.00291
1
1.13671
1.07281
1.0003
1
1.00084
1.01488
1
1.02952
1.00515
1.00001
1
1.00001
1.00002
1.00023
1.06198
1.00064
1.00019
1.00073
1.00106
1.00204
1.00366
1
1.00458
1.0046
1.00461
1.00457
1.00438
1.00435
999.932
999.992
999.977
999.974
992.948
906.182
778.486
726.619
1000
999.997
999.976
999.973
987.671
898.285
781.339
727.416
1000
999.997
999.974
999.973
983.028
891.495
785.224
728.525
1000
999.997
999.973
999.973
978.942
886.472
783.78
729.439
1000
999.997
999.973
999.973
978.559
885.854
781.706
730.751
1000
999.997
999.973
999.973
980.799
887.314
776.652
733.492
1000
999.997
999.975
999.974
984.179
891.533
771.49
735.551
999.9
979.461
864.004
811.192
736.636
463.817
650.599
796.275
999.969
983.297
852.175
799.836
719.859
458.504
652.034
796.532
999.966
979.325
837.581
797.386
711.538
452.736
654.777
797.148
999.965
975.839
834.959
799.798
703.95
450.499
659.444
797.879
999.966
978.425
831.583
796.723
699.648
447.312
658.442
798.477
999.968
979.261
834.018
799.829
699.627
443.301
660.974
800.186
999.972
983.887
849.176
807.057
706.867
443.783
655.73
800.679
784.376
465.575
154.168
111.592
302.487
404.996
501.341
507.426
760.906
462.179
147.555
123.347
322.915
412.675
503.425
507.212
750.476
446.71
129.534
126.735
332.623
417.819
505.397
507.518
749.099
437.093
122.476
128.649
339.885
420.548
507.541
507.571
756.757
448.14
123.933
126.188
340.023
420.943
508.633
507.545
775.733
462.472
125.162
120.856
331.303
419.562
509.218
509.096
803.991
494
150.721
116.655
323.01
411.628
506.849
509.563
0.999165
1.00263
6.19333
46.3511
62.7919
69.479
53.4654
41.4813
0.99967
1.00176
7.2099
51.184
63.3741
68.4748
51.7949
40.5992
0.999844
1.00138
10.5017
54.2936
64.4983
68.714
51.7907
41.4703
0.999922
1.00136
11.3344
56.2618
65.4674
69.3883
52.3289
42.6034
0.99985
1.00192
12.9734
57.5571
66.5671
70.2367
52.688
43.163
0.99935
1.00355
15.1776
57.9279
68.0513
71.9912
54.0155
44.1758
0.997207
1.00694
10.5335
56.115
69.0679
74.4617
56.8416
45.1643
1
0.999997
1.00093
1.00528
1.00012
1
1
1
1
0.999994
0.998351
1.0029
1.00009
1.00001
1
0.999996
1
0.999999
0.997167
1.00254
1.00009
1.00001
1.00001
1
1
1
1.00091
1.00651
1.00008
1.00001
1.00001
1
1
0.999996
1.00206
1.06939
1.00005
1.00001
1.00001
1
1
0.999993
1.00393
1.16514
1.00012
1.00002
1.00001
1.00001
0.999999
1
1.0072
1.19917
1.00013
1.00005
1.00002
1.00006
1.00021
1.01394
1.01042
1.07206
1.0662
1.01286
1.00064
1
1
1.00248
1.00021
1.00004
1.00374
1.00502
1.00058
1
1
0.999999
1.00004
1.00001
1.00415
1.00474
1.00109
1
1
0.999999
1.00004
1.00003
1.00418
1.00433
1.0009
1
1.00008
1.00001
1.00007
1.00004
1.00001
1.00659
1.00289
1
1.0011
1.00393
1.00302
1.00005
1.00109
1.00449
1.00193
1
1.00185
1.05755
1.0076
1.00009
1.00006
1.00008
1.02348
1.00752
1.12079
1.12109
1.11559
1.04063
1.00845
1.01061
1.00136
1
1.00145
1.00295
1.00001
1.00002
1.00147
1.01009
1.00068
1
1
1.00002
1.00001
1.00001
1.00065
1.01057
1.00188
1
1
1.00003
1.00001
1.00001
1.00057
1.00911
1.00214
1
1
1.00001
1.00001
1.00001
1.00001
1.00958
1.00397
1
1.03725
1.00728
1.00296
1.00001
1.00001
1.00879
1.00314
1
1.20132
1.20128
1.07909
1.00001
1.00001
1.00818
1.04498
1.00627
1.01774
1.036
1.024
1.00076
1.00527
1.01072
1.00095
1
1.00033
1.00069
1.00001
1.00001
1.00266
1.01073
1.00129
1
1
1
1
1.00001
1.00139
1.01074
1.00351
1
1
1.00001
1
1.00001
1.00038
1.01074
1.00436
1
1
1
1
1.00001
1.00023
1.01074
1.00599
1
1.01613
1.00383
1.0004
1.00001
1.00021
1.00949
1.00575
1
1.05961
1.09624
1.02818
1.00001
1.00358
1.03049
1.01966
1.0014
1
1.00002
1.00001
1.00052
1.00597
1.00749
1
1
1.00024
1.00001
1.00001
1.00406
1.00728
1.00729
1
1
1.00005
1
1
1.00065
1.00677
1.01073
1.00128
1
1.00012
1
1
1
1.00264
1.01074
1.00276
1
1.00021
1
1
1
1.00081
1.00933
1.00384
1
1.00066
1.00013
1
1.00001
1.00076
1.00583
1.0038
1
1.00063
1.00059
1.00214
1.00798
1.01317
1.01223
1.00008
1.00001
1.00206
1.00195
1.0005
1.00138
1.00193
1.00031
1
1
1.00293
1.00456
1.00456
1.00457
1.00444
1.00005
1
1
1.00107
1.00402
1.00456
1.00458
1.00458
1.00184
1
1
1.00468
1.00466
1.00297
1.0034
1.00442
1.00249
1.00021
1
1.00674
1.00369
1.00078
1.00095
1.00164
1.00058
1.00033
1
1.00676
1.003
1.00001
1.00049
1.00057
1.00014
1.0002
1.00001
1.00676
1.00676
1.00353
1.00332
1.00363
1
1
1
1000
1000
999.992
999.975
999.978
916.401
723.272
719.727
1000
1000
999.994
999.975
999.978
921.688
718.505
717.389
1000
1000
999.995
999.975
999.977
926.08
717.345
717.365
1000
1000
999.995
999.975
999.977
932.063
722.86
717.389
1000
1000
999.995
999.974
999.976
938.013
729.537
717.423
1000
1000
999.994
999.973
999.976
942.386
735.933
717.501
1000
1000
999.993
999.972
999.977
945.166
743.712
717.615
999.998
999.959
954.84
856.357
796.983
476.004
562.005
800.831
999.998
999.962
965.219
866.081
806.104
481.685
553.492
800.261
999.998
999.965
971.634
869.441
809.223
486.218
547.845
799.589
999.994
999.966
973.54
866.679
811.032
493.454
546.668
798.673
999.998
999.965
971.868
862.475
812.268
501.467
545.984
797.744
999.998
999.963
966.814
855.006
811.236
505.997
547.448
798.041
999.998
999.96
957.84
844.097
809.778
511.442
552.186
798.234
966.497
772.581
408.566
118.875
213.742
362.454
495.228
510.733
966.595
780.068
436.192
137.499
205.779
367.211
495.087
510.98
963.746
785.287
455.594
144.213
197.7
371.845
495.004
510.673
963.337
788.536
462.386
145.295
191.22
372.854
491.818
509.498
964.312
784.615
451.715
140.44
184.456
371.334
488.65
509.129
964.092
777.783
434.05
131.92
181.909
366.445
485.074
508.437
958.089
763.255
406.036
121.712
183.536
362.993
482.786
508.428
287.113
0.994513
1.0105
6.58634
58.2963
71.1435
55.9002
37.3222
290.587
0.995133
1.01002
1.11874
54.946
68.1723
53.4498
35.5101
254.787
0.997599
1.00954
1.10522
52.3144
66.0561
51.0455
33.6986
246.567
0.998135
1.00733
1.09953
50.6567
64.1476
49.4339
32.5026
255.023
0.998694
1.00968
1.09998
50.1036
63.2324
49.1716
32.4586
263.057
0.995961
1.00861
1.11098
50.5661
63.2766
49.6431
32.9085
235.105
0.99528
1.00855
1.11616
51.4924
63.1006
49.512
32.8895
1
1
1.00002
1.01067
1.01906
1.00001
1
1
0.99948
0.999933
1.00049
1.00984
1.00065
1.00001
1
1
0.998464
0.999808
1.00267
1.00606
1.00135
1.00003
1.00001
0.999999
0.998904
0.999865
1.00002
1.00363
1.0018
1.00006
1.00003
1.00002
0.998337
0.999798
1.00288
1.00394
1.00199
1.00006
1.00003
1
0.999999
0.999998
0.999904
1.00812
1.00197
1.00003
1
1
1.00001
1
0.999869
1.00799
1.00153
1.00002
1
1
1.00007
1
1.16935
1.56437
1.17366
1.00004
1.00001
1.00002
1
1
1.28728
1.33635
1.08055
1.00002
1.00001
1.00001
1
1
1.02572
1.00215
1.00478
1.00361
1.00003
1.00001
1
1
1
1.00012
1.00472
1.00537
1.0002
1.00002
1
1
1.00468
1.00038
1.00238
1.00245
1.00007
1.00002
1.00028
1
1.27371
1.2877
1.07114
1.00005
1.00004
1.00004
1.00035
1
1.28996
1.24991
1.03143
1.00004
1.00005
1.0001
1.00006
1.1384
1.45393
1.36742
1.03539
1.00023
1.00289
1
1.00038
1.26255
1.45392
1.30718
1.01701
1.00024
1.00149
1.00034
1.00426
1.01854
1.02871
1.00159
1.0057
1.00033
1.00039
1.00049
1.00003
1
1
1.00001
1.00602
1.00094
1.00083
1.00043
1.00009
1.00043
1.00155
1.00004
1.00371
1.00062
1.00091
1.00028
1.01013
1.34814
1.44839
1.32403
1.02281
1.00045
1.00118
1.00022
1.00056
1.24277
1.44839
1.28033
1.01165
1.00043
1.00071
1.00033
1.00022
1.00226
1.01213
1.00736
1.00467
1.0159
1.0021
1
1.00039
1.00832
1.03835
1.02407
1.00254
1.00823
1.00445
1
1.0002
1.00202
1.00421
1.00004
1.00124
1.00507
1.00425
1
1
1
1
1
1.00166
1.00512
1.00382
1
1.00001
1.00001
1
1.00001
1.00133
1.00502
1.00272
1
1.00027
1.0169
1.06001
1.04818
1.00075
1.00081
1.00272
1.0001
1
1.00745
1.04637
1.05486
1.00052
1.00052
1.00271
1.00021
1.00001
1
1
1
1.00616
1.0125
1.00081
1
1
1
1
1
1.00532
1.01245
1.00283
1
1
1
1
1.00001
1.00368
1.01236
1.00261
1
1
1
1
1
1.00242
1.01165
1.00174
1
1
1
1
1
1.00217
1.00875
1.00116
1
1
1
1
1
1.00126
1.00371
1.00101
1
1
1
1
1
1.00051
1.00172
1.00177
1
1
1.00005
1.0003
1.00111
1.00126
1.00049
1.00012
1
1
1
1
1.00107
1.00282
1.00232
1.00029
1
1
1
1
1.00062
1.00214
1.0026
1.00036
1
1
1
1
1.00032
1.00116
1.00144
1.00018
1
1
1
1
1.00032
1.00102
1.00109
1.00012
1
1
1
1
1.00034
1.00095
1.00073
1.00001
1
1
1
1.00004
1.0004
1.00088
1.0004
1.00006
1
999.929
999.999
999.992
999.972
999.977
942.761
745.357
717.767
999.706
999.913
999.967
999.972
999.978
936.487
748.318
717.937
999.289
999.798
999.951
999.972
999.978
929.785
753.004
718.123
999.52
999.962
999.985
999.973
999.978
920.09
758.404
719.648
999.346
999.975
999.983
999.973
999.979
914.925
763.643
722.497
998.922
999.783
999.94
999.971
999.052
911.209
768.685
724.704
999.18
999.905
999.934
999.973
995.187
909.572
774.833
725.867
999.964
999.953
951.106
839.969
808.407
507.751
561.227
800.72
999.932
999.85
938.695
841.702
803.098
491.622
574.462
802.444
999.826
999.72
926.576
838.772
792.45
479.825
594.378
801.486
999.764
995.791
912.939
834.132
777.431
469.534
612.683
800.63
999.579
991.361
899.036
825.939
764.849
467.071
624.839
798.984
999.359
988.431
884.722
816.395
753.211
471.505
637.889
795.644
999.508
981.596
874.341
817.452
743.423
470.393
648.011
795.806
952.704
752.378
387.456
118.718
193.496
365.168
485.195
509.315
931.619
695.81
326.263
113.535
213.52
369.788
489.822
511.415
904.607
633.698
273.748
106.777
239.654
373.307
490.934
513.476
874.82
577.658
235.659
101.426
263.895
378.692
493.776
513.856
848.485
543.128
211.884
100.734
279.286
385.214
497.422
512.539
822.237
516.706
191.045
102.259
291.035
392.593
498.799
510.631
789.586
480.376
167.594
105.646
294.764
398.213
498.732
508.3
204.285
0.996424
1.00792
1.11859
53.0213
63.7659
49.8479
33.5907
133.709
0.998517
1.00548
1.75369
55.9116
66.8284
52.6731
36.0749
59.777
1.00368
1.00308
10.8071
58.8365
70.2084
56.4496
38.8727
9.0514
1.00475
1.29146
22.5793
61.4134
72.4562
58.1846
40.6945
0.9958
1.00443
1.07882
31.5933
61.9847
72.2062
57.053
40.4823
0.998484
1.00377
4.73911
37.8617
62.0167
70.9773
55.6802
40.4845
0.999166
1.00201
7.25451
44.9634
62.865
70.8607
55.8547
41.8911
1.00001
1
0.999884
1.00733
1.00063
1.00001
1
1
1
1
0.999881
1.00407
1.00009
1
1
1
1
0.999916
1.00008
1.0031
1.00015
1
1
1
1
0.999963
1.00035
1.00665
1.00016
1
1
0.999999
1
0.999908
1.00086
1.00593
1.00015
1
1
1
1
0.999989
1.00232
1.0053
1.00014
1.00001
1
1
1
0.999997
1.0023
1.01143
1.00078
1.00002
1
1
1.00069
1.00001
1.27676
1.2165
1.01834
1.00002
1.00018
1.00011
1.00267
1.00424
1.01862
1.00048
1.00023
1.00001
1.00001
1
1.00001
1.00005
1.00001
1.00013
1.01218
1.0084
1.00033
1
1
1
1.00001
1.00014
1.01265
1.01008
1.00075
1
1.00001
1.00002
1.00004
1.00016
1.01219
1.01043
1.0013
1
1
1.02722
1.00256
1.00084
1.00669
1.00886
1.00315
1
1.00013
1.00006
1.056
1.64591
1.67479
1.26418
1.00001
1
1.00144
1.26055
1.4481
1.18365
1.00265
1.00043
1.00039
1.00006
1.02606
1.06744
1.04098
1.00003
1.00008
1.00001
1.00235
1
1
1
1
1.00001
1.00822
1.01131
1.00353
1
1
1
1
1.00001
1.00997
1.01131
1.00452
1
1.00126
1.00038
1
1.00004
1.00964
1.01131
1.00508
1
1.0615
1.0615
1.04632
1.00062
1.00538
1.01131
1.00493
1
1.00016
1.01479
1.21238
1.36802
1.08371
1.00791
1.00018
1
1.00056
1.00984
1.03936
1.02352
1.00072
1.00096
1.00209
1
1.00354
1.01533
1.0166
1.00002
1.00109
1.0099
1.00161
1
1
1
1
1
1.00611
1.0113
1.00453
1
1
1
1
1.00002
1.00659
1.01131
1.00593
1
1.00004
1.00005
1
1.00014
1.00791
1.01131
1.00546
1
1.00489
1.01525
1.01404
1.00014
1.00864
1.0113
1.0044
1
1.00113
1.00323
1.00963
1.00225
1.01286
1.0077
1
1
1.00018
1
1
1.00003
1.0008
1.00182
1.00132
1
1
1
1
1.00002
1.00309
1.0087
1.00103
1
1
1.00001
1
1
1.00431
1.01129
1.002
1
1
1
1
1
1.00387
1.0113
1.00299
1
1
1
1
1
1.00539
1.0113
1.00217
1
1
1
1
1.00012
1.00645
1.01061
1.00084
1
1
1
1
1.00182
1.00502
1.00395
1
1
1.00036
1.00057
1.00089
1.00102
1.00104
1.00098
1.00002
1
1
1.00036
1.00099
1.00104
1.00104
1.00067
1.00041
1
1
1.0002
1.0004
1.00034
1.00061
1.00112
1.00043
1
1
1
1
1.00008
1.00055
1.00142
1.00035
1
1
1
1
1.00005
1.00063
1.00142
1.00026
1
1
1
1
1.00006
1.0005
1.00081
1.00017
1
1
1
1.00006
1.00012
1.00012
1.00013
1.00008
1
999.998
999.998
999.976
999.974
985.543
889.974
767.395
734.601
999.954
999.998
999.977
999.974
984.267
884.66
759.854
731.998
999.957
999.999
999.979
999.974
985.51
881.678
753.191
729.753
999.999
999.999
999.981
999.974
988.847
880.163
745.576
729.162
1000
999.999
999.984
999.975
994.962
884.987
737.884
728.623
1000
999.999
999.99
999.975
999.977
895.023
731.209
728.075
1000
1000
999.992
999.975
999.978
906.866
727.296
725.602
999.963
988.078
860.735
810.924
711.109
442.604
651.158
801.189
999.921
993.077
869.237
814.726
706.921
439.397
645.769
801.684
999.932
996.035
886.131
822.655
709.595
436.248
637.042
802.304
999.983
999.342
903.653
831.616
718.54
435.442
625.319
804.039
999.988
999.933
922.206
840.939
734.071
438.54
610.417
803.903
999.994
999.944
936.771
845.904
751.267
445.605
591.956
803.102
999.996
999.955
949.765
849.149
776.797
463.164
573.096
801.84
782.915
500.631
168.466
112.612
322.084
409.343
506.719
509.21
835.946
544.242
186.666
104.726
317.961
410.723
511.43
509.863
867.773
574.414
207.551
94.3571
310.935
407.259
512.194
508.717
889.235
606.231
237.503
87.3758
300.502
399.777
510.928
508.449
915.686
656.668
283.732
86.2301
281.776
389.2
507.362
508.705
939.915
713.706
341.312
90.3961
254.708
378.403
503.983
509.461
960.37
765.604
400.523
104.739
229.198
366.812
497.863
509.301
0.99641
1.00472
11.4576
55.0014
69.4392
75.7706
58.209
45.6889
0.996046
1.00752
12.0185
53.8441
69.7407
75.9706
56.9553
44.5128
24.0636
1.01695
12.8768
51.4323
70.0883
77.2885
58.098
44.7454
54.4409
1.02781
10.2092
48.2428
70.2593
78.612
59.8396
44.8364
109.423
1.04247
4.85054
41.196
68.7728
78.4015
60.3807
43.7972
175.184
1.03832
1.0409
30.5242
65.6878
76.6914
59.0117
41.2785
257.674
0.999775
1.01481
17.9846
61.678
74.1098
57.7519
39.1964
1
1.00001
1.00496
1.24214
1.0001
1.00017
1.00005
1.00017
1
1
1.0061
1.43456
1.00022
1.00007
1.00005
1.00006
1
0.999987
1.00579
1.70228
1.00025
1.00005
1.00004
1.00002
1
0.999983
1.00494
1.85946
1.00029
1.00004
1.00004
1.00002
1
1
1.00294
1.37213
1.00025
1.00004
1.00003
1.00002
1.00001
1.00008
1.02615
1.00991
1.0029
1.00003
1.00002
0.999998
1.00006
1.00002
1.00531
1.01705
1.02078
1.00002
1
1
1.00019
1.05104
1.00486
1.00006
1.00004
1.00145
1.06025
1.12045
1
1.02558
1.00014
1.00008
1.00029
1.00009
1.01378
1.0006
1
0.999997
1.00014
1.00012
1.00471
1.00882
1.00213
1
1
0.999992
1.00013
1.00018
1.00954
1.01026
1.00221
1
1.00023
1.00024
1.00013
1.00021
1.0089
1.01361
1.0032
1
1.00863
1.02584
1.0792
1.00158
1.00957
1.00956
1.00342
1
1.00025
1
1.21796
1.61786
1.23748
1.00003
1
1
1.20127
1.19578
1.00352
1.00001
1.00001
1.06284
1.10852
1.09168
1.1298
1.08297
1.00001
1.00001
1.00001
1.00598
1.01696
1.00113
1.00009
1.00009
1.00001
1.00001
1.00176
1.01634
1.00458
1
1
1
1
1.00001
1.0042
1.01605
1.00307
1
1.00115
1.00159
1.00001
1.00002
1.00751
1.01669
1.00551
1
1.0703
1.12355
1.07948
1.00022
1.00436
1.01661
1.0051
1
1.00015
1.14152
1.45331
1.32928
1.03104
1.00679
1.00341
1
1.04806
1.0475
1.01379
1.02259
1.05488
1.06642
1.02133
1
1.01201
1.01888
1.00001
1.00001
1.00169
1.01687
1.00976
1.00032
1
1.00001
1
1.00001
1.00169
1.01683
1.00682
1
1
1
1
1
1.00242
1.01678
1.00486
1
1.00005
1.00018
1
1.00001
1.00565
1.01674
1.0044
1
1.00632
1.01826
1.02017
1.00002
1.00699
1.01669
1.00406
1
1.00064
1.0039
1.01435
1.00307
1.00645
1.01662
1.00222
1
1.05265
1.01477
1.0062
1.03605
1.04061
1.00746
1
1
1.0001
1.00005
1.00136
1.00467
1.00861
1.00798
1.00031
1
1.00062
1.00005
1.00001
1.00001
1.00359
1.00957
1.00286
1
1.00045
1.00005
1
1.00117
1.00755
1.01557
1.00125
1
1.00044
1.00004
1.00001
1.00269
1.0083
1.0083
1.00086
1
1.00061
1.00017
1.00002
1.00126
1.00651
1.00736
1.00104
1
1.00001
1.00023
1
1.00211
1.00768
1.00841
1.00047
1
1.00025
1.00597
1.00654
1.00106
1.00052
1
1
1
1.00457
1.00216
1.0005
1.00251
1.00315
1
1
1
1.0042
1.00468
1.00468
1.00157
1.00073
1.00004
1.00003
1
1.00462
1.00462
1.00213
1.00439
1.00423
1.00142
1
1
1.00224
1.00257
1.00439
1.00439
1.00104
1.00002
1
1
1.00283
1.00437
1.00439
1.00134
1.00014
1.00001
1
1
1.00433
1.00182
1.00027
1.00067
1.00081
1.00004
1.00001
1
788.759
842.572
885.264
882.612
903.254
900.125
834.778
878.116
770.779
816.714
888.31
927.38
915.982
868.978
818.062
863.261
763.667
798.07
881.665
943.069
934.273
880.269
813.932
865.56
758.644
793.36
889.032
942.852
937.439
885.826
813.925
866.686
753.596
786.575
887.343
942.568
940.45
885.797
812.294
868.606
775.833
783.333
836.378
929.93
943.187
886.323
824.836
881.039
787.91
782.363
829.302
938.663
937.164
875.463
826.274
877.406
776.152
776.65
804.561
800.398
768.434
758.022
787.85
769.529
786.299
819.169
810.496
731.267
756.737
791.153
783.938
787.414
787.024
819.983
820.256
717.342
738.686
793.306
777.337
786.421
795.883
820.958
821.242
714.26
730.943
793.471
773.405
785.388
798.132
820.496
818.751
709.847
731.983
787.243
770.43
781.024
759.502
778.714
836.47
773.011
697.758
751.491
775.976
766.528
744.658
787.097
836.32
776.614
695.619
764.453
777.078
764.207
500.285
491.188
482.491
486.082
492.279
496.03
502.643
503.868
495.527
481.597
486.34
490.969
496.067
498.325
500.849
503.114
494.602
480.729
487.458
491.137
495.68
498.512
500.57
503.108
491.435
478.598
486.996
490.937
494.836
497.966
499.859
502.809
490.335
479.093
488.332
491.262
495.284
498.476
500.204
502.705
500.25
491.22
485.365
494.114
494.659
502.823
504.4
505.785
501.951
491.094
480.075
490.091
491.014
499.395
499.777
503.047
41.188
42.8744
44.3238
44.9393
45.6973
46.4433
46.5843
48.0913
42.5028
44.1989
44.8274
45.9788
45.8873
45.9948
47.1432
48.4379
44.0605
45.7657
45.9822
47.5524
47.6113
47.3661
48.5974
49.6991
45.7581
47.3317
47.2207
48.6951
48.7702
48.2647
49.443
50.3704
46.4218
47.8129
47.571
49.1416
49.1851
48.7414
49.8963
50.927
45.7781
47.2962
47.2661
47.9482
49.5186
48.6215
49.065
50.8
45.6085
47.0785
47.4794
48.1856
49.5416
48.4896
49.1089
50.6098
0.999987
1.00024
1.00033
1.0004
1.00042
1.00045
1.00074
1.00095
1.00013
1.00022
1.0003
1.00029
1.0004
1.00058
1.00072
1.00093
1.00012
1.00022
1.00032
1.00028
1.00038
1.0006
1.00069
1.00091
1.00011
1.00021
1.00032
1.00028
1.00036
1.00059
1.00066
1.00087
1.0001
1.0002
1.00032
1.00028
1.00036
1.0006
1.0007
1.00095
1.00009
1.00016
1.00031
1.00036
1.00032
1.00062
1.00104
1.00119
1.00015
1.0002
1.00036
1.0004
1.00035
1.00065
1.00096
1.00114
1
1
1
1
1
1
1
1
1
1
1
1
1
1
1
1
1
1
1
1
1
1
1
1
1
1
1
1
1
1
1
1
1
1
1
1
1
1
1
1
1
1
1
1
1
1
1.00001
1.00001
1
1
1
1
1
1.00001
1.00001
1.00001
1
1
1
1
1
1
1
1
1
1
1
1
1
1
1
1
1
1
1
1
1
1
1
1
1
1
1
1
1
1
1
1
1
1
1
1
1
1
1
1
1
1
1
1
1
1
1
1
1
1
1
1
1
1
1
1
1
1
1
1
1
1
1
1
1
1
1
1
1
1
1
1
1
1
1
1
1
1
1
1
1
1
1
1
1
1
1
1
1
1
1
1
1
1
1
1
1
1
1
1
1
1
1
1
1
1
1
1
1
1
1
1
1
1
1
1
1
1
1
1
1
1
1
1
1
1
1
1
1
1
1
1
1
1
1
1
1
1
1
1
1
1
1
1
1
1
1
1
1
1
1
1
1
1
1
1
1
1
1
1
1
1
1
1
1
1
1
1
1
1
1
1
1
1
1
1
1
1
1
1
1
1
1
1
1
1
1
1
1
1
1
1
1
1
1
1
1
1
1
1
1
1
1
1
1
1
1
1
1
1
1
1
1
1
1
1
1
1
1
1
1
1
1
1
760.194
783.999
862.641
880.375
908.821
902.999
835.735
862.376
757.47
782.938
857.251
894.41
914.247
890.426
834.624
859.627
754.022
783.28
843.456
896.597
901.263
882.502
836.065
855.098
753.73
787.037
848.653
890.918
889.538
882.171
839.333
855.879
753.313
793.447
854.731
884.97
885.081
882.851
841.932
856.7
754.804
804.437
862.645
879.474
882.696
883.644
844.322
856.984
756.591
812.358
870.068
874.489
879.106
884.771
845.167
856.546
804.941
794.837
807.063
794.01
738.725
737.313
781.76
772.245
804.77
793.329
799.755
787.647
744.337
742.348
779.626
770.787
804.61
785.121
797.796
790.293
749.587
742.992
778.791
770.772
804.457
773.568
784.965
795.004
767.002
740.468
774.693
767.558
804.302
761.658
767.87
803.488
777.934
737.176
771.581
766.009
804.143
753.199
753.915
808.39
786.116
735.635
770.119
767.427
803.984
749.658
746.19
809.894
792.378
737.779
771.122
771.023
492.812
475.98
471.185
478.048
483.714
486.878
494.215
497.961
493.817
478.885
473.873
477.933
482.386
486.39
493.217
497.401
495.369
482.969
476.726
478.611
483.391
487.412
493.929
497.68
496.98
487.365
480.303
477.306
483.25
486.665
493.898
497.967
499.371
492.216
485.094
477.714
483.597
486.968
494.835
499.485
500.62
495.671
489.424
478.79
484.041
487.669
495.898
500.531
501.866
498.128
492.703
481.039
485.436
489.251
497.616
501.126
37.5866
39.6127
40.5389
40.6651
41.6879
42.5385
42.517
44.0075
35.7876
37.6826
38.9056
39.5045
40.6324
41.3999
41.4522
42.7226
34.0759
36.0067
37.454
38.3139
39.4589
40.2527
40.1966
41.2715
32.5921
34.5139
36.3924
37.6351
38.657
39.9367
40.0362
40.8839
31.9792
33.7837
35.981
37.4599
38.6371
40.2998
40.5375
41.2871
31.9863
33.5553
35.7614
37.5571
38.8951
40.7881
41.1758
41.9986
32.0509
33.6498
35.82
37.8452
39.3197
41.3633
41.8822
42.8736
0.999984
1.00025
1.00039
1.00052
1.00055
1.00062
1.00104
1.00143
0.999987
1.00027
1.00038
1.00047
1.00047
1.00055
1.00087
1.00122
1.00016
1.00027
1.00035
1.00041
1.0004
1.00044
1.00069
1.00107
1.00017
1.00026
1.00033
1.00038
1.0004
1.00039
1.00057
1.00088
1.00016
1.00027
1.00032
1.00039
1.00042
1.00038
1.00053
1.00075
0.999993
1.00026
1.00033
1.0004
1.00044
1.00039
1.00054
1.00072
0.999993
1.00024
1.00031
1.00039
1.00044
1.00039
1.00054
1.0007
1
1
1
1
1.00001
1.00001
1.00001
1.00001
1
1
1
1
1
1
1.00001
1.00001
1
1
1
1
1
1
1
1.00001
1
1
1
1
1
1
1
1
1
1
1
1
1
1
1
1
1
1
1
1
1
1
1
1
1
1
1
1
1
1
1
1
1
1
1
1
1
1
1
1
1
1
1
1
1
1
1
1
1
1
1
1
1
1
1
1
1
1
1
1
1
1
1
1
1
1
1
1
1
1
1
1
1
1
1
1
1
1
1
1
1
1
1
1
1
1
1
1
1
1
1
1
1
1
1
1
1
1
1
1
1
1
1
1
1
1
1
1
1
1
1
1
1
1
1
1
1
1
1
1
1
1
1
1
1
1
1
1
1
1
1
1
1
1
1
1
1
1
1
1
1
1
1
1
1
1
1
1
1
1
1
1
1
1
1
1
1
1
1
1
1
1
1
1
1
1
1
1
1
1
1
1
1
1
1
1
1
1
1
1
1
1
1
1
1
1
1
1
1
1
1
1
1
1
1
1
1
1
1
1
1
1
1
1
1
1
1
1
1
1
1
1
1
1
1
1
1
1
1
1
1
1
1
1
1
1
1
1
1
1
1
1
1
1
1
1
1
1
1
1
1
1
1
1
1
1
1
1
1
1
1
1
1
1
1
1
763.783
822.013
871.557
874.112
883.919
884.668
845.506
858.547
772.559
833.788
862.194
881.425
901.357
883.362
844.866
862.886
792.162
851.448
831.569
883.908
919.16
885.497
847.515
863.246
798.837
841.196
839.846
883.696
913.823
887.979
840.499
872.852
788.101
832.922
883.367
887.759
888.902
892.548
836.491
871.552
780.144
826.31
888.696
911.395
889.142
875.814
830.145
867.338
781.104
836.011
894.033
910.169
885.298
879.868
832.416
868.024
803.831
741.342
742.707
816.679
791.812
738.339
773.166
772.971
803.693
736.649
750.63
823.168
773.249
740.598
776.659
773.831
793.834
723.576
791.34
840.773
752.128
746.749
779.285
781.857
777.146
737.022
817.354
827.602
745.861
753.323
784.651
769.751
782.175
775.014
805.751
799.282
770.648
763.242
787.673
772.07
785.726
801.77
805.409
765.866
775.562
780.427
794.068
782.786
787.427
804.813
803.699
767.174
781.753
779.892
795.233
781.97
503.799
500.255
494.915
482.224
486.334
490.337
498.497
501.219
506.139
500.773
494.855
482.992
486.976
491.284
497.999
500.057
509.135
501.021
488.072
477.559
483.904
490.731
494.897
494.975
509.596
499.803
482.711
480.192
486.44
492.823
497.351
501.002
505.195
493.633
482.319
485.247
491.244
494.589
500.073
502.735
501.207
487.476
483.673
488.056
493.593
495.749
499.743
502.373
499.314
485.891
482.803
487.204
493.234
495.157
499.422
501.92
32.6657
34.2682
36.279
38.2054
39.7921
41.7228
42.2649
43.3765
34.2241
35.8047
37.5616
38.9981
40.7636
41.9977
42.5068
43.7624
35.1486
36.7745
38.7015
39.7992
41.7101
41.8693
42.538
43.9867
36.716
38.4114
40.1911
41.0233
42.4847
42.5111
42.7373
43.9762
37.8175
39.5402
40.9336
41.3477
41.785
42.3686
42.4897
43.8321
38.9948
40.6303
41.5977
42.1585
41.9302
42.3343
42.9707
44.476
40.3326
41.8729
42.907
43.4747
43.1766
43.7066
44.3664
45.8901
0.999993
1.00022
1.0003
1.0004
1.00044
1.0004
1.00058
1.00071
0.999992
1.00024
1.00033
1.00045
1.00045
1.00049
1.00069
1.00078
0.999989
1.00031
1.0004
1.00053
1.00044
1.0006
1.00083
1.00083
0.999988
1.00031
1.00042
1.00051
1.00043
1.00055
1.00078
1.00087
0.999986
1.00027
1.00036
1.00044
1.00047
1.00051
1.00076
1.00102
0.999985
1.00025
1.00033
1.00037
1.00049
1.0006
1.00085
1.00108
0.999983
1.00026
1.00034
1.00038
1.00051
1.00061
1.00086
1.00108
1
1
1
1
1
1
1
1
1
1
1
1
1
1
1
1
1
1
1
1
1
1
1.00001
1
1
1
1
1
1
1
1
1
1
1
1
1
1
1
1
1
1
1
1
1
1
1
1.00001
1.00001
1
1
1
1
1
1
1.00001
1.00001
1
1
1
1
1
1
1
1
1
1
1
1
1
1
1
1
1
1
1
1
1
1
1
1
1
1
1
1
1
1
1
1
1
1
1
1
1
1
1
1
1
1
1
1
1
1
1
1
1
1
1
1
1
1
1
1
1
1
1
1
1
1
1
1
1
1
1
1
1
1
1
1
1
1
1
1
1
1
1
1
1
1
1
1
1
1
1
1
1
1
1
1
1
1
1
1
1
1
1
1
1
1
1
1
1
1
1
1
1
1
1
1
1
1
1
1
1
1
1
1
1
1
1
1
1
1
1
1
1
1
1
1
1
1
1
1
1
1
1
1
1
1
1
1
1
1
1
1
1
1
1
1
1
1
1
1
1
1
1
1
1
1
1
1
1
1
1
1
1
1
1
1
1
1
1
1
1
1
1
1
1
1
1
1
1
1
1
1
1
1
1
1
1
1
1
1
1
1
1
1
1
1
1
1
1
1
1
1
1
1
1
1
1
1
1
1
1
1
1
1
1
1
1
1
786.339
781.941
819.469
941.536
941.752
873.556
821.981
873.082
766.547
781.723
841.629
935.23
938.982
879.826
827.368
876.628
758.871
792.732
856.518
920.62
938.004
899.525
831.223
878.393
758.046
798.007
858.331
911.215
936.001
909.028
833.944
879.341
759.206
796.22
858.535
906.818
926.082
906.97
842.056
876.963
761.001
787.349
852.225
897.7
917.251
912.256
841.294
864.079
761.563
783.987
846.194
880.172
927.807
914.149
840.834
859.545
747.858
785.39
836.849
774.765
690.593
762.593
773.924
764.486
772.772
796.657
837.364
751.893
696.207
755.442
775.594
762.895
798.917
805.249
815.775
758.485
699.623
746.573
776.043
758.249
805.27
805.353
805.331
762.968
703.22
740.627
774.64
753.634
805.433
805.52
808.073
767.041
706.399
740.546
776.966
756.259
805.27
805.183
813.008
777.447
708.147
740.872
782.911
772.089
805.111
792.183
814.196
797.792
715.704
733.376
783.394
777.359
500.873
489.546
479.035
489.605
489.53
498.26
498.595
501.591
495.678
481.965
481.567
490.423
490.666
497.562
498.657
501.26
488.345
476.607
480.844
489.559
488.077
494.096
497.478
499.433
486.143
475.726
480.541
488.211
486.517
491.53
496.292
498.535
486.085
473.452
478.014
486.059
485.166
489.611
494.566
498.622
488.017
471.551
474.695
483.449
484.067
488.244
493.324
496.37
490.427
474.759
471.395
479.629
482.792
487.207
493.948
495.682
45.9157
47.4391
47.7155
48.2927
49.6931
48.467
48.9655
50.3875
46.1732
47.5537
47.2451
47.6626
48.7094
47.677
47.8955
49.3246
46.5292
47.5805
47.1222
46.9737
48.1956
47.2775
46.8558
48.3227
45.974
46.7479
46.2482
45.9486
47.2151
46.4793
45.8089
47.2618
44.5925
45.4317
44.9761
44.6312
45.9081
45.5052
45.0513
46.3154
42.1945
43.4704
43.331
42.9922
44.3241
44.1992
44.1853
45.8175
39.7697
41.4859
41.8785
41.714
43.1916
43.5447
43.5086
45.2879
1.00401
1.0041
1.00038
1.0004
1.00034
1.00064
1.00096
1.00115
1.00012
1.00022
1.00036
1.00039
1.00035
1.00063
1.00099
1.00119
1.00015
1.00026
1.00039
1.00044
1.00036
1.00056
1.00102
1.00126
1.00017
1.0003
1.00042
1.00048
1.00039
1.00055
1.00103
1.00135
1.00016
1.0003
1.00044
1.00054
1.00048
1.00065
1.00107
1.00142
1.00014
1.00028
1.00043
1.00056
1.00053
1.00076
1.00121
1.00148
0.999982
1.00025
1.00041
1.00056
1.00053
1.00069
1.00119
1.00153
1.11304
1.00683
1
1
1
1.00001
1.00001
1.00001
1
1
1
1
1
1
1.00001
1.00001
1
1
1
1
1
1
1.00001
1.00001
1
1
1
1
1
1
1.00001
1.00001
1
1
1
1
1
1.00001
1.00001
1.00001
1
1
1
1.00001
1
1.00001
1.00001
1.00001
1
1
1
1.00001
1
1.00001
1.00001
1.00001
1.00645
1.00001
1
1
1
1
1
1
1
1
1
1
1
1
1
1
1
1
1
1
1
1
1
1
1
1
1
1
1
1
1
1
1
1
1
1
1
1
1
1
1
1
1
1
1
1
1
1
1
1
1
1
1
1
1
1
1
1
1
1
1
1
1
1
1
1
1
1
1
1
1
1
1
1
1
1
1
1
1
1
1
1
1
1
1
1
1
1
1
1
1
1
1
1
1
1
1
1
1
1
1
1
1
1
1
1
1
1
1
1
1
1
1
1
1
1
1
1
1
1
1
1
1
1
1
1
1
1
1
1
1
1
1
1
1
1
1
1
1
1
1
1
1
1
1
1
1
1
1
1
1
1
1
1
1
1
1
1
1
1
1
1
1
1
1
1
1
1
1
1
1
1
1
1
1
1
1
1
1
1
1
1
1
1
1
1
1
1
1
1
1
1
1
1
1
1
1
1
1
1
1
1
1
1
1
1
1
1
1
1
1
1
1
1
1
1
1
1
1
1
1
1
1
1
)
;

boundaryField
{
    base
    {
        type            calculated;
        value           nonuniform 0();
    }
    outlet
    {
        type            calculated;
        value           nonuniform List<scalar> 
749
(
1
1
1
1
1
1
1
1
1
1
1
1
1
1
1
1
1
1
1
1
1
1
1
1
1
1
1
1
1
1
1
1
1
1
1
1
1
1
1
1
1
1
1
1
1
1
1
1
1
1
1
1
1
1
1
1
1
1
1
1
1
1
1
1
1
1
1
1
1
1
1
1
1
1
1
1
1
1
1
1
1
1
1
1
1
1
1
1
1
1
1
1
1
1
1
1
1
1
1
1
1
1
1
1
1
1
1
1
1
1
1
1
1
1
1
1
1
1
1
1
1
1
1
1
1
1
1
1
1
1
1
1
1
1
1
1
1
1
1
1
1
1
1
1
1
1
1
1
1
1
1
1
1
1
1
1
1
1
1
1
1
1
1
1
1
1
1
1
1
1
1
1
1
1
1
1
1
1
1
1
1
1
1
1
1
1
1
1
1
1
1
1
1
1
1
1
1
1
1
1
1
1
1
1
1
1
1
1
1
1
1
1
1
1
1
1
1
1
1
1
1
1
1
1
1
1
1
1
1
1
1
1
1
1
1
1
1
1
1
1
1
1
1
1
1
1
1
1
1
1
1
1
1
1
1
1
1
1
1
1
1
1
1
1
1
1
1
1
1
1
1
1
1
1
1
1
1
1
1
1
1
1
1
1
1
1
1
1
1
1
1
1
1
1
1
1
1
1
1
1
1
1
1
1
1
1
1
1
1
1
1.00402
1.00466
1.00369
1
1
1
1.00456
1.00456
1.00297
1.00078
1.00001
1
1.00138
1.00457
1.00458
1.0034
1.00095
1.00049
1.00332
1.00193
1.00444
1.00458
1.00442
1.00164
1.00057
1.00363
1.00031
1.00005
1.00184
1.00249
1.00058
1.00014
1
1
1
1
1.00021
1.00033
1.0002
1
1
1
1
1
1
1.00001
1
1
1
1
1
1
1
1
1
1
1
1
1
1
1
1
1
1
1
1
1
1
1
1.00107
1.00062
1.00032
1.00032
1.00034
1.0004
1.00126
1.00282
1.00214
1.00116
1.00102
1.00095
1.00088
1.00049
1.00232
1.0026
1.00144
1.00109
1.00073
1.0004
1.00012
1.00029
1.00036
1.00018
1.00012
1.00001
1.00006
1
1
1
1
1
1
1
1
1
1
1
1
1
1
1
1
1
1
1
1
1
1
1
1.0004
1
1
1
1
1.00102
1.00104
1.00034
1.00008
1.00005
1.00006
1
1.00104
1.00104
1.00061
1.00055
1.00063
1.0005
1.00012
1.00098
1.00067
1.00112
1.00142
1.00142
1.00081
1.00013
1.00002
1.00041
1.00043
1.00035
1.00026
1.00017
1.00008
1
1
1
1
1
1
1
1
1
1
1
1
1
1
1
1
1
1
1
1
1
1
1
1.00468
1.00213
1
1
1
1
1.00251
1.00157
1.00439
1.00439
1.00134
1
1
1.00315
1.00073
1.00423
1.00104
1.00014
1.00081
1
1
1.00004
1.00142
1.00002
1.00001
1.00004
1
1
1.00003
1
1
1
1.00001
1
1
1
1
1
1
1
1
1
1
1
1
1
1
1
1
1
1
1
1
1
1
1
1
1
1
1
1
1
1
1
1
1
1
1
1
1
1
1
1
1
1
1
1
1
1
1
1
1
1
1
1
1
1
1
1
1
1
1
1
1
1
1
1
1
1
1
1
1
1
1
1
1
1
1
1
1
1
1
1
1
1
1
1
1
1
1
1
1
1
1
1
1
1
1
1
1
1
1
1
1
1
1
1
1
1
1
1
1
1
1
1
1
1
1
1
1
1
1
1
1
1
1
1
1
1
1
1
1
1
1
1
1
1
1
1
1
1
1
1
1
1
1
1
1
1
1
1
1
1
1
1
1
1
1
1
1
1
1
1
1
1
1
1
1
1
1
1
1
1
1
1
1
1
1
1
1
1
1
1
1
1
1
1
1
1
1
1
1
1
1
1
1
1
1
1
1
1
1
1
1
1
1
1
1
1
1
1
1
1
1
1
1
1
1
1
1
1
1
1
1
1
1
1
1
1
1
1
1
1
1
)
;
    }
    walls
    {
        type            calculated;
        value           nonuniform List<scalar> 
816
(
999.476
1000
1000
1000
1000
1000
1000
999.526
1000
1000
1000
1000
1000
999.999
999.514
1000
1000
1000
1000
1000
999.998
999.556
1000
1000
1000
1000
1000
999.994
999.689
1000
1000
1000
1000
1000
999.988
999.587
999.997
1000
1000
1000
1000
999.988
1000
1000
999.999
999.967
999.988
999.999
1000
1000
1000
999.999
999.972
999.992
999.999
1000
1000
1000
999.999
999.986
999.997
999.999
1000
1000
1000
999.999
999.998
999.999
999.999
1000
1000
1000
999.999
999.999
999.999
999.999
1000
1000
1000
1000
1000
999.999
999.999
1000
999.979
998.766
997.457
999.471
999.885
997.505
996.878
999.668
997.326
997.324
999.321
999.89
998.984
996.878
999.21
997.324
997.324
999.214
999.89
999.089
996.879
999.26
997.324
997.324
999.376
999.891
998.051
996.879
999.627
997.445
997.873
999.739
999.891
997.189
996.88
999.898
998.702
999.342
999.576
999.039
997.122
997.011
1000
999.403
997.571
998.014
1000
999.999
1000
999.999
999.835
997.571
997.708
1000
999.999
1000
999.977
999.915
998.983
998.912
1000
1000
1000
999.939
999.894
999.983
999.988
999.994
1000
1000
999.915
999.842
999.987
999.99
999.99
1000
1000
999.849
999.683
999.864
999.988
999.998
1000
1000
1000
1000
1000
1000
1000
1000
1000
1000
1000
1000
1000
1000
1000
1000
1000
1000
1000
1000
1000
1000
1000
1000
1000
1000
1000
1000
1000
1000
999.979
1000
1000
1000
1000
1000
1000
999.892
1000
1000
1000
1000
1000
1000
1000
1000
1000
1000
1000
1000
1000
1000
1000
1000
1000
1000
1000
1000
1000
1000
1000
1000
1000
1000
1000
1000
1000
1000
1000
1000
1000
1000
1000
1000
1000
1000
1000
1000
1000
1000
1000
1000
1000
1000
1000
1000
1000
1000
1000
1000
1000
1000
1000
1000
1000
1000
1000
1000
1000
1000
1000
1000
1000
1000
1000
1000
1000
1000
999.985
999.991
1000
999.999
999.987
999.998
999.99
999.954
999.908
999.966
999.97
999.952
999.919
999.806
997.981
997.981
999.402
999.744
998.958
998.998
1000
1000
1000
1000
1000
1000
1000
1000
1000
1000
1000
1000
1000
1000
1000
1000
1000
1000
1000
1000
1000
1000
1000
1000
1000
1000
1000
1000
1000
1000
1000
1000
1000
1000
1000
1000
999.992
999.992
1000
1000
1000
1000
1000
1000
1000
1000
1000
1000
1000
1000
1000
1000
999.935
999.966
999.983
999.931
999.945
999.853
999.999
999.391
999.801
999.927
999.766
999.6
999.28
1000
999.205
999.856
999.927
999.921
999.456
999.167
996.041
997.535
994.996
995.004
993.528
994.378
997.817
917.944
920.518
920.89
920.6
921.507
925.323
924.583
1000
1000
1000
1000
1000
1000
1000
1000
1000
1000
1000
1000
1000
1000
1000
1000
1000
1000
1000
1000
1000
1000
1000
1000
1000
1000
1000
1000
999.11
999.391
999.795
999.892
999.94
999.962
999.974
916.1
919.975
923.705
926.252
927.916
928.737
928.772
1000
1000
1000
1000
1000
1000
1000
1000
1000
1000
1000
1000
1000
1000
1000
1000
1000
1000
1000
1000
1000
1000
1000
1000
1000
1000
1000
1000
999.932
999.826
999.682
999.097
998.194
998.419
998.307
927.663
926.333
923.436
921.206
920.133
919.306
918.582
1000
1000
1000
1000
1000
1000
1000
1000
1000
999.601
999.971
999.983
999.982
999.999
1000
1000
998.894
999.625
999.881
999.938
999.996
1000
1000
998.865
999.429
999.878
999.997
999.999
1000
1000
998.284
997.378
996.604
996.274
998.044
999.521
999.303
927.7
924.226
923.495
921.558
918.958
921.177
917.527
999.653
1000
1000
1000
1000
1000
999.998
1000
1000
999.943
999.703
999.97
999.999
1000
999.813
999.556
999.571
999.347
999.821
998.7
998.713
999.695
999.136
999.146
999.899
999.94
1000
1000
878.116
863.261
865.56
866.686
868.606
881.039
877.406
769.529
787.414
786.421
785.388
781.024
766.528
764.207
503.868
503.114
503.108
502.809
502.705
505.785
503.047
48.0913
48.4379
49.6991
50.3704
50.927
50.8
50.6098
1.00095
1.00093
1.00091
1.00087
1.00095
1.00119
1.00114
1
1
1
1
1
1.00001
1.00001
1
1
1
1
1
1
1
1
1
1
1
1
1
1
1
1
1
1
1
1
1
1
1
1
1
1
1
1
862.376
859.627
855.098
855.879
856.7
856.984
856.546
772.245
770.787
770.772
767.558
766.009
767.427
771.023
497.961
497.401
497.68
497.967
499.485
500.531
501.126
44.0075
42.7226
41.2715
40.8839
41.2871
41.9986
42.8736
1.00143
1.00122
1.00107
1.00088
1.00075
1.00072
1.0007
1.00001
1.00001
1.00001
1
1
1
1
1
1
1
1
1
1
1
1
1
1
1
1
1
1
1
1
1
1
1
1
1
1
1
1
1
1
1
1
858.547
862.886
863.246
872.852
871.552
867.338
868.024
772.971
773.831
781.857
769.751
772.07
782.786
781.97
501.219
500.057
494.975
501.002
502.735
502.373
501.92
43.3765
43.7624
43.9867
43.9762
43.8321
44.476
45.8901
1.00071
1.00078
1.00083
1.00087
1.00102
1.00108
1.00108
1
1
1
1
1
1.00001
1.00001
1
1
1
1
1
1
1
1
1
1
1
1
1
1
1
1
1
1
1
1
1
1
1
1
1
1
1
1
873.082
876.628
878.393
879.341
876.963
864.079
859.545
764.486
762.895
758.249
753.634
756.259
772.089
777.359
501.591
501.26
499.433
498.535
498.622
496.37
495.682
50.3875
49.3246
48.3227
47.2618
46.3154
45.8175
45.2879
1.00115
1.00119
1.00126
1.00135
1.00142
1.00148
1.00153
1.00001
1.00001
1.00001
1.00001
1.00001
1.00001
1.00001
1
1
1
1
1
1
1
1
1
1
1
1
1
1
1
1
1
1
1
1
1
1
1
1
1
1
1
1
)
;
    }
    inlet
    {
        type            calculated;
        value           nonuniform 0();
    }
    procBoundary3to2
    {
        type            processor;
        value           nonuniform List<scalar> 
729
(
990.713
980.5
981.417
993.381
996.698
999.999
1000
857.923
779.1
768.07
833.887
963.706
996.432
1000
633.221
510.449
445.212
616.454
873.914
996.197
1000
506.082
361.31
346.521
557.152
865.046
991.225
1000
623.992
627.652
619.5
635.818
845.997
992.699
1000
831.412
696.376
712.032
778.764
936.222
995.383
1000
983.729
965.33
957.929
980.144
991.406
999.982
1000
1000
1000
1000
999.979
999.81
999.927
999.794
998.712
1000
1000
1000
1000
1000
1000
1000
999.997
1000
1000
1000
1000
1000
1000
1000
1000
1000
1000
1000
1000
1000
1000
1000
1000
1000
1000
1000
1000
1000
1000
1000
1000
1000
1000
1000
1000
1000
1000
1000
1000
1000
1000
1000
1000
999.991
1000
1000
1000
999.95
1000
1000
1000
1000
1000
1000
1000
985.757
999.999
1000
1000
1000
1000
999.999
1000
921.852
999.864
999.999
1000
999.999
999.977
999.985
1000
890.761
999.62
999.997
1000
1000
999.997
1000
999.966
930.3
999.953
999.999
1000
1000
999.999
999.999
999.986
986.731
1000
1000
1000
1000
1000
999.999
999.999
999.653
1000
1000
1000
1000
1000
1000
1000
1000
1000
1000
1000
1000
999.985
999.974
1000
1000
1000
1000
1000
999.972
999.976
997.424
999.893
1000
1000
1000
999.993
999.847
999.93
997.325
999.517
999.999
999.998
999.98
1000
1000
999.988
997.834
998.752
1000
999.991
999.914
999.937
998.036
999.635
999.716
998.417
1000
999.999
1000
999.841
995.917
997.253
996.879
996.878
1000
1000
1000
999.868
998.305
999.193
997.139
996.878
1000
1000
1000
999.996
999.996
999.944
999.864
999.984
1000
1000
1000
999.992
999.95
999.571
999.598
998.092
1000
1000
1000
1000
999.919
999.571
999.731
997.571
1000
1000
1000
999.998
999.953
999.952
999.961
999.704
1000
1000
1000
1000
999.997
999.895
999.998
1000
999.992
1000
1000
1000
1000
999.998
999.999
999.999
999.998
1000
1000
1000
1000
1000
1000
1000
1000
1000
1000
1000
1000
1000
1000
1000
1000
1000
1000
1000
1000
1000
1000
1000
1000
1000
1000
1000
1000
1000
1000
1000
1000
1000
1000
1000
1000
1000
1000
1000
1000
1000
1000
1000
1000
1000
1000
1000
1000
1000
1000
1000
1000
1000
1000
1000
1000
1000
1000
1000
1000
1000
1000
1000
1000
1000
1000
1000
1000
1000
1000
1000
1000
1000
1000
1000
1000
1000
1000
1000
1000
1000
1000
1000
1000
1000
1000
1000
1000
1000
1000
1000
1000
1000
1000
1000
1000
1000
1000
1000
1000
1000
1000
1000
1000
1000
1000
1000
1000
1000
1000
1000
1000
1000
1000
1000
1000
1000
1000
1000
1000
1000
1000
1000
1000
1000
1000
1000
1000
1000
1000
1000
1000
1000
1000
1000
1000
1000
1000
1000
1000
1000
1000
1000
1000
1000
1000
1000
1000
1000
1000
1000
1000
1000
1000
1000
1000
1000
1000
1000
1000
1000
1000
1000
1000
1000
1000
1000
1000
1000
1000
1000
1000
1000
1000
1000
1000
1000
1000
1000
1000
1000
1000
1000
1000
1000
1000
1000
1000
1000
1000
1000
1000
1000
1000
1000
1000
1000
1000
1000
1000
1000
1000
1000
1000
1000
1000
1000
1000
1000
1000
1000
1000
1000
1000
1000
1000
1000
1000
1000
1000
1000
1000
1000
1000
1000
1000
1000
1000
1000
1000
1000
1000
1000
1000
1000
1000
1000
1000
1000
1000
1000
1000
1000
1000
1000
1000
1000
1000
1000
1000
1000
1000
1000
1000
1000
1000
1000
1000
1000
1000
1000
1000
1000
1000
1000
1000
1000
1000
1000
1000
1000
1000
1000
1000
1000
1000
1000
1000
1000
1000
1000
1000
1000
1000
1000
1000
1000
1000
1000
1000
1000
1000
1000
1000
1000
1000
1000
1000
1000
1000
1000
1000
1000
1000
1000
1000
1000
1000
1000
1000
1000
1000
1000
1000
1000
1000
1000
1000
1000
1000
1000
1000
1000
1000
1000
1000
1000
1000
1000
1000
1000
1000
1000
1000
1000
1000
1000
1000
1000
1000
1000
1000
1000
1000
1000
1000
1000
1000
1000
1000
1000
1000
1000
1000
1000
1000
1000
1000
1000
1000
1000
1000
1000
1000
1000
1000
1000
1000
1000
1000
1000
1000
1000
1000
1000
1000
1000
1000
1000
1000
1000
1000
1000
1000
1000
1000
1000
1000
1000
1000
1000
1000
1000
1000
1000
1000
1000
1000
1000
1000
1000
1000
1000
1000
1000
1000
1000
1000
1000
1000
1000
1000
1000
1000
1000
1000
1000
1000
1000
1000
1000
1000
1000
1000
1000
1000
1000
1000
1000
1000
1000
1000
1000
1000
1000
1000
1000
1000
1000
1000
1000
1000
1000
1000
1000
1000
1000
1000
1000
1000
1000
1000
1000
1000
1000
1000
1000
1000
1000
1000
1000
1000
1000
)
;
    }
}


// ************************************************************************* //
