/*--------------------------------*- C++ -*----------------------------------*\
| =========                 |                                                 |
| \\      /  F ield         | OpenFOAM: The Open Source CFD Toolbox           |
|  \\    /   O peration     | Version:  plus.master.MPPICInterFoam            |
|   \\  /    A nd           | Web:      www.OpenFOAM.com                      |
|    \\/     M anipulation  |                                                 |
\*---------------------------------------------------------------------------*/
FoamFile
{
    version     2.0;
    format      ascii;
    class       Cloud<basicKinematicMPPICParcel>;
    location    "10.2/lagrangian/kinematicCloud";
    object      positions;
}
// * * * * * * * * * * * * * * * * * * * * * * * * * * * * * * * * * * * * * //

2487
(
(0.060504 -0.00819685 0.25141) 412
(0.0613196 -0.00828834 0.252246) 412
(0.0583354 -0.00859713 0.251928) 411
(0.0583676 -0.00830516 0.252048) 411
(0.0621428 -0.00745624 0.25489) 468
(0.0636282 -0.011355 0.255742) 468
(0.0596612 -0.00944124 0.254258) 468
(0.0606469 -0.00898532 0.257192) 468
(-0.0591659 0.00219329 0.271729) 1283
(0.0616439 -0.0117366 0.258037) 468
(0.0597684 -0.0110738 0.257468) 468
(0.0555846 -0.0105586 0.257342) 467
(0.0605119 -0.0130109 0.259253) 468
(-0.0583001 0.00187257 0.273749) 1283
(-0.0616432 -0.00307833 0.273789) 1284
(0.0634598 -0.0120737 0.256902) 468
(0.0632254 -0.0116024 0.259193) 468
(0.0644273 -0.00972974 0.263474) 468
(0.0606568 -0.0125381 0.258407) 468
(0.0613848 -0.0129333 0.262432) 468
(0.0568425 -0.0115467 0.263867) 467
(-0.0594818 0.00257565 0.275013) 1339
(0.057806 -0.0105222 0.265054) 523
(0.0586666 -0.0146396 0.259181) 468
(-0.0563752 0.00210849 0.274597) 1339
(0.064271 -0.0107044 0.260602) 469
(0.0606122 -0.0137429 0.259351) 468
(0.055874 -0.010765 0.261972) 467
(0.060148 -0.0141361 0.259028) 468
(0.0579277 -0.00940326 0.265063) 523
(0.0560241 -0.00104855 0.260228) 475
(-0.0546554 -0.000591436 0.275363) 1339
(-0.0538601 0.00129743 0.275622) 1338
(-0.0541598 0.00281496 0.275161) 1339
(-0.0558226 0.00348521 0.275483) 1339
(-0.0613185 -0.00163127 0.276877) 1340
(0.0582589 -0.0154242 0.260354) 468
(0.0570219 -0.0146361 0.26349) 467
(0.0569889 -0.000996709 0.26196) 475
(0.0620732 0.000165589 0.261757) 476
(0.0574777 -0.0169004 0.263491) 468
(0.0529556 -0.000886399 0.260737) 474
(-0.0551179 0.00270776 0.278266) 1339
(0.0519187 -0.0140811 0.260879) 466
(-0.0579072 0.00217267 0.275435) 1339
(0.0505944 -0.0117341 0.264799) 522
(-0.0634542 -0.00208081 0.279157) 1340
(0.0540534 -0.0124941 0.266297) 523
(-0.0584992 -0.00195309 0.276331) 1339
(-0.0577388 0.0025936 0.275718) 1339
(0.0545979 -0.0124257 0.266709) 523
(0.0623465 -0.000649597 0.262912) 476
(-0.0593065 0.00245311 0.276839) 1339
(0.0566931 -0.0139413 0.264591) 523
(0.0539103 -0.0112115 0.267128) 523
(0.0570963 -0.000959637 0.263795) 475
(0.0517577 -0.0181391 0.262181) 459
(-0.0608347 0.000967394 0.278003) 1340
(0.0561893 -0.000982718 0.263693) 475
(-0.0594898 -0.00297617 0.277558) 1339
(-0.0381063 -0.0386204 0.282093) 2066
(0.0601244 -0.0165098 0.265557) 524
(0.0595082 0.00211312 0.262686) 475
(-0.0404438 -0.0318561 0.279534) 1362
(0.0522652 -0.0117907 0.267643) 522
(0.054301 -0.0147455 0.262905) 467
(0.0569714 -0.0156468 0.265711) 523
(0.0596198 0.00040444 0.263203) 476
(-0.0390839 -0.0356424 0.281186) 1362
(-0.0564804 -0.00964049 0.28301) 1347
(-0.054956 0.00367136 0.279306) 1339
(0.0631952 0.00189714 0.264111) 532
(0.0547286 0.00150044 0.262364) 475
(-0.0395122 -0.0324753 0.280774) 1362
(0.0527185 -0.0121198 0.268807) 522
(-0.0415752 -0.0324739 0.281414) 1362
(-0.0554364 -0.00934289 0.283099) 1347
(0.0585209 -0.0166746 0.266311) 524
(0.0596485 0.000325124 0.263992) 476
(-0.0521841 -0.0137554 0.282717) 1346
(0.057881 -0.00718522 0.269391) 523
(0.0517891 -0.0141459 0.264176) 522
(0.0636733 -0.0127223 0.263982) 468
(-0.0584762 0.0120692 0.278928) 1332
(-0.0286651 -0.0451693 0.282461) 2066
(-0.050676 0.0291085 0.278688) 1323
(-0.0566308 0.0148941 0.278353) 1331
(0.0525279 -0.0138687 0.26466) 523
(0.052197 -0.0117989 0.269514) 522
(0.050963 -0.0135604 0.267845) 522
(-0.0393228 -0.0340449 0.282499) 1362
(0.0532746 -0.0155922 0.267527) 523
(0.0591979 -0.0164999 0.267097) 524
(-0.0541236 0.00313835 0.279794) 1339
(-0.051287 -0.0126358 0.281785) 1346
(-0.0579139 0.0158475 0.27981) 1332
(0.0557631 -0.0195318 0.267622) 515
(-0.0559285 0.0152431 0.281126) 1331
(-0.0532846 0.0134809 0.279355) 1331
(0.0586401 -0.0171513 0.267494) 524
(-0.0192307 -0.0549505 0.280057) 2075
(-0.0288002 -0.0447873 0.284179) 2122
(-0.0272306 -0.0450045 0.28357) 2074
(-0.0531315 0.0145754 0.27951) 1331
(-0.0313968 -0.044324 0.283899) 2123
(-0.0272082 -0.0434513 0.283606) 2074
(-0.0285323 -0.043346 0.284214) 2122
(-0.0247498 -0.0453976 0.283872) 2130
(-0.0506446 -0.0151384 0.283543) 1346
(-0.0480559 0.0305049 0.281169) 1315
(-0.0304733 -0.0424544 0.283887) 2122
(0.0560298 -0.0157162 0.268835) 523
(0.059062 -0.0188918 0.267968) 524
(-0.0597615 0.000864379 0.280849) 1340
(0.0546374 -0.0162441 0.269398) 523
(0.0602619 -0.0139736 0.266577) 524
(-0.0384908 -0.0326722 0.284304) 1418
(-0.0490426 -0.0145897 0.285187) 1402
(-0.0562315 -0.00264999 0.280645) 1339
(-0.0561203 0.0123066 0.280521) 1331
(-0.038167 -0.0321747 0.284034) 1418
(0.057255 -0.0157474 0.269183) 523
(-0.0486915 0.0278424 0.282641) 1323
(0.0550961 -0.016335 0.269693) 523
(-0.0599687 -0.00268838 0.281544) 1340
(0.0627757 0.00310273 0.268035) 532
(-0.0280078 -0.0472366 0.287469) 2131
(-0.0312562 -0.0431907 0.285468) 2122
(0.0526567 -0.014487 0.273543) 523
(-0.0498981 -0.0131656 0.284537) 1402
(0.0534991 -0.0174656 0.27033) 523
(-0.0520815 0.0126995 0.282184) 1330
(0.0602712 -0.00968136 0.267927) 524
(0.0520364 -0.0170543 0.270924) 523
(0.056731 0.00325682 0.267612) 531
(-0.055416 -0.00129514 0.281904) 1339
(-0.0551367 0.0117322 0.281583) 1331
(-0.0574216 0.0121765 0.281981) 1331
(-0.0527124 -0.0113283 0.285483) 1402
(0.0497604 -0.0157309 0.273232) 522
(0.0543619 -0.0160686 0.270761) 523
(-0.0535784 0.0110558 0.283385) 1331
(0.0593035 0.00220919 0.267612) 531
(-0.00628685 -0.0590459 0.280008) 2091
(-0.0500086 -0.0156753 0.28517) 1402
(-0.0595856 -0.00529196 0.284725) 1396
(0.0593134 -0.000152479 0.267913) 531
(-0.0048666 -0.0568999 0.283547) 2091
(-0.00589567 -0.0573401 0.279167) 2091
(-0.0510263 -0.0104809 0.286469) 1402
(0.0530643 -0.00164919 0.26942) 530
(0.0530838 -0.0105626 0.26864) 523
(-0.0270966 -0.0443194 0.286849) 2130
(-0.0260334 -0.0434758 0.285796) 2130
(-0.0283708 -0.0468936 0.288871) 2131
(-0.0627433 -0.00266454 0.284265) 1396
(-0.0474146 -0.0137901 0.287143) 1402
(0.0486717 -0.0139676 0.274408) 578
(0.0514364 -0.0156449 0.272075) 522
(-0.00468793 -0.0544181 0.28387) 2147
(0.0593564 0.000227496 0.26849) 531
(0.0585999 -0.015743 0.275926) 580
(-0.0549545 0.00179573 0.285399) 1395
(-0.0473132 0.0285478 0.284324) 1379
(-0.0494804 0.0279022 0.283475) 1323
(-0.0470558 -0.0154857 0.287402) 1402
(-0.0394587 -0.0320798 0.286169) 1418
(-0.0555823 0.00138818 0.283232) 1339
(-0.0481251 -0.0114722 0.288208) 1402
(-0.0466507 -0.0143095 0.287845) 1401
(0.0544022 -0.00173826 0.27105) 531
(-0.046484 0.0285884 0.284074) 1379
(-0.0241624 -0.0465695 0.28783) 2130
(0.0496146 -0.0169849 0.273224) 522
(-0.0469814 0.0284557 0.285018) 1379
(0.0575453 -0.000680314 0.269603) 531
(-0.0509114 0.0258966 0.283646) 1323
(0.0584183 -0.00887063 0.269362) 523
(-0.0608732 0.0111631 0.284802) 1388
(0.0530138 -0.018557 0.2726) 515
(0.0541075 -0.015385 0.272683) 523
(0.0555067 -0.0120538 0.271976) 523
(-0.0480047 -0.0177375 0.288312) 1410
(0.05101 -0.014617 0.275045) 578
(0.0533761 -0.0165035 0.272647) 523
(-0.0348083 -0.03348 0.287392) 1417
(-0.0539693 0.0114551 0.284241) 1387
(0.0492342 -0.0150414 0.274557) 578
(-0.0605286 0.00402702 0.285587) 1396
(-0.0405452 -0.0417281 0.285644) 2123
(-0.0459922 -0.013704 0.290015) 1401
(-0.0507922 0.000625563 0.287067) 1394
(0.0531586 -0.0154407 0.273198) 523
(-0.0553502 3.54307e-05 0.28699) 1395
(-0.0596271 -0.00553694 0.287333) 1396
(0.0595916 -0.00200577 0.27231) 532
(-0.0539367 -0.0120727 0.289189) 1403
(-0.0557969 -0.0109674 0.290067) 1403
(0.0507507 -0.0159063 0.273808) 522
(0.0531119 -0.0129762 0.272068) 523
(-0.0478504 0.0278712 0.287042) 1379
(-0.0559189 0.00387624 0.286376) 1395
(-0.056031 0.0107976 0.285158) 1387
(0.046751 -0.0115789 0.275117) 577
(-0.049459 0.0237645 0.286179) 1379
(-0.0556247 0.00275177 0.285671) 1395
(-0.0286362 -0.042502 0.289831) 2122
(-0.0402802 -0.033243 0.29039) 1418
(-0.0397782 -0.0315438 0.289799) 1418
(-0.0472941 -0.00902638 0.29043) 1401
(-0.0484079 -0.0143155 0.288329) 1402
(0.0495333 -0.0174229 0.274533) 570
(0.0560786 -0.0019659 0.273321) 531
(-0.0601853 0.00201443 0.286267) 1396
(-0.0503171 -0.000590541 0.288565) 1394
(0.0510131 -0.0148866 0.275123) 578
(0.0531135 -0.014075 0.273934) 579
(-0.0548904 0.00283189 0.287497) 1395
(-0.0496164 -0.0111911 0.288413) 1402
(0.0598514 -0.00950586 0.274815) 580
(-0.0585863 0.00492767 0.287835) 1395
(-0.0558788 0.0193952 0.28703) 1387
(-0.0189837 -0.0535021 0.285478) 2131
(-0.0476521 -0.0160191 0.288756) 1402
(-0.0520928 0.0148238 0.285736) 1386
(0.00932148 -0.0553926 0.287016) 2155
(-0.056627 0.0118791 0.285997) 1387
(-0.027493 -0.040316 0.289373) 2121
(-0.0276462 -0.0408853 0.289123) 2122
(-0.0496205 0.00533362 0.28858) 1394
(0.0488884 -0.0159357 0.27784) 578
(-0.00496945 -0.0519217 0.287146) 2146
(-0.0554534 0.0136134 0.28626) 1387
(-0.0285992 -0.0429008 0.291076) 2122
(-0.046112 -0.016841 0.290672) 1410
(0.0519656 -0.0136755 0.275132) 578
(0.0498537 -0.0112697 0.272138) 522
(-0.042123 -0.0370655 0.288341) 1419
(-0.00185424 -0.0579303 0.28814) 2147
(-0.0500361 -0.011153 0.289272) 1402
(0.0523551 -0.0157976 0.275268) 579
(-0.00469873 -0.0517015 0.287304) 2146
(0.0536932 -0.0131557 0.274817) 579
(-0.0527984 0.017375 0.289222) 1387
(-0.04937 -0.0267179 0.288336) 1411
(-0.0417491 -0.0359203 0.286372) 1419
(-0.0533369 0.00269233 0.290569) 1394
(-0.0506448 -0.0117403 0.289625) 1402
(0.049316 -0.0159025 0.278319) 578
(0.0519921 -0.00224193 0.272878) 530
(-0.0290928 -0.0438727 0.292287) 2122
(0.055509 -0.0103813 0.274941) 579
(-0.00523359 -0.0518712 0.287969) 2146
(-0.0399726 -0.0378206 0.287159) 1419
(-0.0516327 0.00584916 0.291154) 1386
(0.0488346 -0.0161524 0.276972) 578
(-0.0407139 -0.0379877 0.289437) 1419
(0.0204064 -0.0539983 0.288981) 2163
(-0.0400079 -0.0327798 0.290748) 1418
(0.0531153 -0.0127716 0.275301) 579
(-0.0413128 -0.0362245 0.288642) 1419
(-0.0554318 -0.0136644 0.289107) 1403
(-0.0471576 -0.0234733 0.286997) 1410
(0.0552768 -0.00150847 0.273538) 531
(-0.0520041 0.0054399 0.291195) 1394
(0.0477184 -0.0149051 0.277253) 578
(-0.00482836 -0.052918 0.288457) 2146
(-0.0492994 -0.0246224 0.28833) 1411
(-0.0522442 0.004256 0.291889) 1394
(-0.0473132 -0.0126278 0.291028) 1402
(0.0542273 -0.0103356 0.275363) 579
(-0.00248614 -0.0519261 0.288409) 2146
(-0.00486063 -0.0508157 0.28884) 2146
(-0.00386261 -0.052479 0.288537) 2146
(-0.058697 0.000629183 0.287954) 1395
(0.0542139 -0.0104578 0.276265) 579
(-0.0557432 0.00402487 0.290488) 1395
(0.0549837 -0.00251832 0.275351) 587
(-0.0591983 -0.00157577 0.28837) 1395
(-0.0535578 -0.0103163 0.294731) 1459
(-0.0526119 0.00102862 0.291557) 1394
(0.0480522 -0.0142723 0.280239) 578
(0.0525686 -0.0123428 0.277016) 578
(-0.0464967 0.0296407 0.290688) 1371
(-0.0394762 -0.0289276 0.291971) 1418
(-0.0531803 0.00300544 0.292082) 1394
(0.0530501 -0.0103412 0.276813) 578
(0.0216659 -0.0474128 0.287661) 2162
(-0.0552937 0.0122553 0.288892) 1387
(0.0511358 -0.0135244 0.276834) 578
(0.0533898 -0.00983415 0.276994) 579
(-0.0549138 0.00360533 0.291092) 1395
(-0.0518651 0.0126107 0.289257) 1386
(-0.0152921 -0.0535146 0.289634) 2139
(-0.0515221 0.000836985 0.291821) 1394
(0.0523751 -0.0122042 0.277629) 578
(0.0519898 -0.0128833 0.277619) 578
(0.0517367 -0.0132735 0.277643) 578
(-0.0542446 0.0167288 0.288917) 1387
(-0.0507132 -0.0143711 0.295205) 1458
(-0.0516449 0.000185448 0.291992) 1394
(-0.0522388 -0.0147713 0.292854) 1403
(-0.05556 -0.00164063 0.292314) 1395
(-0.0307375 0.0452449 0.292289) 2955
(-0.0392553 -0.0363815 0.293796) 1474
(-0.0546227 0.00318195 0.291672) 1395
(-0.0154278 -0.0533467 0.290378) 2139
(-0.0178394 -0.0544218 0.289021) 2139
(-0.0394926 -0.0345915 0.293341) 1418
(-0.055844 -0.0102436 0.291532) 1403
(-0.0387995 -0.0299242 0.293807) 1474
(0.0508497 -0.0134497 0.278753) 578
(-0.0152252 -0.049798 0.290731) 2138
(0.0221962 -0.0510059 0.291138) 2163
(0.0575704 -0.00608152 0.276819) 587
(-0.063057 -0.00214345 0.290048) 1396
(0.0509565 -0.0128421 0.280755) 578
(0.051332 -0.0140434 0.27821) 578
(0.0551252 -0.00707267 0.277879) 579
(-0.0549819 0.00375328 0.292123) 1395
(-0.0457366 -0.0272952 0.289605) 1410
(0.05188 -0.0116282 0.279938) 578
(0.052066 -0.0115408 0.279036) 578
(-0.0465931 -0.0088324 0.294548) 1457
(0.0513951 -0.0124277 0.279122) 578
(0.0505815 -0.0132924 0.279023) 578
(-0.0382708 -0.0370931 0.290555) 1418
(0.0218347 -0.0504802 0.291356) 2163
(0.0595095 -0.00213248 0.278495) 587
(0.0577213 -0.0132003 0.278049) 579
(-0.0506278 0.00647982 0.293949) 1442
(0.0516016 -0.0189255 0.278915) 571
(-0.0527815 0.0127397 0.291954) 1387
(-0.0149748 -0.0531361 0.290778) 2139
(-0.00363555 -0.0545017 0.291738) 2147
(-0.0204487 -0.0529083 0.289938) 2131
(-0.0551838 -0.000917875 0.294067) 1451
(0.0499014 -0.0138397 0.279397) 578
(-0.0188233 -0.0505468 0.292142) 2130
(-0.0591857 0.00539012 0.29277) 1395
(-0.0356469 -0.0310329 0.293779) 1473
(-0.0460442 -0.00917593 0.2954) 1457
(-0.0383398 0.0366869 0.292917) 1370
(-0.0386807 -0.0370122 0.292107) 1418
(-0.0527835 -0.0129638 0.290867) 1403
(0.0200153 -0.0547513 0.292344) 2163
(-0.0497431 -0.0103637 0.293423) 1402
(0.0503364 -0.0135008 0.279863) 578
(0.050575 -0.0130789 0.279573) 578
(-0.0157954 -0.0501897 0.291967) 2138
(-0.014631 -0.0546404 0.293896) 2195
(-0.0527854 -0.0146426 0.295008) 1459
(0.0464514 -0.00850216 0.281175) 577
(0.0503936 -0.0140675 0.279983) 578
(-0.0172963 -0.0495018 0.292681) 2138
(0.0534594 -0.00225345 0.277868) 586
(-0.0531613 0.0122899 0.291072) 1387
(-0.0578087 0.0105106 0.291731) 1387
(-0.0563325 0.00484725 0.291631) 1395
(-0.022397 -0.0528506 0.291037) 2131
(-0.0571716 -0.0169247 0.291863) 1403
(-0.0547291 -0.00907761 0.295612) 1459
(0.0571419 -0.00988739 0.281381) 579
(-0.0585784 -0.0104493 0.294072) 1459
(-0.0145064 -0.0528903 0.291462) 2139
(0.0203 -0.0516403 0.291976) 2163
(-0.0234318 -0.0551489 0.291555) 2132
(-0.0533841 -0.0129788 0.295511) 1459
(-0.00333162 -0.0517793 0.294796) 2202
(-0.0171602 -0.0500589 0.293703) 2194
(-0.0402753 0.0375632 0.294448) 1427
(-0.018832 -0.0501786 0.293247) 2130
(0.0545055 -0.00614371 0.279026) 579
(-0.0368225 -0.0368423 0.291354) 2122
(0.0137554 -0.0552208 0.292926) 2155
(-0.0248592 -0.0420453 0.294791) 2185
(0.0496315 -0.0151096 0.281092) 578
(-0.0532122 0.002447 0.291778) 1394
(-0.0209574 -0.0518562 0.293414) 2131
(-0.0506993 0.0229682 0.292864) 1379
(-0.0580205 0.0103474 0.292557) 1387
(-0.0416679 -0.0367676 0.290976) 1419
(-0.0437596 0.0397577 0.290907) 1371
(-0.0521498 -0.0149147 0.292778) 1403
(-0.048069 0.00411969 0.295046) 1449
(-0.0480043 -0.0131682 0.294727) 1458
(-0.0403499 0.0384662 0.295742) 1427
(-0.0251561 -0.0413178 0.295315) 2185
(-0.0550714 -0.01091 0.294286) 1459
(-0.0219136 -0.0520617 0.293683) 2131
(-0.0551814 -0.0156485 0.296416) 1459
(-0.0173088 -0.0506179 0.29479) 2194
(-0.0530632 0.0106274 0.293773) 1442
(0.0540317 0.00783032 0.280518) 595
(-0.0528305 -0.00195102 0.291852) 1394
(-0.0469172 -0.0138254 0.296238) 1458
(-0.0374385 -0.0317033 0.295215) 1474
(0.0493623 -0.0150038 0.280807) 578
(-0.0401871 0.0407918 0.295853) 3011
(0.02342 -0.0494281 0.293323) 2163
(-0.0566471 0.0102899 0.2924) 1387
(-0.0240731 -0.043241 0.297342) 2186
(0.0207546 -0.0472407 0.292022) 2162
(-0.0575526 0.0165295 0.290488) 1388
(-0.0549512 -0.00242054 0.295716) 1451
(-0.0194283 -0.0526739 0.29669) 2187
(-0.0581473 -0.00505669 0.296207) 1451
(-0.0168751 -0.0509228 0.295266) 2194
(-0.0424643 -0.0350891 0.294557) 1475
(-0.0210058 -0.0516113 0.295074) 2187
(-0.0544757 0.00432994 0.293428) 1395
(-0.0462707 -0.0150179 0.298397) 1457
(-0.0543068 0.00341905 0.294983) 1451
(0.0581624 -0.0061762 0.281982) 587
(0.0230214 -0.0497386 0.294494) 2219
(-0.0378725 -0.0423022 0.292674) 2123
(0.0493201 -0.0133242 0.282201) 578
(0.0501139 -0.0129358 0.281022) 578
(-0.0196495 -0.0498697 0.294885) 2186
(-0.0212901 -0.0511838 0.29457) 2187
(0.0552241 -0.0057925 0.280357) 587
(-0.0593385 0.00449365 0.293869) 1451
(-0.0577793 -0.00334041 0.29321) 1395
(0.00806462 -0.0582069 0.292298) 2155
(-0.0377258 -0.0334838 0.29646) 1474
(0.0500927 -0.0140562 0.282691) 578
(-0.0149747 -0.0485395 0.294359) 2194
(-0.0143024 -0.0526529 0.293599) 2139
(-0.0369016 -0.0382155 0.292981) 2122
(-0.0474017 0.0262805 0.295403) 1435
(-0.0516786 0.0121201 0.293597) 1386
(-0.0451332 -0.034186 0.293825) 1475
(-0.0582479 0.00987524 0.294468) 1443
(-0.0491585 0.00491434 0.297739) 1450
(-0.0468571 -0.0171692 0.297658) 1466
(-0.0469621 -0.0120944 0.296735) 1457
(-0.0521217 -0.0167741 0.297623) 1459
(0.049942 -0.0151183 0.282657) 578
(-0.0395719 0.0345344 0.297132) 1426
(-0.0151724 -0.0483428 0.295319) 2194
(-0.0521721 -0.0172939 0.294344) 1459
(-0.0579735 -0.00339142 0.294247) 1451
(-0.059538 -0.00476539 0.294601) 1452
(0.0546006 -0.0203123 0.281411) 571
(-0.0528504 -0.00811392 0.297188) 1458
(0.0564502 0.0100507 0.28455) 651
(-0.0304199 -0.0431864 0.295055) 2178
(-0.0396447 0.0366243 0.296063) 1426
(0.00731232 -0.0507473 0.293925) 2210
(0.0107562 -0.0504792 0.296354) 2210
(-0.04266 -0.0419796 0.295185) 1476
(-0.0392945 -0.0357907 0.296184) 1474
(-0.0523439 0.00295843 0.294381) 1450
(-0.0148721 -0.0482062 0.295374) 2194
(-0.0541641 0.0192773 0.295615) 1435
(0.0541548 -0.00213865 0.281852) 587
(-0.0107141 -0.0586133 0.295442) 2196
(-0.00691881 -0.0569206 0.293972) 2195
(-0.0315705 -0.0505146 0.29264) 2131
(-0.0509891 -0.01021 0.296876) 1458
(-0.0376302 0.0369247 0.297993) 1426
(-0.018431 -0.0517681 0.297973) 2187
(-0.00206274 -0.0519397 0.297144) 2202
(-0.0154739 -0.0470883 0.295821) 2194
(-0.0169223 -0.0476427 0.296346) 2186
(-0.0588103 0.00551354 0.295484) 1451
(-0.0464802 -0.0283373 0.295509) 1467
(-0.00287368 -0.0554945 0.295673) 2203
(-0.0599586 0.00980538 0.296193) 1444
(-0.0568689 0.0108813 0.294961) 1443
(-0.0613171 0.0102572 0.296031) 1444
(-0.0473057 -0.0117603 0.300115) 1457
(-0.0493565 0.00276613 0.298839) 1450
(-0.0489598 0.00634604 0.298404) 1442
(-0.0505671 -0.0116197 0.297225) 1458
(-0.0374882 0.0369729 0.298182) 1426
(0.0130637 -0.0503723 0.297345) 2210
(-0.0320582 -0.0455551 0.29737) 2179
(-0.0306051 0.0429614 0.296892) 3010
(-0.0541758 0.00314334 0.296174) 1451
(0.00880356 -0.049441 0.29503) 2210
(-0.0495165 0.00491849 0.299233) 1450
(-0.0493102 -0.00949538 0.296976) 1458
(0.0503192 -0.0131436 0.285774) 634
(-0.0557948 -0.00400292 0.296696) 1451
(-0.0153823 -0.0466019 0.296024) 2194
(0.0409308 -0.0350604 0.295669) 674
(-0.0501691 0.0120736 0.294802) 1442
(0.00930208 -0.0469432 0.29498) 2209
(-0.0429985 -0.036211 0.294292) 1475
(-0.051371 -0.0137812 0.298219) 1458
(-0.0471978 0.00188395 0.297955) 1449
(-0.0513094 -0.00223273 0.297871) 1450
(-0.0168315 -0.0473115 0.296933) 2186
(-0.0151798 -0.0465187 0.296614) 2193
(-0.015529 -0.0469026 0.296483) 2194
(0.0569363 -0.0145972 0.285018) 635
(-0.0594432 0.00561409 0.297267) 1451
(-0.0197778 -0.0490693 0.296542) 2186
(-0.0281265 -0.0467033 0.295917) 2187
(-0.0514962 0.00285347 0.294609) 1450
(-0.0399896 -0.0348625 0.294328) 1474
(-0.00224274 -0.0573373 0.294845) 2203
(-0.0486275 0.00174002 0.297733) 1449
(0.048174 -0.0168605 0.284353) 626
(0.0134417 -0.0496243 0.297959) 2210
(-0.0373882 -0.0383887 0.296782) 2178
(-0.0554041 -0.0103521 0.297311) 1459
(-0.017335 -0.0466193 0.296871) 2186
(-0.0385719 -0.0418651 0.296323) 2179
(-0.0500549 -0.0217879 0.296597) 1467
(-0.0555269 -0.010145 0.296462) 1459
(0.0564803 -0.00276922 0.283624) 587
(-0.0411416 -0.0393973 0.295012) 1475
(-0.0539923 -0.0156194 0.294079) 1459
(-0.0409967 -0.030075 0.30039) 1474
(0.0484723 -0.0124113 0.28496) 634
(-0.0536751 0.00340485 0.297278) 1450
(-0.00763881 -0.0527305 0.297854) 2194
(-0.013612 -0.0443693 0.296256) 2193
(0.0475114 -0.0303927 0.295316) 675
(-0.0382084 -0.0286516 0.29886) 1473
(-0.0469857 0.0153321 0.299258) 1442
(-0.0461138 -0.0135553 0.298602) 1457
(0.0488196 -0.0139647 0.285183) 634
(0.0149955 -0.0547357 0.299562) 2211
(0.0152831 -0.0531011 0.298576) 2211
(-0.0467056 0.0293071 0.297952) 1435
(-0.0140346 -0.0434611 0.297086) 2193
(-0.0194089 -0.0486251 0.296894) 2186
(-0.0201792 -0.049033 0.296912) 2186
(-0.0225468 -0.0510919 0.296243) 2187
(-0.0507763 0.0246 0.296224) 1435
(-0.0592541 -0.00548176 0.296176) 1451
(-0.0485947 0.00162173 0.299656) 1449
(-0.045792 -0.00968139 0.299846) 1457
(-0.028754 -0.0403029 0.299124) 2178
(0.0147943 -0.0545247 0.299664) 2211
(-0.0140828 -0.0459272 0.296767) 2193
(0.0591185 0.00165079 0.285238) 643
(0.0135254 -0.056865 0.296579) 2211
(-0.0444372 -0.0386803 0.295763) 1475
(-0.0472205 0.0113925 0.29954) 1441
(0.0471312 -0.0164915 0.285138) 634
(-0.0275474 -0.0479246 0.29798) 2187
(-0.053108 -0.00919374 0.296644) 1458
(-0.0416908 0.0371271 0.298033) 1427
(-0.0131012 -0.0530928 0.297167) 2195
(0.0112806 -0.0542036 0.295848) 2211
(-0.0289008 -0.0420994 0.301603) 2178
(-0.0477924 -0.0108056 0.298833) 1458
(-0.00103277 -0.0531567 0.299327) 2202
(-0.0186422 -0.0491692 0.297642) 2186
(-0.0133107 -0.052538 0.297378) 2195
(0.0110255 -0.0544458 0.296039) 2211
(0.0549632 -0.0200772 0.284493) 627
(-0.035882 -0.0337084 0.301134) 1474
(-0.0182077 -0.0536951 0.300772) 2195
(-0.0376038 0.035722 0.299851) 1426
(0.0143723 -0.0538194 0.299879) 2211
(-0.0276011 0.0429061 0.298537) 3010
(-0.0491372 -0.0222751 0.297508) 1466
(-0.0205982 -0.0489803 0.297336) 2186
(-0.00304078 -0.0566964 0.29812) 2203
(0.00470048 -0.0575866 0.295949) 2203
(-0.00906632 -0.0555353 0.295861) 2195
(-0.0463048 -0.0154761 0.299971) 1457
(-0.0500327 -0.01243 0.298946) 1458
(-0.0140501 -0.0428577 0.298116) 2193
(0.053468 0.00888331 0.28519) 651
(-0.0408944 -0.0333965 0.297135) 1474
(-0.0540429 -0.00370595 0.296933) 1450
(-0.055898 -0.00962607 0.297791) 1459
(-0.0498532 -0.0242007 0.298109) 1467
(-0.0401523 -0.0428405 0.296967) 2179
(-0.0542289 -0.0151342 0.295362) 1459
(-0.0476719 0.0158365 0.300979) 1442
(0.00958835 -0.0514997 0.299264) 2210
(-0.00184009 -0.0494156 0.299271) 2202
(-0.0549475 -0.0114759 0.299611) 1459
(-0.0392359 0.0327447 0.299544) 1426
(-0.0140305 -0.0423173 0.298429) 2193
(0.0418837 -0.0342596 0.297727) 675
(-0.0133441 -0.0538054 0.299079) 2195
(-0.0175342 -0.0472848 0.297131) 2186
(0.056237 -0.00990361 0.285454) 635
(0.0547606 0.00891412 0.28664) 651
(-0.0505226 -0.0146832 0.297835) 1458
(-0.0143688 -0.0469386 0.298026) 2194
(-0.0146327 -0.0431726 0.297946) 2193
(-0.0157846 -0.0451272 0.29806) 2193
(-0.0295079 -0.0423469 0.297542) 2178
(-0.0304044 -0.046182 0.297614) 2179
(-0.0130687 -0.0542436 0.298916) 2195
(-0.0150492 -0.0549968 0.297602) 2195
(-0.0308987 -0.04494 0.29803) 2179
(0.0036618 -0.058281 0.296619) 2203
(-0.0491191 -0.0131361 0.299403) 1458
(0.049541 -0.0107488 0.287159) 634
(-0.0551641 -0.0103216 0.301156) 1459
(-0.0530899 0.000203873 0.299398) 1450
(-0.052973 0.000567701 0.299102) 1450
(0.0570669 0.00911299 0.28842) 651
(-0.0382579 -0.0430377 0.298325) 2179
(-0.0516089 -0.0131488 0.297405) 1458
(-0.043307 -0.0201577 0.299939) 1465
(-0.0466546 -0.0143477 0.300441) 1457
(-0.046212 -0.0227188 0.297211) 1466
(-0.0131484 -0.0512988 0.297532) 2194
(-0.0581061 0.0117309 0.298532) 1443
(0.0500644 -0.0131402 0.288622) 634
(0.0022665 -0.056558 0.300649) 2203
(-0.018473 -0.0470517 0.298632) 2186
(-0.0549662 -0.016265 0.297133) 1459
(-0.0579396 -0.0136997 0.297632) 1460
(0.0463239 -0.0107661 0.290442) 633
(-0.0497056 0.0161703 0.302251) 1442
(-0.0516172 -0.0114023 0.300715) 1458
(0.0484403 -0.0116927 0.287644) 634
(-0.0286388 0.0444237 0.302094) 3010
(0.0116628 0.0536355 0.289402) 2923
(0.00840528 -0.0552794 0.301463) 2211
(-0.0439756 -0.0349411 0.298252) 1475
(-0.0560096 -0.0101772 0.299301) 1459
(-0.0504382 0.00486905 0.302883) 1450
(0.0528397 -0.00590974 0.2875) 642
(0.0115455 -0.0498994 0.300806) 2210
(-0.0336788 -0.045299 0.30113) 2179
(-0.0594452 -0.00638423 0.300828) 1451
(-0.0456282 -0.0243149 0.298836) 1466
(-0.013638 -0.0424819 0.299007) 2193
(-0.0523508 -0.00360334 0.297575) 1450
(-0.0129796 -0.0523851 0.298717) 2194
(-0.0547157 -0.00423459 0.297889) 1451
(-0.0566098 -0.00162735 0.298188) 1451
(-0.0245675 -0.0528105 0.298835) 2187
(-0.058333 -0.00538644 0.298437) 1451
(0.0411131 -0.0387811 0.298346) 675
(-0.0506876 0.0025416 0.300477) 1450
(0.0121021 -0.0518879 0.301223) 2210
(-0.0132815 -0.0432918 0.299354) 2193
(-0.0126592 -0.0539905 0.301163) 2195
(-0.0495218 -0.0220113 0.299335) 1467
(-0.00339523 -0.0498741 0.299349) 2202
(0.0118851 -0.0583478 0.297385) 2212
(0.0464496 -0.014249 0.287734) 633
(0.0148303 -0.0525817 0.301435) 2211
(-0.0429841 -0.0350192 0.29985) 1475
(0.0409342 -0.0335671 0.298916) 674
(0.0236577 -0.0483111 0.299187) 2218
(0.0550797 -0.0129031 0.287201) 635
(-0.0473077 0.010785 0.301653) 1441
(-0.00263015 0.0550373 0.289892) 2931
(-0.00185653 -0.0595272 0.298878) 2204
(-0.0424969 -0.0200711 0.301234) 1465
(-0.0372115 -0.0345442 0.301753) 1474
(-0.00280322 -0.0501124 0.301581) 2202
(0.0550128 0.00996309 0.288942) 651
(-0.0143869 -0.0428989 0.299985) 2193
(-0.0177378 -0.0458977 0.299887) 2186
(-0.05319 -0.022991 0.301956) 1467
(-0.0350941 -0.0466579 0.300132) 2179
(0.0120193 -0.0542631 0.29865) 2211
(0.000813171 0.0557294 0.290676) 2931
(-0.0504929 0.0124276 0.30026) 1442
(0.0565247 0.00807169 0.289743) 651
(0.00596829 -0.0594637 0.298125) 2203
(-0.0462673 0.0119756 0.302669) 1441
(0.046244 -0.0110363 0.288166) 633
(0.0123013 -0.0476597 0.301646) 2210
(0.00108594 0.0529413 0.289087) 2930
(-0.0511014 -0.00284807 0.298145) 1450
(-0.0396697 0.0393209 0.300411) 1427
(-0.0519947 -0.0179633 0.299507) 1459
(-0.0441713 -0.0382536 0.298475) 1475
(-0.0305856 0.0475023 0.299326) 3011
(-0.0529483 0.00119409 0.301135) 1450
(-0.0146744 -0.0429101 0.300534) 2193
(-0.0480794 -0.0228579 0.300596) 1466
(-0.0557639 0.00428556 0.300435) 1451
(-0.0575333 0.00802002 0.299942) 1443
(0.039942 -0.0391118 0.298855) 675
(-0.0455341 0.0129624 0.302807) 1441
(0.012093 0.0527818 0.291099) 2923
(-0.0478462 0.0243501 0.301446) 1434
(-0.00482168 -0.0497925 0.301671) 2202
(-0.026863 -0.0489114 0.301347) 2187
(-0.0204987 -0.0520288 0.301259) 2187
(-0.0493031 -0.0146532 0.29968) 1458
(-0.0289186 -0.0521441 0.302565) 2188
(-0.0467914 -0.03192 0.301061) 1475
(-0.0567868 0.00520168 0.300296) 1451
(-0.0507578 0.011847 0.299374) 1442
(-0.0420568 0.0381534 0.301134) 1427
(-0.0232142 -0.050732 0.299707) 2187
(-0.0579979 0.010595 0.299924) 1443
(-0.0421486 0.0409194 0.299616) 1427
(-0.0466198 0.0135251 0.303436) 1441
(-0.0251611 -0.0429735 0.302662) 2186
(-0.024469 -0.0428489 0.303562) 2186
(-0.0531243 0.00205484 0.302223) 1450
(-0.0511064 -0.00183977 0.299781) 1450
(-0.0179653 -0.0491266 0.301077) 2186
(-0.0147918 -0.051364 0.300869) 2194
(0.0490844 0.0204417 0.287812) 658
(-0.0418106 0.0367923 0.300665) 1427
(-0.00222777 -0.0545912 0.300417) 2203
(0.00884907 -0.0560924 0.298635) 2211
(-0.0400794 0.0336562 0.303071) 1426
(-0.0534905 -0.00920017 0.300346) 1459
(0.0551912 -0.013639 0.289163) 635
(-0.0506704 0.0216666 0.299814) 1435
(-0.0453805 -0.0354075 0.299804) 1475
(-0.0276849 0.0436286 0.303272) 3010
(0.0525013 0.00756681 0.288198) 650
(-0.0126878 -0.0550337 0.302498) 2195
(-0.0554022 -0.00136657 0.299886) 1451
(-0.0594949 -0.00333159 0.300587) 1451
(0.05326 -0.0239897 0.288582) 627
(0.00740748 -0.0566262 0.298513) 2211
(-0.0378848 0.0347913 0.303518) 1426
(-0.00603751 -0.0512131 0.300976) 2194
(-0.0441929 0.0349456 0.30119) 1427
(-0.00495819 -0.0554699 0.2991) 2203
(-0.0220029 -0.0551895 0.299886) 2187
(-0.0362771 -0.0320196 0.304365) 1529
(-0.0447205 -0.0092699 0.304058) 1513
(0.0125505 -0.0472318 0.302598) 2210
(-0.0498569 -0.0143068 0.300963) 1458
(0.0464115 -0.0148421 0.289216) 633
(-0.018286 -0.0495515 0.301995) 2186
(-0.0156791 -0.0536644 0.302315) 2195
(-0.0542728 0.0105641 0.300465) 1443
(-0.0322717 0.0431886 0.304367) 3066
(0.0142212 -0.0528744 0.303615) 2267
(-0.0471349 0.0309241 0.303228) 1427
(0.050645 -0.0091648 0.288302) 634
(-0.0360167 -0.0375671 0.301244) 2178
(0.045845 0.0262168 0.288842) 658
(-0.00178135 -0.0494904 0.301102) 2202
(-0.0499371 0.0145614 0.300408) 1442
(-0.0386748 -0.0336699 0.29953) 1474
(-0.0470496 0.014751 0.304854) 1498
(-0.0456183 0.0119681 0.303518) 1441
(-0.0291323 -0.0407123 0.303621) 2234
(0.0460666 -0.00862181 0.290187) 633
(0.0143361 -0.049888 0.302406) 2210
(0.051605 -0.00320008 0.288513) 642
(-0.0473547 -0.0226596 0.301641) 1466
(-0.0442002 0.0250138 0.300578) 1434
(-0.0593004 0.00507615 0.301651) 1451
(0.0535046 -0.0227079 0.289225) 627
(-0.0572152 0.0165867 0.299774) 1443
(-0.034969 -0.0303405 0.303102) 1473
(0.048286 -0.011118 0.290432) 634
(0.0113189 0.0501992 0.2905) 2922
(-0.0305864 0.0430252 0.3025) 3010
(-0.0357628 0.0340469 0.302947) 1426
(-0.0189976 -0.0522092 0.30322) 2187
(-0.0383352 -0.0403424 0.302171) 2179
(0.000159019 -0.0489168 0.302501) 2202
(-0.0286754 0.0432665 0.302491) 3010
(-0.0568888 0.0052001 0.301973) 1451
(-0.0352862 0.0460833 0.301249) 3011
(-0.0514086 -0.00926589 0.303605) 1514
(-0.0429611 -0.0356233 0.303353) 1475
(-0.0546711 0.0202283 0.302703) 1435
(0.0217954 -0.0497356 0.301752) 2219
(-0.0593072 -0.000524613 0.300552) 1451
(-0.0336377 -0.0335731 0.303707) 1529
(-0.0266489 -0.0412194 0.304203) 2234
(-0.0369104 -0.0326737 0.303813) 1530
(0.0131452 -0.0472542 0.304181) 2266
(0.00904577 0.0530043 0.292616) 2922
(-0.00370768 -0.04856 0.303532) 2201
(-0.0388601 -0.0353094 0.303148) 1474
(-0.0533674 0.00404087 0.302865) 1450
(0.000218846 0.0546519 0.291828) 2931
(0.000301887 -0.0501259 0.303238) 2202
(-0.0129651 -0.0438654 0.302479) 2193
(0.0486382 -0.00997892 0.287999) 634
(-0.0552149 0.0143781 0.300243) 1443
(-0.0453148 -0.0093645 0.305764) 1513
(-0.0269542 -0.0391515 0.305275) 2233
(-0.0476402 -0.00706063 0.304129) 1513
(0.0461139 -0.014302 0.290596) 633
(0.000841731 -0.0514902 0.30315) 2202
(-0.0284357 -0.0469572 0.302066) 2187
(0.0592346 -0.00169214 0.290573) 643
(-0.0473345 0.0361137 0.301344) 1427
(-0.0437328 -0.0192737 0.30462) 1521
(-0.0456656 -0.021104 0.30485) 1522
(-0.0483427 0.00484599 0.304037) 1505
(-0.0479739 -0.00938537 0.303539) 1458
(-0.0497378 -0.0229072 0.304374) 1523
(-0.000931946 0.0533659 0.292501) 2930
(-0.0531508 -0.00432132 0.30313) 1450
(0.000512369 -0.05169 0.30402) 2258
(-0.0171047 -0.0503757 0.303557) 2194
(0.0533948 0.0122651 0.291213) 651
(-0.0387111 -0.0358194 0.30411) 1530
(-0.0520195 -0.00130789 0.303143) 1450
(0.0585793 0.000658089 0.290794) 643
(-0.032819 0.0439863 0.301165) 3011
(-0.0496961 0.0150582 0.304285) 1498
(-0.0183557 -0.0480615 0.303432) 2186
(0.0242569 -0.0497207 0.304387) 2275
(-0.0551555 0.017347 0.302576) 1443
(-0.049202 0.0134084 0.305382) 1498
(-0.0189138 -0.0524989 0.304409) 2243
(-0.052704 -0.0190351 0.304241) 1523
(-0.0469484 0.0308376 0.303185) 1427
(-0.0547032 0.0201031 0.303413) 1435
(-0.050372 0.00119916 0.301184) 1450
(-0.047421 0.0225774 0.304609) 1490
(-0.0460411 -0.0258864 0.304778) 1522
(-0.00401122 -0.0480006 0.304454) 2257
(-0.0527524 -0.0172038 0.304389) 1515
(-0.0290033 0.0408275 0.303922) 3066
(-0.0272088 -0.0482424 0.302637) 2187
(0.0576391 -0.00017559 0.290621) 643
(0.011228 -0.0562163 0.30183) 2211
(-0.0413124 0.03233 0.305042) 1482
(-0.0280212 0.0475866 0.294439) 3003
(-0.0523142 -0.00417958 0.303575) 1450
(-0.0582894 -0.00501247 0.303503) 1451
(0.0595115 0.00117608 0.290844) 643
(-0.0255664 -0.0422652 0.305514) 2242
(-0.0521349 -0.0171634 0.302753) 1459
(-0.0277473 0.0458814 0.29472) 3002
(-0.0472578 0.0313266 0.304391) 1483
(-0.032497 0.0412875 0.304024) 3066
(-0.038042 -0.0316739 0.301794) 1474
(-0.0444178 -0.0201768 0.305629) 1522
(-0.0524837 -0.000232387 0.304942) 1506
(-0.0288614 -0.0464381 0.305766) 2243
(-0.038303 -0.0360944 0.305207) 1530
(0.00831798 0.0540912 0.294225) 2979
(-0.0515718 0.00195997 0.304079) 1506
(-0.0510053 0.00862895 0.303654) 1498
(-0.0296435 -0.05004 0.303521) 2187
(-0.0435179 0.0240961 0.306808) 1490
(-0.0509983 -0.000950737 0.305071) 1506
(-0.00384898 -0.0483986 0.305235) 2257
(-0.0302123 -0.0424863 0.305226) 2234
(-0.0445732 -0.0239868 0.303789) 1522
(-0.0194781 -0.0485624 0.304828) 2242
(-0.057328 -0.00863299 0.304911) 1515
(-0.0529206 -0.0149046 0.306164) 1515
(0.00300645 0.0558283 0.294788) 2987
(0.000921848 0.0499552 0.293357) 2930
(-0.0447724 -0.0225749 0.303451) 1466
(-0.0492033 -0.0163167 0.3034) 1458
(-0.0515056 -0.01142 0.303367) 1458
(-0.0436895 0.0274863 0.303304) 1426
(-0.0541839 -0.00175556 0.303285) 1451
(0.0558155 -0.0130297 0.292288) 635
(0.0569707 0.000537252 0.291708) 643
(-0.0464368 0.0015707 0.305494) 1505
(-0.0487066 0.000708168 0.305416) 1505
(-0.0481804 0.0233749 0.306628) 1490
(0.0120259 0.0506546 0.294732) 2978
(-0.0524786 8.13583e-05 0.305553) 1506
(-0.0319549 0.0430018 0.306788) 3066
(0.0102219 0.0514903 0.29417) 2978
(0.0184117 -0.0496947 0.304013) 2274
(0.0568967 -0.0136503 0.293628) 635
(0.0508913 -0.0209319 0.292104) 627
(0.0578228 0.00122146 0.292016) 643
(-0.0326117 -0.0463106 0.303818) 2235
(-0.0285361 0.0418322 0.307312) 3066
(0.0103724 0.0514496 0.294432) 2978
(0.00244307 0.0539654 0.294218) 2986
(-0.0436149 -0.0256906 0.304308) 1522
(-0.0482141 0.0325675 0.305342) 1483
(-0.0237562 -0.0546174 0.302947) 2187
(-0.0437173 -0.00794628 0.30764) 1513
(0.0457175 -0.00688451 0.294362) 689
(-0.0296158 -0.0421438 0.305571) 2234
(-0.0452842 -0.0236125 0.303747) 1522
(-0.051465 -0.0185739 0.304174) 1523
(-0.0418707 0.0409118 0.305209) 1483
(0.0545888 -0.0117417 0.292268) 635
(-0.0428384 -0.0407093 0.30365) 1531
(-0.0447012 0.0357709 0.303101) 1427
(0.00288022 -0.0574799 0.303267) 2203
(-0.0559051 0.00801279 0.302436) 1443
(-0.0562543 -0.0037282 0.301788) 1451
(-0.0463888 -0.00929407 0.308416) 1513
(-0.0394834 -0.0234528 0.306516) 1521
(0.0124357 0.0510802 0.295732) 2978
(-0.0461216 0.028412 0.306507) 1490
(-0.00213913 0.0520012 0.294919) 2986
(-0.0453655 0.024594 0.305702) 1490
(0.0560487 -0.000430858 0.292413) 643
(-0.003254 -0.0568791 0.304613) 2259
(-0.0332771 0.045006 0.304479) 3067
(-0.0443394 -0.0109156 0.307419) 1513
(-0.0484377 0.00199554 0.30606) 1505
(-0.0516813 -0.00131697 0.305462) 1506
(-0.0512904 -0.0149162 0.306051) 1514
(0.000643811 -0.0514485 0.306223) 2258
(-0.0322501 -0.0447853 0.305233) 2235
(-0.0503319 -0.0260722 0.304452) 1523
(0.00266067 -0.0589963 0.303396) 2203
(-0.045059 -0.0215395 0.308268) 1522
(-0.0475432 -0.0122776 0.30624) 1514
(-0.0522059 -0.000503568 0.306529) 1506
(-0.0377641 -0.0357747 0.306746) 1530
(-0.0378094 -0.0381743 0.306281) 2234
(-0.0518992 0.00400514 0.304832) 1506
(-0.0528064 -0.00867455 0.304475) 1514
(-0.0423535 -0.0353347 0.304123) 1531
(-0.0439888 0.0363242 0.303114) 1427
(-0.0432946 -0.0239446 0.308428) 1522
(0.0480991 -0.0121251 0.295899) 690
(-0.0450363 -0.023256 0.307928) 1522
(-0.0261218 0.0462319 0.296926) 3002
(-0.00192495 -0.0493488 0.304954) 2258
(-0.0361904 -0.0294579 0.306785) 1529
(-0.0494374 0.0112897 0.30748) 1498
(-0.0368217 0.0357592 0.30874) 1482
(-0.0515678 -0.0114369 0.307389) 1514
(-0.0186565 -0.0481414 0.30652) 2242
(-0.0195971 -0.0487645 0.306761) 2242
(-0.0212303 -0.0497346 0.306535) 2242
(0.0510567 -0.00359804 0.292675) 642
(-0.0394049 0.0331394 0.306218) 1482
(0.00921647 -0.0582425 0.305609) 2267
(-0.00257021 -0.0476206 0.30694) 2257
(-0.051352 -0.00264385 0.306052) 1506
(-0.0499207 -0.0220783 0.307153) 1523
(0.0542943 0.00758048 0.294651) 707
(0.050073 -0.0203543 0.294223) 682
(0.0176838 -0.0516498 0.305919) 2267
(-0.00358023 -0.0575805 0.306309) 2259
(-0.044583 0.0220796 0.309067) 1490
(0.0478564 -0.0132356 0.29684) 690
(-0.00307007 0.0521069 0.295929) 2986
(-0.00641705 -0.0487617 0.305875) 2250
(0.0413303 -0.0370638 0.306104) 731
(-0.0349278 -0.0295877 0.307551) 1529
(-0.0389952 -0.028822 0.308163) 1529
(-0.0457456 0.0166323 0.308523) 1489
(0.011779 -0.0454135 0.307315) 2265
(-0.0442093 -0.0242977 0.306052) 1522
(-0.0322256 -0.046218 0.306781) 2235
(-0.0561409 0.0071994 0.304096) 1499
(0.0101275 -0.052704 0.309167) 2266
(-0.0171147 -0.0485723 0.30739) 2242
(0.0556022 -0.00578418 0.294316) 699
(-0.0428257 0.0384331 0.30512) 1483
(-0.0213359 -0.0532113 0.30492) 2243
(-0.0440875 -0.0123485 0.308609) 1513
(-0.0440714 -0.0193225 0.308097) 1521
(0.0289275 -0.0426965 0.30624) 2282
(-0.0574319 -0.00811879 0.307439) 1515
(0.0409161 -0.037955 0.306813) 731
(-0.0376947 -0.0312477 0.304572) 1530
(-0.0438165 0.0386281 0.306497) 1483
(-0.00942181 -0.0588208 0.307291) 2251
(-0.0452762 -0.0093243 0.307772) 1513
(-0.0394014 0.032067 0.308933) 1482
(-0.0502704 0.00819599 0.306129) 1498
(0.0156767 -0.0525546 0.307646) 2267
(0.0416084 -0.0372148 0.306877) 731
(0.0404723 -0.0362984 0.306201) 731
(-0.0113584 -0.0570651 0.305366) 2251
(-0.0576522 0.00192685 0.304436) 1507
(-0.0271479 -0.0388699 0.309603) 2233
(0.0553917 -0.0153614 0.297329) 691
(-0.0491885 -0.0167185 0.307098) 1514
(-0.0503311 0.00834317 0.306476) 1498
(-0.0145357 -0.0504701 0.307024) 2250
(-0.0281965 0.0427 0.306996) 3066
(-0.0499752 -0.0102013 0.308197) 1514
(-0.0480323 0.0306062 0.308272) 1483
(-0.00573508 0.0521066 0.29762) 2986
(-0.0371059 -0.0372248 0.307815) 2234
(-0.00360521 -0.0487983 0.306515) 2258
(0.0508165 -0.012004 0.294054) 690
(0.00345051 -0.056326 0.305363) 2259
(0.0161585 -0.0529714 0.30955) 2267
(-0.016931 -0.0446413 0.306646) 2241
(-0.0518838 -0.00498889 0.306836) 1506
(-0.0268226 -0.0465263 0.306536) 2242
(0.0513577 0.0209922 0.295408) 715
(-0.0564547 0.00701865 0.305623) 1499
(-0.0430596 -0.0195279 0.30961) 1521
(-0.0447435 0.0144979 0.309122) 1497
(-0.0370093 -0.0317342 0.308775) 1529
(-0.0484041 -0.00902533 0.307969) 1514
(-0.0469576 0.0297938 0.309591) 1483
(-0.0518128 -0.000771662 0.308455) 1506
(-0.0397041 -0.0319256 0.306885) 1530
(-0.0570203 -0.000234873 0.306302) 1507
(-0.0327696 0.0431396 0.306293) 3067
(0.0526021 -0.00912232 0.29694) 690
(-0.0510005 -0.000851834 0.307746) 1506
(0.050851 -0.020221 0.296402) 683
(-0.0297179 -0.0455532 0.307551) 2235
(-0.0563229 0.00913978 0.307515) 1499
(-0.0310229 -0.0394934 0.310245) 2234
(-0.0308988 0.0408484 0.310529) 3066
(-0.0514114 0.00304564 0.307988) 1506
(-0.017026 -0.0482319 0.308584) 2242
(-0.0487812 -0.0169299 0.307892) 1514
(-0.012654 -0.0452993 0.307223) 2249
(-0.0359713 0.0397707 0.307825) 3066
(0.040763 -0.0373749 0.307401) 731
(-0.0548922 -0.000794744 0.306729) 1507
(-0.00327412 -0.057891 0.307928) 2259
(-0.0556328 0.0139235 0.307619) 1499
(-0.0313359 -0.0393888 0.310253) 2234
(-0.0450218 0.0237172 0.31086) 1490
(0.0023227 0.0538129 0.29856) 2986
(-0.0272022 -0.0478039 0.309002) 2243
(-0.0373747 -0.0325216 0.307386) 1530
(0.040342 -0.0382263 0.308737) 731
(0.055599 -0.00272411 0.29573) 699
(0.0168788 -0.051192 0.306943) 2266
(-0.0483468 6.2435e-05 0.308611) 1505
(-0.0513371 -0.0155026 0.309195) 1514
(-0.0516051 -0.00970961 0.308269) 1514
(0.0294509 -0.0430972 0.308476) 2282
(-0.0569058 -0.014358 0.308119) 1515
(0.0465881 0.0281969 0.295952) 715
(-0.0461772 -0.0192029 0.310886) 1522
(-0.0384885 0.0326228 0.310336) 1482
(0.00876488 0.0493293 0.297892) 2978
(-0.00593204 0.0527081 0.298831) 2986
(-0.00444144 0.0514401 0.298351) 2986
(-0.0276939 0.0384143 0.308269) 3065
(-0.0174975 -0.0546146 0.308062) 2251
(0.0511734 0.0203405 0.296098) 715
(-0.0525106 -0.0197932 0.307737) 1523
(0.0467838 -0.0368114 0.306502) 732
(-0.046909 -0.0234849 0.310088) 1522
(-0.0469753 0.0309203 0.308259) 1483
(0.0505484 -0.0197347 0.296023) 683
(-0.0423257 -0.0329358 0.307232) 1530
(0.0527339 -0.0181449 0.296324) 691
(-0.0570605 -0.00595663 0.308139) 1507
(-0.0425497 -0.0203853 0.310847) 1521
(-0.0467584 0.0299137 0.310253) 1483
(-0.051235 0.002643 0.30888) 1506
(0.0149995 -0.0497542 0.309568) 2266
(0.0521509 -0.00376817 0.296578) 698
(0.0413435 0.0326146 0.297043) 722
(-0.0464384 0.00327711 0.310349) 1505
(-0.043567 -0.0269615 0.31159) 1522
(-0.0540073 -0.010328 0.310094) 1515
(0.013655 -0.0442391 0.310301) 2265
(0.013955 -0.0473227 0.309652) 2266
(-0.052404 -0.00997798 0.309419) 1514
(0.0152556 -0.0497904 0.309566) 2266
(-0.0511663 -0.0040708 0.308735) 1506
(-0.0527851 0.0195142 0.30957) 1491
(0.0465457 -0.0307243 0.308533) 731
(0.0537579 -0.0127859 0.296047) 691
(0.0514231 -0.0247199 0.296773) 683
(-0.0523392 0.00781029 0.306182) 1498
(0.0330037 -0.0428677 0.310386) 2282
(-0.0162594 -0.0433752 0.308536) 2241
(-0.00884189 -0.0504877 0.309181) 2250
(-0.0219987 0.0528041 0.298949) 3003
(-0.0573726 -0.0161388 0.309115) 1516
(-0.0277859 0.0396516 0.30999) 3065
(-0.0235841 -0.0514348 0.310245) 2243
(-0.0478453 -0.0170279 0.308479) 1522
(-0.0456147 -0.0318748 0.309262) 1531
(-0.0205074 0.0496642 0.29696) 3002
(-0.0595283 -0.00372363 0.306055) 1508
(-0.025978 -0.0379661 0.310393) 2233
(0.0102311 0.0471241 0.298094) 2977
(-0.0371805 0.0404631 0.310647) 3067
(-0.00971694 -0.0586659 0.308007) 2251
(0.0467676 -0.00643541 0.300546) 689
(-0.0281121 -0.0391011 0.31062) 2233
(-0.0037761 0.048663 0.299068) 2985
(-0.0505754 0.000121472 0.309455) 1506
(-0.0506632 -0.00144476 0.309623) 1506
(-0.0517207 0.00395888 0.309652) 1506
(-0.00775827 -0.0490315 0.309873) 2250
(-0.0284066 -0.0406202 0.308839) 2234
(-0.0388319 0.031534 0.309411) 1482
(0.0532441 0.00765497 0.297701) 706
(-0.0505479 0.018422 0.309057) 1490
(0.0200834 -0.0495781 0.307079) 2274
(0.00274494 -0.0595253 0.306373) 2260
(-0.0330716 -0.0334484 0.312448) 2233
(0.0458842 -0.00819307 0.298021) 689
(-0.0485339 -0.0218915 0.311431) 1522
(-0.0515632 0.0027896 0.310294) 1506
(-0.0505666 -0.000938154 0.309435) 1506
(-0.0495037 0.0180926 0.309286) 1490
(-0.0205493 -0.0521672 0.309344) 2243
(-0.0472871 0.00547233 0.311295) 1497
(-0.0249526 0.0465779 0.301256) 3002
(0.047516 -0.0275598 0.299496) 683
(0.0516978 0.00920988 0.298455) 706
(0.0541795 0.0118364 0.298847) 707
(-0.0177827 0.0516558 0.298571) 2995
(0.0466075 -0.033767 0.309803) 731
(-0.00253384 -0.0565878 0.309531) 2259
(-0.0325046 -0.0447282 0.309481) 2235
(-0.0110184 -0.058074 0.309509) 2251
(-0.0226072 -0.0402142 0.311734) 2241
(-0.0478139 0.00521381 0.311419) 1505
(-0.0372717 0.0331265 0.31257) 1482
(-0.0507972 5.71272e-05 0.310314) 1506
(0.00572448 -0.0496755 0.309484) 2266
(-0.0433243 -0.0236325 0.308673) 1522
(-0.045778 -0.0144732 0.312098) 1513
(-0.0526571 -0.00510987 0.310896) 1506
(-0.0548256 -0.00846985 0.310516) 1515
(0.0515925 -0.00878434 0.297613) 690
(-0.034115 -0.0326167 0.311597) 1529
(0.0494653 -0.0089401 0.300457) 690
(-0.0272649 -0.0427376 0.311131) 2234
(-0.0505883 0.00107091 0.310286) 1506
(-0.0232926 0.043769 0.30033) 3002
(-0.0525554 -0.00908537 0.310785) 1514
(-0.0369548 -0.032115 0.309472) 1530
(-0.0259625 -0.0416356 0.309707) 2242
(-0.0165758 -0.044897 0.30937) 2241
(-0.00615582 -0.0554551 0.310051) 2259
(-0.0431066 -0.01093 0.312047) 1513
(-0.00540208 0.0499231 0.300312) 2986
(-0.0471988 0.0339617 0.311409) 1483
(-0.0440658 -0.029821 0.310067) 1530
(-0.0288665 0.0461021 0.310194) 3058
(0.0574302 -0.0149444 0.298236) 691
(-0.0502524 0.00994067 0.311076) 1498
(-0.0506723 -0.00121662 0.310671) 1506
(-0.0459188 -0.0226406 0.311015) 1522
(0.0527989 0.00859579 0.29908) 706
(-0.0153287 -0.0547345 0.310501) 2251
(-0.055934 -0.0134748 0.309909) 1515
(-0.0507198 -0.0164906 0.308909) 1514
(-0.0162585 -0.043225 0.313716) 10979
(-0.0455272 -0.0147486 0.311879) 1513
(-0.0488292 0.0128936 0.312231) 1498
(-0.0363302 -0.0353494 0.311549) 1530
(-0.0463529 0.0336487 0.311373) 1483
(0.0483193 -0.0164997 0.298191) 690
(-0.0492386 0.00968531 0.309165) 1498
(-0.0219478 -0.0514813 0.309246) 2243
(-0.0429714 -0.00729577 0.313543) 10835
(0.0490659 -0.0107107 0.301012) 690
(-0.000363973 0.0542015 0.302825) 2987
(-0.0450514 -0.0302893 0.311847) 1531
(-0.00824847 -0.0491742 0.310981) 2250
(-0.0512337 -0.0205172 0.311951) 1523
(-0.030383 -0.045611 0.31021) 2235
(-0.0359058 -0.0365406 0.311901) 2234
(-0.0165973 -0.0491995 0.312086) 2250
(-0.0397114 -0.0322619 0.311522) 1530
(0.0530808 0.00774269 0.299562) 706
(0.0451484 -0.0320289 0.310898) 731
(0.00157007 -0.056426 0.308159) 2259
(-0.0511393 0.000813747 0.312024) 1506
(-0.0509123 -0.000683582 0.311694) 1506
(-0.0166719 -0.0528664 0.311968) 2251
(-0.0135135 -0.0431383 0.311062) 2249
(-0.0519331 0.0189132 0.312467) 1491
(-0.00495849 -0.0482427 0.310601) 2257
(-0.0473016 0.031778 0.311691) 1483
(0.0383736 -0.0341336 0.310834) 730
(0.0495634 -0.0101081 0.301465) 690
(0.00911246 -0.0501453 0.313762) 11004
(0.0450951 -0.0093688 0.299765) 689
(-0.0365261 -0.033528 0.311532) 1530
(-0.0157366 -0.0533845 0.312223) 2251
(-0.0504119 0.00281847 0.311142) 1506
(-0.055305 0.00510241 0.311028) 1507
(0.0491781 -0.0184291 0.299365) 682
(-0.0512166 -0.0147853 0.311026) 1514
(0.0519597 -0.00855889 0.301153) 690
(-0.0127341 -0.052439 0.311796) 2250
(-0.0467469 0.020545 0.311112) 1490
(-0.0531977 -0.00247633 0.310718) 1506
(-0.0191704 -0.0534257 0.310912) 2243
(-0.0509198 -0.0112884 0.312739) 1514
(-0.0356866 -0.0366959 0.312589) 2234
(-0.0425661 -0.0225972 0.310643) 1521
(-0.0135245 -0.0467014 0.310918) 2249
(-0.0460897 0.0375341 0.311814) 1483
(-0.0537754 -0.00179115 0.310626) 1506
(-0.033323 -0.0325177 0.313285) 1529
(0.0140774 -0.0462239 0.312586) 2265
(-0.0438915 0.0198815 0.312441) 1489
(0.0149971 -0.0485826 0.312331) 2266
(0.0117273 -0.0489426 0.31235) 2266
(-0.035806 -0.0371336 0.314013) 10972
(-0.0474755 -0.0119876 0.311177) 1514
(0.00464911 -0.051888 0.312134) 2258
(0.0537925 -0.0171057 0.300699) 691
(-0.0515348 -0.0125605 0.311438) 1514
(-0.0576661 -0.0144354 0.310668) 1515
(0.0503064 -0.00878996 0.302391) 690
(-0.016906 0.0515224 0.304036) 3050
(-0.0378113 -0.0330707 0.313086) 1530
(-0.0508425 -0.00048139 0.312671) 1506
(0.0445311 -0.031892 0.312089) 731
(0.0555263 -0.00413247 0.300455) 699
(-0.00574459 -0.0527709 0.310932) 2258
(-0.0438115 -0.0218918 0.313777) 10844
(-0.0169726 0.0470196 0.303853) 3058
(0.0117182 -0.0486707 0.313063) 2266
(-0.0143487 -0.0530137 0.312974) 2251
(-0.0365061 0.0315367 0.312515) 1481
(-0.0270615 -0.0418274 0.312013) 2234
(0.0513138 -0.0123979 0.300524) 690
(0.00667324 -0.0545276 0.311768) 2267
(0.0496439 -0.0196847 0.299705) 682
(-0.0505653 0.00162587 0.312835) 1506
(-0.0390323 -0.0318169 0.312581) 1530
(-0.0489131 -0.00249394 0.311658) 1506
(-0.00698727 -0.0547483 0.312641) 2251
(-0.0546786 -0.00109325 0.311305) 1507
(0.0260755 -0.0468127 0.312215) 2274
(-0.0439605 0.012942 0.314256) 10819
(-0.0434428 -0.00865565 0.314287) 10835
(0.0493555 -0.0170861 0.303422) 690
(-0.0141573 0.0496615 0.304176) 3050
(-0.0501543 -0.0113817 0.313664) 10836
(-0.0483088 -0.0139395 0.311453) 1514
(0.0547907 -0.0178312 0.301735) 691
(-0.0548408 -0.0108234 0.312716) 1515
(-0.0506243 -0.0160946 0.311823) 1514
(-0.0510236 -0.0107531 0.311227) 1514
(-0.0456335 0.0207954 0.314886) 10812
(-0.024837 0.0465032 0.304735) 3058
(0.0505442 -0.00956327 0.302625) 690
(-0.0162253 0.0505383 0.304266) 3050
(-0.0169405 -0.0522248 0.3139) 10989
(-0.00657555 -0.0482789 0.313609) 10987
(0.0343615 -0.0432805 0.314608) 11021
(-0.0495224 -0.00893099 0.312273) 1514
(0.0522452 -0.0082167 0.301465) 690
(-0.0494392 0.00405486 0.311784) 1506
(0.0500943 0.0198068 0.301978) 714
(-0.0558021 0.00615251 0.313549) 10829
(-0.0521393 -0.0112073 0.312455) 1514
(0.00140013 0.0489332 0.303193) 2986
(-0.0506701 -4.01696e-05 0.313339) 1506
(0.0094472 -0.0467449 0.313517) 11003
(-0.017431 -0.0450267 0.31302) 2241
(-0.0315064 -0.0404231 0.313479) 2234
(-0.0495431 -0.00907521 0.312699) 1514
(-0.0288793 0.0450312 0.313793) 11188
(-0.0400993 -0.0227107 0.315462) 10843
(-0.0454253 0.00139269 0.314012) 10827
(-0.0249881 0.0471994 0.305248) 3058
(-0.0139597 -0.0454829 0.313345) 2249
(-0.0426923 -0.0281139 0.312733) 1530
(-0.0165711 0.0520976 0.302226) 2995
(-0.0178086 -0.0539736 0.31211) 2251
(0.00929745 -0.0526985 0.311803) 2266
(-0.0498528 -0.0117298 0.314115) 10836
(-0.0508698 0.00139587 0.314022) 10828
(0.00716258 -0.0482329 0.31379) 11003
(0.0562071 -0.0160038 0.303972) 747
(-0.0506644 -0.00906848 0.313722) 10836
(-0.0468701 0.0327906 0.314317) 10805
(0.0558886 -0.00364043 0.301972) 699
(-0.0553794 -0.000482076 0.312409) 1507
(-0.0368033 -0.0439339 0.311109) 2235
(0.0110416 -0.0486609 0.315467) 11004
(-0.0463707 -0.0222427 0.314442) 10844
(0.00729194 -0.0446559 0.314381) 11003
(-0.0371765 -0.0323744 0.313336) 1530
(0.0469058 0.0284291 0.303727) 771
(0.000532699 -0.0533508 0.314474) 10996
(-0.0471859 -0.0207195 0.313201) 1522
(0.0428571 -0.0296845 0.31331) 730
(0.0444832 -0.033026 0.313796) 10685
(-0.0291434 0.0417535 0.313103) 3066
(-0.0465901 0.0051817 0.315126) 10827
(-0.047755 0.016183 0.315263) 10820
(-0.0476167 0.0152525 0.314898) 10820
(-0.0472653 0.0132565 0.314724) 10820
(-0.02518 0.0475743 0.304416) 3058
(-0.0483906 -0.0163373 0.314156) 10836
(-0.0495035 -0.00315492 0.313105) 1506
(-0.0384802 -0.0312829 0.313408) 1530
(-0.043368 -0.0215344 0.312766) 1521
(-0.00546041 -0.0516252 0.313811) 10996
(-0.0393365 -0.0303628 0.3127) 1530
(0.046348 0.0248764 0.302162) 714
(-0.0312342 -0.0310316 0.315389) 10851
(-0.0473731 -0.0233574 0.316596) 10844
(-0.00822191 -0.0500427 0.316174) 10988
(-0.0239195 0.0445446 0.305738) 3058
(0.0117423 -0.0494138 0.316222) 11004
(-0.0151904 0.0483654 0.305128) 3050
(-0.0163563 0.0473128 0.305251) 3050
(-0.0492152 -0.0019854 0.313423) 1506
(-0.0188819 -0.0450495 0.3139) 10980
(-0.0492875 0.00227456 0.31324) 1506
(0.0375039 -0.0379917 0.314372) 11020
(0.0531436 -0.0177535 0.302178) 691
(-0.035642 0.0337479 0.316252) 10804
(0.00202966 0.0478208 0.303567) 2985
(-0.0507136 -0.002472 0.314419) 10828
(-0.0499406 0.000175505 0.314009) 10828
(-0.0277336 -0.0405826 0.314091) 10972
(0.022982 0.0448861 0.303023) 2970
(0.00631414 -0.0451055 0.313809) 11003
(-0.0323272 0.0412613 0.313702) 11188
(0.0067237 -0.0544493 0.313061) 2267
(-0.0483602 0.00855375 0.316017) 10820
(-0.0271123 -0.0423086 0.315068) 10972
(-0.049418 0.000256025 0.313892) 10828
(0.0147445 -0.0468095 0.314483) 11004
(0.0547476 -0.0159176 0.304348) 747
(0.00469305 -0.0491827 0.314075) 10996
(0.0518921 0.00311104 0.302386) 698
(-0.0524255 0.013518 0.313063) 1499
(-0.0472411 0.0161595 0.316062) 10820
(0.0139135 -0.0438032 0.316051) 11003
(-0.0500296 0.00104806 0.314385) 10828
(-0.034543 -0.0360728 0.314359) 10972
(-0.0448207 0.0320859 0.315024) 10805
(0.0527089 0.01257 0.303406) 707
(-0.0283473 -0.0475364 0.313606) 10981
(-0.0547402 -0.0149431 0.312566) 1515
(-0.048466 -0.00679004 0.315458) 10836
(-0.0491815 0.00350307 0.315442) 10828
(-0.0451704 0.0197467 0.315876) 10812
(-0.0499556 -0.010376 0.315736) 10836
(-0.000161981 -0.0520783 0.316702) 10996
(-0.029529 -0.0416963 0.316172) 10972
(-0.0356812 -0.0351295 0.315211) 10852
(-0.0469372 -0.014559 0.313838) 10836
(-0.0152549 -0.0474924 0.313882) 10988
(0.0483995 -0.00702155 0.305217) 746
(-0.0471702 0.0107779 0.315619) 10819
(-0.051663 -0.00874278 0.316003) 10836
(-0.0490652 -0.0125958 0.31539) 10836
(-0.0185633 0.0499676 0.306004) 3058
(-0.0487374 -0.0135868 0.315171) 10836
(-0.0529673 -0.00832261 0.315546) 10836
(-0.0311236 0.038567 0.315462) 11188
(-0.0501064 0.0174809 0.31516) 10820
(0.0139588 -0.0542639 0.314168) 11005
(0.0119447 -0.0477761 0.316175) 11004
(-0.0505751 -2.65438e-05 0.315316) 10828
(0.00743166 0.0502285 0.305088) 3034
(0.0508691 -0.0093948 0.302473) 690
(-0.0427505 -0.00667446 0.317626) 10834
(-0.0513259 -0.00344731 0.316244) 10828
(-0.0491873 -0.0208267 0.316258) 10844
(-0.0287357 -0.039954 0.315258) 10972
(-0.0503938 -0.00502047 0.314898) 10828
(0.00574982 -0.0461309 0.314607) 11003
(0.0426679 0.0291964 0.303342) 722
(0.0198384 -0.0491284 0.315046) 11012
(-0.0494938 0.0142189 0.314349) 10820
(0.0517224 -0.0113598 0.302734) 690
(-0.0205006 -0.0514666 0.314564) 10981
(-0.051394 -0.0235709 0.314782) 10845
(-0.0456483 0.0162111 0.317089) 10811
(-0.0501734 9.31911e-05 0.315556) 10828
(0.0510814 -0.00879071 0.304741) 746
(-0.00300834 -0.0433998 0.315967) 10994
(-0.0334835 -0.0430434 0.313999) 10973
(-0.0510481 -0.0234043 0.313832) 10845
(0.047233 -0.00769896 0.305997) 745
(0.0135078 -0.0469627 0.316082) 11004
(-0.0483632 0.014463 0.315609) 10820
(-0.0469562 -0.0158483 0.315014) 10836
(-0.0311273 0.0402849 0.31558) 11188
(0.0427619 -0.0271446 0.313459) 730
(-0.057202 -0.0105482 0.313849) 10837
(-0.0292906 -0.0408369 0.316558) 10972
(-0.0473032 -0.0170724 0.315295) 10844
(-0.0485117 -0.0093628 0.314939) 10836
(-0.00850135 0.0562187 0.304477) 3051
(0.0478171 -0.00607943 0.30637) 745
(-0.0502868 0.00105722 0.31651) 10828
(0.0143378 -0.0415763 0.317576) 11003
(0.0104874 -0.0420279 0.31773) 11002
(-0.0483381 -0.0131306 0.315896) 10836
(0.0134569 -0.0467158 0.316253) 11003
(-0.0460191 -0.000880162 0.314911) 10827
(0.0051535 -0.0523095 0.315851) 10996
(-0.00468723 0.0548154 0.30463) 3043
(-0.0488411 0.0225195 0.31562) 10812
(-0.0282044 -0.0476092 0.315102) 10981
(0.0361761 -0.0417873 0.315936) 11021
(0.0136449 -0.0489776 0.31364) 11004
(-0.00132416 -0.0452788 0.316868) 10995
(-0.0297334 -0.0394786 0.316089) 10972
(-0.00550559 0.0507194 0.3057) 3042
(0.00238723 -0.0557503 0.317288) 10997
(0.0120323 -0.0520825 0.316424) 11004
(0.0522487 -0.01282 0.304657) 746
(-0.00665778 0.0510741 0.304104) 3050
(-0.0398062 -0.0230069 0.318407) 10843
(-0.0240297 0.0422535 0.307687) 3057
(-0.00519677 -0.0496198 0.317858) 10996
(0.0507819 -0.00951615 0.30596) 746
(-0.0173462 -0.0514517 0.31755) 10988
(-0.0482051 -0.0131408 0.316441) 10836
(-0.0139374 -0.0496026 0.316634) 10988
(0.0467938 -0.0288364 0.30578) 739
(0.0548102 -0.0157208 0.306272) 747
(-0.0455952 -0.020227 0.315569) 10844
(-0.0357683 -0.0409157 0.316714) 10973
(-0.00393597 -0.05007 0.31583) 10996
(-0.00464258 0.0548643 0.304905) 3043
(-0.0546858 -0.00454807 0.31526) 10829
(0.0486106 -0.00723425 0.306704) 746
(-0.0494549 -0.0107282 0.31709) 10836
(-0.0477634 0.010836 0.316543) 10820
(-0.0174731 -0.0488137 0.317557) 10980
(-0.0315577 -0.0399932 0.316654) 10972
(-0.0483036 -0.0230578 0.314982) 10844
(-0.0528703 -0.000585187 0.314946) 10828
(-0.0443578 -0.00973867 0.317112) 10835
(0.01013 -0.0449426 0.317819) 11003
(-0.049723 0.000151293 0.3164) 10828
(-0.0252466 -0.0417662 0.31626) 10979
(-0.0195217 -0.0450858 0.316567) 10980
(-0.0378636 -0.0298945 0.315261) 10851
(0.0512629 -0.0104129 0.30463) 746
(-0.0540809 8.57424e-05 0.314012) 10828
(-0.0280716 -0.0376884 0.317824) 10971
(-0.0027814 0.050399 0.307852) 3042
(-0.0479582 -0.00902025 0.317174) 10836
(0.0116396 -0.0486418 0.318499) 11004
(0.0108882 -0.0490775 0.318471) 11004
(-0.0504751 0.000824431 0.317151) 10828
(0.0131043 -0.0460964 0.317545) 11003
(0.00672138 0.0497764 0.306841) 3034
(-0.049995 -0.00261182 0.316862) 10828
(-0.0495339 0.00134221 0.316469) 10828
(0.0532102 0.00832711 0.306082) 762
(-0.0468287 0.00686456 0.315378) 10819
(-0.0402381 0.0310946 0.316637) 10804
(-0.0271766 -0.0434066 0.316255) 10980
(-0.0423659 -0.0197305 0.317765) 10843
(-0.0273989 -0.0425509 0.318185) 10972
(-0.0505266 -0.00217366 0.317426) 10828
(-0.00350814 -0.0444613 0.318028) 10995
(-0.00302289 -0.0447165 0.317952) 10995
(-0.0498676 -0.00399562 0.316603) 10828
(0.0466963 -0.0271781 0.306588) 738
(-0.0260528 -0.0389697 0.316469) 10971
(-0.0260719 -0.039381 0.316168) 10971
(-0.0373395 -0.0381146 0.316341) 10972
(-0.0189495 -0.0487574 0.319014) 10980
(-0.0374323 -0.0320017 0.317172) 10852
(-0.00574317 -0.0455358 0.317851) 10987
(-0.0493844 -0.00976947 0.316994) 10836
(-0.0393552 0.0295516 0.316863) 10804
(0.0306482 -0.0412115 0.316904) 11020
(-0.0456242 0.0195958 0.316376) 10812
(-0.0549725 -0.0174771 0.315876) 10837
(-0.0248038 0.0445063 0.309184) 3058
(0.0519344 -0.0147206 0.307953) 746
(-0.0483011 0.0153559 0.317437) 10820
(-0.0509444 -0.0206907 0.318522) 10845
(-0.0419923 -0.0266877 0.317169) 10852
(-0.0500294 -0.00341883 0.316356) 10828
(-0.0343916 -0.0380229 0.316625) 10972
(-0.0155919 -0.0482008 0.316408) 10988
(-0.0475095 -0.0121694 0.317777) 10836
(-0.0268237 -0.0425046 0.31833) 10972
(-0.00490031 -0.0445401 0.318479) 10995
(0.0515593 -0.00428597 0.305668) 754
(-0.0155096 0.0530083 0.30634) 3051
(0.0274903 -0.0469194 0.317477) 11013
(-0.0449869 0.00389495 0.318597) 10827
(-0.0341585 -0.0304915 0.318439) 10851
(-0.0503087 -0.00891313 0.318585) 10836
(-0.0498324 0.00107214 0.31764) 10828
(-0.0418125 0.0309935 0.318287) 10804
(-0.0253383 -0.0418264 0.316855) 10979
(-0.00723364 -0.0521266 0.316281) 10988
(-0.0487079 -0.0112404 0.317915) 10836
(-0.0140753 0.0463191 0.307894) 3049
(-0.00471253 -0.0434874 0.318632) 10995
(-0.0540037 -0.0234207 0.317102) 10845
(-0.0503336 -0.00234518 0.31816) 10828
(-0.0476897 -0.0123907 0.317651) 10836
(-0.0355096 -0.0363881 0.316746) 10972
(-0.0494906 -0.00988909 0.318538) 10836
(-0.0364003 -0.0332383 0.318374) 10852
(0.0179 0.0481289 0.308339) 3026
(-0.049022 0.0100078 0.317759) 10820
(-0.0333923 -0.0410756 0.318209) 10972
(-0.0175687 0.0482946 0.307086) 3058
(0.0371954 -0.0367357 0.317923) 10684
(0.0567412 -0.00892187 0.306475) 747
(-0.0482478 -0.0239402 0.31703) 10844
(0.0144683 -0.0561243 0.316586) 11005
(-0.0431286 0.00270462 0.319735) 10826
(-0.0351234 -0.0268181 0.319431) 10851
(-0.0479636 0.01522 0.318386) 10820
(-0.0141281 0.0458185 0.308359) 3049
(-0.0472641 -0.0139322 0.318036) 10836
(-0.0267218 -0.0480498 0.31808) 10981
(-0.0229838 0.0515634 0.307615) 3059
(-0.0150555 -0.0427027 0.320927) 10979
(-0.0261743 -0.0430971 0.319552) 10980
(-0.0448698 -0.0227308 0.318921) 10844
(-0.0467005 -0.0169732 0.317846) 10844
(-0.0342494 -0.0425392 0.318347) 10973
(-0.0496288 -0.0221004 0.316765) 10845
(-0.0568386 -0.0129189 0.316662) 10837
(-0.0356197 0.0310166 0.319949) 10803
(-0.0434033 -0.0127425 0.319266) 10835
(-0.0482354 -0.010857 0.318957) 10836
(-0.0486276 -0.0106932 0.318895) 10836
(0.0154258 -0.0432226 0.319273) 11011
(-0.035778 -0.0327382 0.318589) 10851
(0.00649836 -0.0491718 0.31876) 11004
(-0.00371998 0.0532287 0.308292) 3042
(-0.0468738 -0.0108624 0.317691) 10835
(0.0293817 -0.0430102 0.318914) 11020
(0.0481263 0.0223566 0.307546) 770
(-0.0449873 0.0283686 0.317611) 10804
(-0.0577421 -0.00555891 0.317023) 10829
(-0.040412 -0.0182904 0.319809) 10843
(-0.0236006 0.0456716 0.310384) 3058
(-0.0455439 -0.0113332 0.318979) 10835
(-0.045713 -0.0110864 0.318678) 10835
(-0.0174518 0.045531 0.309507) 3057
(-0.0349694 0.0317798 0.319208) 10803
(0.0534581 -0.0135903 0.307837) 747
(-0.0185978 -0.0489565 0.317921) 10980
(-0.0422613 0.0218282 0.320255) 10811
(-0.0489029 -0.00992183 0.31944) 10836
(-0.0475297 -0.0121472 0.319147) 10836
(-0.0157589 -0.0489114 0.319791) 10988
(-0.00124111 -0.045647 0.319422) 10995
(-0.0464853 0.010339 0.318527) 10819
(-0.0421378 -0.0266747 0.319142) 10852
(-0.0169305 -0.046528 0.319028) 10980
(-0.0345147 -0.0350174 0.318727) 10972
(-0.0483323 0.015833 0.318864) 10820
(0.0462405 0.0233592 0.30718) 770
(-0.0334826 -0.027327 0.321046) 10850
(-0.0472146 -0.0125071 0.319308) 10836
(-0.0477636 -0.0143736 0.319536) 10836
(-0.0479393 -0.0111812 0.319188) 10836
(-0.0472176 -0.014511 0.319089) 10836
(-0.0502772 0.00227169 0.319389) 10828
(-0.0114013 0.0532275 0.309832) 3051
(-0.0344703 -0.0344577 0.319013) 10851
(-0.0405684 0.030466 0.319939) 10804
(0.047856 0.0223686 0.307946) 770
(-0.042554 -0.0130941 0.321056) 10835
(-0.0147542 -0.0418441 0.321793) 10979
(-0.0306433 0.0391561 0.320902) 11188
(-0.0472404 -0.0144267 0.319883) 10836
(-0.0457671 -0.013195 0.319539) 10835
(-0.0485098 -0.0106039 0.31954) 10836
(-0.0493784 0.00742021 0.319375) 10820
(-0.0354017 -0.0338044 0.319105) 10852
(-0.0463448 -0.0136005 0.318546) 10835
(-0.050671 0.00666748 0.318711) 10820
(0.0182226 0.044203 0.307339) 3025
(-0.0402349 0.0343249 0.319166) 10804
(-0.00823837 -0.0493213 0.317753) 10988
(-0.0410963 -0.0190711 0.320349) 10843
(-0.0156837 -0.0468111 0.319734) 10988
(-0.014285 -0.0423304 0.319792) 10987
(-0.0461118 -0.0219912 0.318952) 10844
(0.0189969 -0.050858 0.319394) 11012
(-0.0485245 -0.0155392 0.318644) 10836
(-0.0478675 -0.00745317 0.320015) 10835
(-0.0441084 -0.0220863 0.31953) 10844
(0.0229872 -0.0464589 0.320012) 11012
(-0.0506182 0.019499 0.318893) 10812
(-0.0459 0.0160264 0.3211) 10819
(-0.00620625 -0.049138 0.321105) 10988
(-0.0470925 -0.0143331 0.320018) 10836
(-0.0491675 -0.00960201 0.319871) 10836
(-0.00079509 -0.0445011 0.319993) 10995
(-0.0228369 0.0457017 0.31018) 3058
(0.0539409 -0.00619558 0.308149) 746
(0.0389703 -0.0333704 0.318958) 10684
(-0.0366539 0.0345111 0.322808) 10804
(-0.0395742 -0.0175289 0.320977) 10842
(-0.0241813 0.0430308 0.311341) 3058
(-0.0497983 0.000680906 0.320324) 10828
(-0.0431039 0.0266829 0.320822) 10812
(-0.0154825 0.0510668 0.310244) 3050
(-0.00220206 -0.0473514 0.319038) 10995
(-0.00606451 -0.0491632 0.319504) 10988
(0.0384314 -0.035656 0.319728) 10684
(0.055002 -0.0152283 0.308606) 747
(-0.0219485 -0.0373077 0.321575) 10978
(-0.00541415 0.0487492 0.31081) 3042
(0.00612675 -0.0493988 0.320672) 11004
(-0.0485596 -0.00953461 0.319848) 10836
(-0.0343855 0.0384087 0.320572) 11188
(-0.0367189 -0.0303932 0.319261) 10851
(-0.045632 -0.0295888 0.320014) 10853
(0.0102529 -0.0528979 0.31896) 11004
(-0.0499594 -0.00818798 0.320967) 10836
(-0.00496523 -0.0437819 0.321025) 10987
(-0.0487525 -0.0235844 0.31975) 10845
(-0.0189589 0.0464625 0.311268) 3058
(-0.0336014 -0.0336118 0.320803) 10971
(-0.0229068 0.0464152 0.311274) 3058
(-0.0398957 0.0301213 0.321182) 10804
(-0.0458013 -0.0146384 0.319945) 10835
(0.0117092 0.0500023 0.310478) 3034
(-0.0478645 -0.0087449 0.319371) 10835
(-0.0510759 -0.0191002 0.32033) 10845
(-0.0425793 0.0332971 0.320063) 10804
(-0.0461338 -0.0243312 0.31987) 10844
(-0.0491951 -0.0179732 0.319865) 10844
(0.0303698 -0.0452861 0.320471) 11021
(0.0136639 -0.0538878 0.319529) 11005
(-0.0226132 -0.0391305 0.321961) 10979
(-0.0472145 -0.015714 0.321281) 10836
(-0.0487146 -0.00957757 0.320859) 10836
(-0.0495274 -0.00893582 0.321083) 10836
(-0.0140974 0.0434957 0.310316) 3049
(-0.0459764 -0.0131188 0.320238) 10835
(-0.0500117 -0.00418842 0.320638) 10828
(-0.0476927 -0.00157499 0.31998) 10827
(-0.0504198 0.00178686 0.319637) 10828
(-0.0436189 -0.0253715 0.321652) 10844
(-0.0505105 -0.00459424 0.321098) 10828
(-0.0416534 -0.0243174 0.320522) 10843
(-0.0427853 -0.0214045 0.320059) 10843
(-0.00224191 -0.0491833 0.320198) 10996
(-0.0362458 -0.0367185 0.319776) 10972
(-0.058416 -0.00039744 0.319383) 10829
(-0.0470835 -0.0156428 0.321483) 10836
(-0.0266562 0.0378467 0.32168) 11187
(-0.044733 -0.0122588 0.320306) 10835
(-0.0418426 -0.0265897 0.320982) 10852
(0.0503494 0.0128797 0.309567) 762
(-0.0139748 -0.0433396 0.323289) 10987
(-0.0470711 -0.0179813 0.322283) 10844
(-0.000915114 0.0489099 0.311482) 3042
(-0.0463623 -0.0116995 0.320827) 10835
(-0.0512928 -0.00562768 0.32166) 10828
(-0.0327744 -0.0414921 0.320636) 10972
(-0.0150863 -0.0502948 0.320336) 10988
(-0.0216593 -0.0465049 0.319398) 10980
(-0.0126401 -0.0435812 0.323196) 10987
(-0.0442785 -0.0209718 0.322002) 10844
(-0.0457021 -0.0150542 0.321431) 10835
(-0.0458977 -0.00844688 0.321151) 10835
(-0.0258282 -0.042871 0.321527) 10980
(-0.0284278 -0.0398316 0.321512) 10972
(-0.0405862 0.0300795 0.321929) 10804
(-0.0132333 0.0528368 0.311697) 3051
(-0.0478536 -0.0015337 0.32075) 10827
(-0.0420003 -0.0287434 0.320893) 10852
(-0.045411 -0.0226478 0.320465) 10844
(-0.0491359 0.0191889 0.320484) 10812
(0.0114088 -0.0568469 0.320545) 11005
(-0.0263187 -0.0362642 0.322474) 10971
(0.00921476 -0.0430737 0.322536) 11003
(0.0159122 -0.0428754 0.322145) 11011
(-0.0460911 0.0140869 0.321132) 10819
(-0.0526786 0.0123317 0.320273) 10821
(-0.0450309 0.00774814 0.322235) 10819
(-0.0499425 -0.00343625 0.321757) 10828
(-0.0491665 -0.00895354 0.32179) 10836
(-0.0436744 -0.022061 0.321437) 10844
(0.0245708 0.0456836 0.311538) 3026
(0.0257881 -0.0427915 0.321366) 11012
(-0.0519043 -0.00749745 0.319661) 10836
(-0.0285796 -0.0403652 0.322242) 10972
(-0.00342105 -0.0429935 0.322592) 10994
(-0.0470279 -0.0117527 0.321651) 10835
(-0.0441729 -0.0224643 0.322072) 10844
(-0.0352185 -0.0330319 0.321301) 10851
(-0.0163756 0.0492102 0.311541) 3050
(-0.0241319 -0.0412942 0.320986) 10979
(-0.00920668 -0.0176973 0.337326) 10507
(-0.0374918 -0.0302355 0.321834) 10851
(-0.0479867 -0.0100749 0.321803) 10836
(-0.0437349 -0.0223029 0.321964) 10844
(-0.0358434 -0.0322005 0.321522) 10851
(-0.0141596 -0.0459381 0.321604) 10987
(-0.0171084 0.0452135 0.311417) 3057
(-0.0484486 0.00262016 0.321076) 10827
(0.0394881 0.0306103 0.31) 778
(-0.0397617 0.0336994 0.321461) 10804
(-0.0352323 -0.0321252 0.322504) 10851
(-0.0469599 0.0152574 0.321924) 10820
(-0.0477121 -0.0100587 0.32178) 10836
(-0.046901 -0.0163707 0.322171) 10836
(-0.0468636 -0.00210747 0.321389) 10827
(0.0511373 -0.00888611 0.310074) 746
(-0.0066529 0.0484793 0.310424) 3049
(-0.00959997 -0.0173019 0.336424) 10507
(-0.0348603 -0.0347447 0.3226) 10852
(-0.0500303 0.00283291 0.322401) 10828
(-0.0462598 -0.00960337 0.321729) 10835
(-0.0320396 0.0390013 0.323002) 11188
(0.0372893 -0.0365115 0.322232) 10684
(-0.00574669 0.0492329 0.311105) 3050
(0.00527308 0.0514743 0.311455) 3042
(0.0355547 -0.035332 0.321531) 10684
(-0.0479589 -0.0132486 0.321031) 10836
(0.0513735 -0.017946 0.310753) 746
(0.00894228 -0.0525215 0.321027) 11004
(-0.00639423 -0.0547505 0.321219) 10989
(-0.0421956 -0.00725992 0.324196) 10890
(-0.048895 -0.00893667 0.322383) 10836
(-0.0150704 -0.0474845 0.322674) 10988
(-0.00975417 0.0567018 0.312147) 3051
(-0.0353958 -0.0384266 0.321098) 10972
(-0.0549174 -0.0122723 0.321401) 10837
(0.00780392 -0.0547962 0.321166) 11005
(-0.00749741 -0.0175757 0.33324) 10451
(-0.0326869 -0.0281816 0.323365) 10850
(0.0133928 -0.0415406 0.323358) 11003
(-0.0466347 -0.00898688 0.321935) 10835
(-0.0497328 -0.00394224 0.322593) 10828
(-0.0438464 -0.02128 0.322301) 10843
(-0.0482298 -0.00370311 0.321646) 10827
(0.00336026 -0.0499874 0.322179) 10996
(-0.0517308 -0.000351821 0.321587) 10828
(-0.0520469 -0.0170178 0.321976) 10837
(-0.0254655 -0.0349818 0.324002) 11026
(-0.0458345 0.00364959 0.323325) 10827
(-0.0489052 -0.00717249 0.322898) 10836
(-0.0358945 -0.0309087 0.322906) 10851
(-0.0481064 -0.00824966 0.322552) 10835
(0.00808091 -0.0419575 0.323566) 11058
(0.0467452 0.0216402 0.311724) 770
(0.00621518 0.0509433 0.31209) 3034
(0.0532764 -0.00637904 0.310998) 746
(-0.0524977 0.00457897 0.321281) 10828
(-0.0522584 -0.0134222 0.321673) 10836
(-0.0140971 -0.0503061 0.324046) 11044
(-0.0474966 0.000254477 0.322884) 10827
(-0.0453155 -0.0125923 0.322644) 10835
(0.0101403 -0.0470124 0.323221) 11003
(-0.0431657 -0.0223349 0.322734) 10843
(0.0456072 -0.026547 0.312202) 738
(-0.0198202 -0.0452824 0.322317) 10980
(-0.0089647 -0.0502162 0.322238) 10988
(-0.034244 0.0399677 0.322426) 11188
(-0.00341961 -0.0452321 0.324341) 11051
(-0.0447475 -0.0215822 0.323408) 10900
(-0.0177218 0.0439966 0.312961) 3057
(-0.0461566 -0.0153306 0.322729) 10835
(-0.0347906 -0.0325868 0.322728) 10851
(-0.016299 -0.0444094 0.322739) 10979
(-0.0202695 0.0497994 0.312644) 3058
(-0.0479618 0.0199302 0.322333) 10812
(-0.0432287 0.00768636 0.323458) 10875
(-0.0226008 -0.0408156 0.324228) 11035
(-0.00109533 0.04752 0.313319) 3041
(-0.0245166 0.040939 0.313376) 3057
(0.0120697 -0.0462843 0.323972) 11059
(-0.0469725 -0.00880467 0.32287) 10835
(0.0108957 -0.0460205 0.323815) 11059
(-0.0487302 0.00146125 0.323149) 10827
(-0.0433613 -0.0217154 0.323011) 10843
(0.0137127 -0.0472446 0.323188) 11004
(-0.000709673 0.0511707 0.312909) 3042
(-0.0265055 -0.0370262 0.322819) 10971
(-0.0578725 -0.0132132 0.322049) 10837
(-0.0139758 -0.0412966 0.325381) 11042
(-0.0421333 -0.0124812 0.324059) 10891
(-0.0409801 0.0203029 0.324445) 10867
(0.0485545 -0.00888425 0.313028) 746
(-0.0105238 0.0499558 0.313845) 11172
(-0.046543 -0.00855642 0.322986) 10835
(-0.00407462 -0.0476158 0.323666) 11051
(-0.0462942 -0.0155068 0.323322) 10835
(-0.0263771 -0.0416408 0.323616) 11028
(-0.0431977 -0.023006 0.323386) 10844
(-0.00500925 -0.0458555 0.324021) 11051
(-0.0452829 -0.0203045 0.32357) 10900
(0.00758369 -0.044552 0.323564) 11059
(-0.00616338 0.0499637 0.313042) 3050
(-0.0466559 -0.00157543 0.322418) 10827
(-0.00280644 -0.0498518 0.322955) 10996
(-0.00541796 -0.0499117 0.322793) 10996
(-0.00804598 -0.0176208 0.326461) 10451
(0.0486574 -0.00887432 0.31323) 746
(-0.0309131 0.0382162 0.324307) 11244
(0.00635063 0.0534033 0.313141) 3034
(0.00481987 0.0511608 0.312593) 3042
(-0.0225852 -0.04102 0.324682) 11035
(0.00955593 0.0484146 0.313239) 3034
(-0.0420866 -0.0212632 0.323182) 10843
(-0.0131323 -0.0421451 0.325552) 11043
(-0.0415104 0.0183606 0.324946) 10867
(-0.0456991 -0.0124482 0.323606) 10891
(0.0116548 -0.0464875 0.324416) 11059
(0.00870066 -0.0472924 0.324317) 11059
(-0.0277777 -0.0400936 0.324114) 11027
(-0.0295338 -0.038937 0.3237) 11028
(-0.0243445 -0.0381725 0.324932) 11027
(-0.0262067 0.0393835 0.325101) 11243
(-0.0336815 -0.0306689 0.324447) 10907
(-0.0273444 -0.039154 0.32398) 11027
(0.0413186 -0.034397 0.32409) 10740
(-0.0359939 -0.0393561 0.323029) 10972
(-0.0413726 -0.0110325 0.325671) 10890
(-0.00374523 -0.0427071 0.325214) 11050
(0.0482309 -0.00522272 0.313137) 753
(-0.0269066 -0.0387829 0.324203) 11027
(-0.0301509 -0.0388632 0.324219) 11028
(-0.0474184 -0.00906625 0.323527) 10891
(-0.0259611 -0.0422115 0.323485) 11036
(-0.0219933 0.0479275 0.313495) 3058
(-0.031264 -0.0412228 0.323266) 10972
(-0.0521215 0.0027569 0.322992) 10828
(-0.0568535 -0.0110946 0.322231) 10837
(-0.0157389 -0.042507 0.325981) 11035
(-0.0432094 -0.00980733 0.324543) 10891
(-0.0151083 -0.047482 0.324607) 11044
(-0.0261458 0.0397303 0.32404) 11243
(-0.00752202 0.0529807 0.314043) 11172
(-0.0153604 -0.0484524 0.323818) 11044
(-0.048565 -0.0175263 0.323771) 10900
(0.000864645 -0.0574501 0.323577) 11053
(-0.0582806 -0.00491334 0.323433) 10885
(-0.0413587 -0.0113963 0.32589) 10890
(-0.046102 0.00220514 0.324847) 10883
(-0.00565528 0.0478867 0.314778) 11171
(0.00911817 -0.0470337 0.324833) 11059
(-0.0337966 -0.0340055 0.324195) 11027
(-0.0493925 -0.0088265 0.322804) 10836
(-0.00819864 -0.0560197 0.32314) 10989
(-0.00140119 0.0457358 0.314148) 11163
(-0.0055427 0.0466388 0.31467) 11171
(-0.0393378 0.0218314 0.325238) 10867
(-0.00982285 0.0463134 0.314444) 11171
(-0.0170103 -0.0474185 0.325051) 11036
(-0.0455342 -0.0156325 0.324297) 10891
(-0.0273872 -0.0377076 0.324609) 11027
(-0.0463092 -0.000285834 0.324087) 10883
(-0.00114656 0.0523875 0.314591) 11164
(-0.0509529 -0.00763043 0.324612) 10892
(0.0304407 -0.0442389 0.325051) 11076
(-0.0131742 -0.0416203 0.326571) 11043
(0.0477765 -0.00852942 0.314567) 10699
(-0.0447503 -0.000421799 0.325179) 10883
(-0.00466132 -0.0475039 0.325301) 11051
(-0.036383 -0.029845 0.324708) 10907
(-0.00446286 -0.0475822 0.325191) 11051
(-0.0487221 -0.00392552 0.32483) 10883
(0.00797146 -0.0436513 0.325435) 11059
(-0.0259798 -0.0418172 0.325009) 11036
(0.00909805 -0.0470259 0.325061) 11059
(-0.0250884 -0.0413946 0.324717) 11035
(-0.0363551 -0.0306274 0.324138) 10907
(-0.0121959 -0.0504552 0.324974) 11044
(-0.048703 0.016242 0.324006) 10876
(0.0354265 -0.0371427 0.324715) 11076
(-0.0468689 0.019519 0.323906) 10868
(-0.052934 -0.0102339 0.32354) 10892
(-0.00785278 -0.017712 0.317367) 10395
(-0.0327107 -0.027563 0.325884) 10906
(-0.0348039 -0.0300187 0.325196) 10907
(-0.0347064 -0.0307819 0.325172) 10907
(0.0161051 -0.0431531 0.325072) 11067
(0.0462849 -0.016729 0.31347) 738
(0.0472792 -0.0233353 0.314101) 10692
(-0.0574272 -0.00756906 0.323618) 10893
(-0.0471872 0.000222616 0.325109) 10883
(-0.00242674 -0.0438163 0.325411) 11051
(-0.00407111 -0.0436418 0.325374) 11051
(-0.0269197 -0.0388669 0.325136) 11027
(-0.0101135 0.0522583 0.315352) 11172
(-0.0416327 -0.0225484 0.324908) 10899
(-0.00980789 -0.0560565 0.323972) 11045
(-0.0437551 0.00880293 0.324753) 10875
(0.0342484 -0.0394227 0.324488) 11076
(-0.0521132 0.00210542 0.324222) 10884
(-0.0078351 -0.0176508 0.313037) 6063
(-0.0483225 -0.00641367 0.325993) 10891
(-0.0483688 -0.00266738 0.325519) 10883
(-0.00284458 -0.0425005 0.32598) 11050
(-0.0491249 -0.00829447 0.325314) 10892
(-0.0574109 0.00248641 0.324097) 10885
(0.009731 -0.0419259 0.326612) 11058
(-0.0442233 -0.0203916 0.325372) 10899
(-0.0253577 -0.0433316 0.325081) 11036
(-0.0515633 0.00734383 0.324979) 10876
(-0.0476821 0.0196405 0.324921) 10868
(-0.0465795 -0.00181442 0.32577) 10883
(-0.0442916 -0.0202643 0.325583) 10899
(-0.00930574 0.0538762 0.315589) 11173
(-0.0126484 0.0528146 0.317378) 11173
(-0.0458145 -0.0108214 0.325622) 10891
(-0.0459604 -0.00889078 0.325603) 10891
(-0.0473091 0.0152423 0.325627) 10876
(-0.0286336 -0.0382106 0.325708) 11027
(-0.0409216 0.0286821 0.325736) 10860
(-0.0274338 -0.0386786 0.325326) 11027
(-0.0420791 -0.0324037 0.325347) 10908
(-0.00929494 -0.0549663 0.325612) 11045
(-0.00943369 -0.0516477 0.324817) 11044
(-0.0470299 0.000982789 0.326256) 10883
(-0.00879397 -0.0484476 0.325636) 11044
(-0.0486027 -0.0218831 0.325129) 10900
(0.00311798 -0.0516592 0.324925) 11052
(-0.0350329 0.0296116 0.326961) 10859
(-0.00425579 -0.0474849 0.326878) 11051
(0.051422 -0.014799 0.316354) 10700
(-0.048544 0.00208662 0.325988) 10883
(-0.0140755 -0.0461975 0.326174) 11043
(-0.0422535 -0.030251 0.325105) 10908
(-0.0407313 0.0195501 0.327203) 10867
(0.00854038 0.0512653 0.316608) 11156
(0.0485785 0.0227847 0.316387) 10724
(0.0403083 0.0299897 0.315444) 10732
(-0.0259362 0.00363308 0.316398) 10238
(-0.0434799 0.0124237 0.326618) 10875
(-0.0407418 0.0225132 0.327236) 10867
(-0.0486455 0.00248859 0.32654) 10883
(-0.0471939 -0.000389034 0.326318) 10883
(-0.0278497 -0.0382603 0.326486) 11027
(-0.0491495 0.0102202 0.325717) 10876
(-0.0422151 -0.0135876 0.327018) 10891
(0.0051441 -0.0490774 0.326957) 11052
(-0.0445096 -0.0200325 0.326693) 10900
(-0.0398306 -0.0250414 0.326424) 10907
(-0.00569079 -0.0442345 0.326075) 11043
(-0.0355172 -0.0408726 0.326191) 11029
(-0.00725725 0.0222505 0.310339) 6873
(-0.023237 -0.0457722 0.327865) 11036
(-0.00305353 -0.0478381 0.327422) 11051
(-0.0158687 -0.0470669 0.327276) 11044
(-0.0133619 -0.0474842 0.327089) 11044
(-0.0350793 0.0369222 0.326004) 11244
(-0.0078681 -0.0516843 0.3259) 11044
(0.0466796 -0.00969217 0.316998) 10699
(-0.00319073 -0.0478306 0.327553) 11051
(0.0101208 -0.0463966 0.327613) 11059
(-0.0397896 0.0321625 0.326936) 10860
(-0.033726 -0.0408496 0.326482) 11028
(-0.0518564 -0.0121529 0.326455) 10892
(-0.0156569 -0.0419919 0.328543) 11035
(-0.01744 -0.0458705 0.327447) 11036
(0.0207798 -0.0478388 0.326616) 11068
(0.0277534 -0.0439642 0.3264) 11076
(-0.0262092 0.0382906 0.328336) 11243
(-0.0448227 -0.0204874 0.327877) 10900
(0.0127293 -0.0452901 0.328283) 11059
(-0.0167028 -0.0471332 0.327903) 11036
(0.0265902 -0.0443786 0.32774) 11068
(0.041059 0.0305153 0.316669) 10732
(-0.0365362 0.0400515 0.327441) 11244
(-0.0342125 0.0372518 0.325889) 11244
(-0.0463365 0.00033736 0.327644) 10883
(-0.0151794 -0.0464651 0.327835) 11043
(-0.0220331 0.0485567 0.317985) 11180
(-0.0169858 0.0475457 0.317525) 11180
(-0.0407445 -0.0224824 0.3274) 10899
(-0.0496649 -0.0216161 0.32771) 10901
(-0.0439403 0.024949 0.327104) 10868
(0.0478027 -0.00971651 0.317881) 10700
(0.0488862 -0.00992306 0.317794) 10700
(-0.0484159 0.00371551 0.328086) 10883
(-0.0164328 -0.0468132 0.327966) 11036
(0.0499488 -0.0052723 0.316443) 10708
(0.00943126 -0.0527905 0.327095) 11060
(-0.000758872 -0.0563133 0.327691) 11053
(-0.00449053 -0.0425714 0.329533) 11050
(-0.00468664 -0.0455629 0.328208) 11051
(-0.0443447 -0.00843111 0.327503) 10891
(-0.0191691 -0.0450554 0.328107) 11036
(-0.0153447 0.0458949 0.319047) 11171
(-0.00414333 -0.042576 0.329478) 11050
(-0.0471708 0.000795889 0.327949) 10883
(-0.0166416 -0.0466039 0.328399) 11036
(-0.0308254 -0.0386482 0.328231) 11028
(-0.0279862 -0.0381471 0.327928) 11027
(0.00364818 -0.0485924 0.328143) 11051
(0.0126315 -0.05193 0.327171) 11060
(-0.043183 -0.020658 0.328402) 10899
(-0.0420345 -0.0207011 0.328309) 10899
(-0.0196063 0.0476229 0.317669) 11180
(0.0466646 -0.00925559 0.318466) 10699
(-0.0484298 -0.00420223 0.32873) 10883
(-0.031564 -0.0348218 0.328562) 11027
(-0.00360406 -0.046535 0.328633) 11051
(-0.0497669 -0.00578077 0.328547) 10892
(0.0275824 -0.0399242 0.328242) 11075
(0.0159976 -0.050127 0.328499) 11060
(0.00410474 0.0494831 0.317515) 11164
(0.0477322 -0.0230227 0.317484) 10692
(-0.00430423 -0.0513124 0.327731) 11052
(-0.0564012 -0.00696773 0.326907) 10893
(-0.00636599 -0.0463902 0.329291) 11043
(0.00938332 -0.0468685 0.329318) 11059
(-0.026722 -0.0392152 0.328929) 11027
(-0.0360257 0.0347374 0.328143) 10860
(-0.0434749 0.029084 0.328271) 10860
(-0.0227662 -0.0412035 0.329465) 11035
(0.052314 0.00243747 0.317918) 10708
(0.05231 -0.00261172 0.317645) 10708
(-0.0324028 -0.0355839 0.329393) 11027
(-0.0468391 0.00270106 0.32915) 10883
(-0.0467535 0.00123044 0.328788) 10883
(-0.0272055 -0.0385704 0.328736) 11027
(-0.0139845 -0.0443318 0.328861) 11043
(-0.0464259 -0.00936173 0.328415) 10891
(-0.0452756 -0.0163031 0.328558) 10899
(-0.0141949 -0.0504362 0.32853) 11044
(-0.00778979 -0.0170544 0.285358) 5951
(-0.0408546 -0.0119272 0.330458) 10890
(0.00346938 0.0497801 0.319384) 11164
(-0.0159766 -0.0464854 0.329181) 11044
(0.0193794 0.0449697 0.318489) 11148
(-0.0258375 -0.0445308 0.328381) 11036
(-0.0257555 -0.0476497 0.328897) 11037
(-0.0427374 -0.000528538 0.329992) 10882
(-0.0477768 -0.00642853 0.329678) 10891
(-0.0317435 -0.0354294 0.329597) 11027
(-0.0366719 0.0303633 0.329803) 10859
(0.011426 -0.046162 0.329601) 11059
(-0.015954 -0.0463673 0.329463) 11044
(0.000337721 -0.0494955 0.329516) 11052
(-0.0422403 0.0157589 0.329229) 10867
(0.0270369 -0.0432766 0.329201) 11068
(0.0505794 -0.0141877 0.318311) 10700
(0.00821611 -0.0515705 0.32875) 11060
(-0.0314278 -0.0386775 0.328194) 11028
(-0.00900639 -0.0579524 0.328747) 11045
(-0.00667864 0.0215929 0.289186) 6761
(-0.0487851 0.00419438 0.329565) 10884
(-0.0134493 -0.0476141 0.329972) 11044
(-0.0470058 -0.000453573 0.329277) 10883
(-0.0475838 0.00189565 0.32938) 10883
(0.0131508 -0.0440703 0.32961) 11059
(-0.0202837 -0.0442755 0.329489) 11035
(-0.0404861 -0.021272 0.32916) 10899
(-0.0321874 -0.0398887 0.328774) 11028
(-0.0199265 -0.0455881 0.32855) 11036
(-0.022804 0.0407983 0.319842) 11179
(-0.04885 0.00369853 0.329547) 10884
(-0.00755341 -0.0494672 0.329135) 11044
(-0.00539104 0.0541558 0.318879) 11165
(-0.0235061 -0.0394652 0.330399) 11035
(-0.0317388 -0.0326015 0.330119) 11027
(-0.0436098 -0.0194368 0.329758) 10899
(0.0222485 -0.045961 0.330051) 11068
(-0.0260977 -0.043379 0.32936) 11036
(-0.053712 0.00613993 0.329405) 10876
(-0.0415365 -0.0261953 0.328966) 10908
(-0.0416267 -0.0190193 0.330316) 10899
(-0.0330452 0.0336322 0.33075) 11243
(-0.0391007 0.020095 0.330557) 10867
(-0.0142711 0.0495791 0.319967) 11172
(0.0305054 -0.0400879 0.329995) 11076
(-0.0266531 0.0460927 0.319913) 11180
(0.0506884 -0.016721 0.319139) 10700
(-0.0574734 -0.0105655 0.329255) 10893
(0.0124365 -0.0454309 0.33089) 11059
(-0.044262 -0.00110061 0.330471) 10883
(-0.0432483 -0.0102355 0.330086) 10891
(-0.035283 -0.0281398 0.329993) 10907
(0.0144174 -0.0409334 0.330768) 11066
(0.0478574 0.0240598 0.320176) 10724
(-0.0491873 -0.00860121 0.3297) 10892
(-0.0373013 -0.0321346 0.329158) 10908
(-0.0478183 -0.0196905 0.329163) 10900
(-0.0368727 -0.0221497 0.330886) 10898
(-0.0435157 -0.0208621 0.330587) 10899
(-0.0250937 -0.0375853 0.330485) 11027
(-0.0045441 -0.042404 0.331862) 11050
(-0.0160437 -0.0457326 0.330396) 11035
(-0.0324765 0.0394165 0.330432) 11244
(0.0522263 -0.0142882 0.319918) 10700
(0.0142178 -0.0522749 0.330519) 11061
(0.00633982 -0.0507783 0.329534) 11060
(-0.051941 0.00443472 0.329349) 10884
(-0.0128537 -0.0415152 0.331514) 11042
(-0.0119322 0.0468047 0.321028) 11171
(-0.0257639 -0.033704 0.331818) 11026
(-0.0252992 0.0386256 0.331278) 11243
(-0.00385407 0.044566 0.320385) 11163
(-0.00106941 -0.0427122 0.3309) 11050
(-0.014669 -0.0448459 0.33058) 11043
(-0.0232691 -0.0399311 0.330299) 11035
(-0.00172585 -0.0483819 0.330364) 11051
(-0.00734088 -0.0167905 0.275795) 5895
(-0.0428646 0.00104118 0.331405) 10882
(-0.0481238 -0.00471782 0.330858) 10883
(-0.0465183 -0.000430834 0.330573) 10883
(-0.0429193 -0.0195101 0.330659) 10899
(-0.0487537 -0.00526587 0.33039) 10884
(0.0342656 -0.0418427 0.330325) 11076
(-0.00611831 -0.0167301 0.273671) 5847
(0.00805102 0.0476071 0.32073) 11155
(0.0502751 0.0137827 0.320528) 10716
(0.00334624 -0.0502972 0.330899) 11052
(0.0327472 -0.0416112 0.330876) 11076
(-0.00208803 -0.049868 0.330245) 11052
(-0.0216283 -0.0373078 0.331887) 11034
(0.0458045 -0.00998842 0.321057) 10699
(0.00463225 0.0479112 0.320395) 11163
(-0.0501531 0.0143955 0.330698) 10876
(-0.0345402 0.0347627 0.331479) 11243
(-0.0467485 0.0012336 0.331076) 10883
(0.0149899 -0.0418744 0.331277) 11067
(-0.00191029 -0.0443163 0.331185) 11051
(-0.0159805 -0.0451044 0.331248) 11035
(-0.0188628 0.0476663 0.321182) 11180
(-0.00623365 0.0217884 0.275653) 6705
(-0.0211148 0.0460478 0.321087) 11180
(-0.0504325 0.0144817 0.331137) 10876
(0.0525884 0.00439245 0.320654) 10708
(-0.0550985 -0.0116206 0.32988) 10893
(-0.0323043 -0.0317015 0.331528) 10907
(0.00547731 -0.0482406 0.331861) 11059
(-0.0462575 0.00294015 0.331389) 10883
(0.0533451 -0.00342308 0.320815) 10708
(-0.00602814 0.0217696 0.272503) 6649
(-0.0246353 -0.0377407 0.332036) 11027
(0.0110024 -0.044309 0.332232) 11059
(-0.015591 -0.0453744 0.331704) 11043
(0.00969661 -0.0499694 0.33117) 11060
(7.56811e-05 -0.0512489 0.331467) 11052
(-0.0483629 -0.0194438 0.331203) 10900
(-0.0025828 -0.0530958 0.330871) 11052
(-0.012856 0.0456484 0.322273) 11171
(-0.0466716 -0.017505 0.331582) 10900
(0.0507514 -0.00463557 0.320882) 10708
(-0.0240635 0.00323486 0.272054) 5065
(0.0459708 -0.00933446 0.321965) 10699
(-0.0161329 -0.0449149 0.331937) 11035
(-0.0453232 0.00212188 0.331913) 10883
(0.0436669 -0.0241873 0.321612) 10692
(-0.00134303 -0.0474563 0.331649) 11051
(-0.0356042 0.0386894 0.331851) 11244
(-0.0349699 -0.0366596 0.331551) 11028
(-0.0426245 0.0283348 0.331761) 10860
(-0.0406528 -0.0304192 0.33151) 10908
(-0.0201159 0.0438627 0.321809) 11179
(-0.0454952 0.0170831 0.331878) 10867
(-0.00821019 -0.0486555 0.331772) 11044
(0.0300109 -0.0389904 0.331771) 11076
(-0.0242535 -0.0366905 0.333011) 11027
(0.00909003 -0.0499917 0.332115) 11060
(-0.0501818 -0.00840258 0.331723) 10892
(0.0189767 -0.0468055 0.331664) 11068
(-0.0136889 -0.046224 0.332704) 11043
(-0.0131328 -0.0510317 0.332156) 11044
(-0.00323636 -0.0542772 0.33144) 11053
(-0.00749416 0.0218024 0.264793) 6649
(-0.0320474 -0.0363804 0.333149) 11027
(-0.0299591 0.0354097 0.333032) 11243
(-0.0107548 -0.0491658 0.332187) 11044
(-0.0070681 -0.0173297 0.25794) 5783
(0.00862166 0.0494896 0.322879) 11156
(-0.0500634 -0.00577552 0.332558) 10892
(-0.00829509 -0.0169415 0.256063) 5783
(-0.0139476 -0.0474199 0.333434) 11100
(0.0397597 -0.0332251 0.332953) 10740
(0.0117444 -0.0445306 0.333459) 11115
(-0.0506341 -0.00831076 0.332729) 10892
(-0.0269491 -0.0469939 0.332671) 11036
(-0.0429247 -0.0197505 0.333498) 10955
(-0.0400316 0.0163363 0.333814) 10922
(-0.0237612 -0.0411765 0.333329) 11091
(0.0402616 -0.0319424 0.333355) 10796
(-0.0434664 0.0186589 0.33289) 10867
(0.0379663 -0.0325013 0.332522) 10740
(-0.015945 -0.0450327 0.333624) 11091
(-0.0416745 -0.0274556 0.333304) 10964
(-0.0134496 0.0484347 0.323137) 11172
(-0.0500821 -0.00818264 0.332693) 10892
(-0.00511591 0.022011 0.256757) 6593
(-0.00613856 -0.0172313 0.252417) 5735
(-0.0157562 -0.0446453 0.333736) 11091
(-0.0339331 0.0368176 0.333816) 11252
(-0.0242868 -0.0401084 0.333526) 11091
(0.00331735 -0.0469134 0.333315) 11107
(-0.00385361 -0.0482935 0.333116) 11051
(-0.009879 0.0461423 0.323763) 11227
(-0.0177557 0.0502487 0.323863) 11236
(0.00934559 -0.0491465 0.333556) 11116
(-0.0498518 -0.0204981 0.333649) 10956
(-0.0283112 -0.0349993 0.33409) 11083
(-0.0474869 -0.0188834 0.333527) 10956
(-0.038084 0.0227794 0.334613) 10923
(-0.0140752 -0.0451136 0.334124) 11099
(-0.0228486 0.0439936 0.324111) 11236
(-0.0178975 0.043584 0.324614) 11235
(0.0177333 0.0475794 0.324433) 11204
(0.0419235 -0.0239594 0.32394) 10747
(-0.021124 0.043974 0.323829) 11236
(0.000916735 -0.0489022 0.333871) 11108
(0.0126344 -0.0503827 0.333993) 11116
(-0.0536104 -0.00820832 0.334004) 10948
(-0.0413759 -0.0107276 0.335019) 10946
(-0.0252425 -0.0344511 0.334995) 11082
(-0.0219385 -0.0423221 0.334682) 11091
(-0.0506423 0.00661882 0.334048) 10932
(0.0057937 -0.0472389 0.334925) 11115
(-0.0460592 -0.0142277 0.333909) 10947
(-0.0289439 -0.0399588 0.33399) 11084
(-0.0513921 0.00235577 0.334005) 10940
(-0.0381086 0.0218865 0.335016) 10923
(-0.0364923 0.0281074 0.334564) 10915
(0.0435954 -0.0253104 0.324209) 10748
(-0.00481521 -0.054037 0.33464) 11108
(-0.0115669 0.0445609 0.325312) 11227
(-0.043326 -0.00890815 0.334749) 10947
(0.00376552 -0.0494082 0.334771) 11108
(-0.00365857 -0.0527089 0.334347) 11108
(-0.00656005 -0.0169093 0.241882) 5679
(0.00685923 -0.0455624 0.335423) 11115
(-0.0134026 -0.0454279 0.335047) 11099
(-0.0262798 -0.0333922 0.335894) 11082
(-0.0128978 -0.0452563 0.335383) 11099
(-0.00139328 -0.0464268 0.334897) 11107
(-0.00646091 0.0473044 0.32489) 11227
(0.0329561 -0.038753 0.335278) 11132
(-0.01603 -0.0504375 0.334642) 11100
(0.0537819 -0.00855755 0.324652) 10757
(-0.0548888 -0.00850448 0.334544) 10949
(-0.044081 0.000966585 0.335434) 10939
(-0.022824 0.0431578 0.325672) 11236
(-0.0221804 -0.0432055 0.335526) 11091
(-0.0133965 -0.0442063 0.335516) 11099
(-0.0462548 0.0162985 0.335241) 10923
(-0.0258573 0.0426889 0.325228) 11236
(0.00736604 -0.04796 0.334989) 11115
(-0.0505907 0.000993998 0.334839) 10940
(-0.0165241 0.0397711 0.325695) 11234
(-0.049552 -0.00612625 0.335344) 10948
(0.0471851 -0.0252572 0.325362) 10748
(-0.0228458 -0.0366696 0.336385) 11090
(-0.0245015 -0.0364228 0.335637) 11083
(0.0266414 -0.0409872 0.335737) 11131
(0.0399353 -0.0319432 0.335794) 10796
(-0.048184 0.00886974 0.335196) 10932
(-0.00567282 -0.0160887 0.234114) 5623
(0.0448132 -0.00886731 0.326005) 10755
(0.0117658 0.0483835 0.325854) 11212
(0.0523568 -0.00649565 0.325533) 10756
(-0.00081655 -0.0517002 0.335909) 11108
(-0.00467193 0.0209701 0.236798) 6480
(-0.014821 0.0430489 0.326364) 11227
(-0.0273768 0.0350189 0.336286) 11251
(-0.0141196 -0.043427 0.33622) 11099
(0.0128898 -0.0460523 0.336089) 11115
(0.0156651 -0.0437234 0.335737) 11123
(0.00175256 -0.0494592 0.335814) 11108
(-0.0498282 -0.00846094 0.33569) 10948
(-0.0151193 0.0431353 0.326576) 11235
(0.0450843 -0.0084503 0.326234) 10755
(-0.0369513 0.0281293 0.336516) 10915
(-0.031719 0.0294908 0.33646) 10914
(-0.0455516 0.00183635 0.336208) 10939
(-0.0412743 0.0267569 0.336271) 10916
(-0.0326707 0.0370218 0.336235) 11252
(-0.0481246 -0.00830166 0.336) 10948
(-0.037692 0.0303723 0.336068) 10915
(0.00727592 -0.041937 0.33675) 11114
(-0.0225644 -0.0441465 0.336545) 11092
(-0.0460103 0.00554123 0.336007) 10931
(0.0320934 -0.0378225 0.336155) 11132
(0.0447167 -0.00828663 0.326729) 10755
(-0.0215604 -0.0389227 0.336887) 11091
(-0.00643721 0.048309 0.326301) 11227
(-0.00731288 0.0511244 0.3259) 11228
(-0.0420505 -0.00732564 0.336988) 10946
(-0.0454213 0.00120707 0.336381) 10939
(-0.0341188 0.0348835 0.336466) 11251
(-0.0150183 -0.0398395 0.336736) 11090
(0.025758 -0.041894 0.336624) 11124
(-0.0104197 -0.0493898 0.336287) 11100
(0.0316889 -0.0416937 0.336612) 11132
(-0.0579054 -0.00273078 0.33614) 10941
(-0.0145638 -0.0442072 0.336971) 11099
(-0.0400385 -0.0271521 0.336676) 10963
(0.0272944 -0.03831 0.336711) 11131
(-0.00869298 0.0544028 0.326483) 11229
(-0.0310932 -0.0349403 0.337145) 11083
(-0.0123109 -0.0440456 0.337219) 11099
(-0.0157796 -0.0445466 0.33707) 11091
(-0.0140588 -0.0435195 0.337074) 11099
(-0.0137544 -0.0449671 0.336963) 11099
(-0.0231056 0.049163 0.327284) 11237
(-0.0501741 -0.00879201 0.33668) 10948
(-0.0333816 0.0299728 0.337458) 10915
(-0.00682167 -0.0453034 0.337214) 11099
(0.0493235 -0.0137413 0.326916) 10756
(-0.00321815 0.0482491 0.326708) 11219
(-0.0520339 0.00314268 0.33694) 10940
(-0.0126828 -0.0485402 0.337307) 11100
(0.0286987 -0.0385241 0.337164) 11131
(-0.0473039 0.012564 0.337034) 10932
(-0.0329732 -0.0394159 0.337089) 11084
(-0.0365381 0.0391582 0.337155) 11252
(0.0389081 -0.0336769 0.337368) 10796
(0.0370641 -0.0307095 0.337039) 10795
(-0.0257057 -0.0418213 0.336867) 11092
(-0.0106696 0.042311 0.327892) 11227
(-0.0238935 -0.0374678 0.337686) 11083
(-0.0362648 0.0280663 0.33776) 10915
(0.0074846 -0.0493806 0.337429) 11116
(-0.0122911 -0.0503656 0.337314) 11100
(-0.0129126 -0.0496403 0.336902) 11100
(-0.0141102 -0.0495029 0.33762) 11100
(-0.0488633 -0.00545125 0.337473) 10940
(-0.0510279 0.00405127 0.337281) 10940
(-0.041549 -0.017168 0.338096) 10955
(-0.0495372 -0.00581213 0.337635) 10948
(-0.0235813 -0.0466363 0.337711) 11092
(0.00141179 -0.0480619 0.337569) 11107
(-0.0127228 -0.0412937 0.33846) 11098
(-0.0328007 -0.0269545 0.338233) 10962
(0.00583256 -0.0466581 0.338405) 11115
(-0.0384295 0.0194214 0.338223) 10922
(-0.0358384 0.0280114 0.338173) 10915
(0.0456105 -0.0270201 0.327869) 10748
(-0.051736 -0.00755668 0.337665) 10948
(-0.0136269 -0.0435651 0.33837) 11099
(0.031165 -0.0414962 0.338173) 11132
(-0.0395846 -0.0259014 0.338403) 10963
(-0.0140241 -0.0441014 0.338453) 11099
(-0.00162265 -0.0508347 0.338479) 11108
(-0.0502867 -0.00887605 0.338106) 10948
(-0.0483044 -0.0191077 0.338316) 10956
(-0.0175252 -0.0472688 0.33803) 11092
(-0.0431148 -0.0185306 0.338492) 10955
(0.0111604 -0.0435271 0.338462) 11115
(-0.0128255 -0.0462774 0.338456) 11099
(-0.00216263 0.0492415 0.328503) 11220
(0.0450817 -0.0240746 0.32851) 10748
(0.051074 -0.00619787 0.328292) 10756
(-0.0425066 0.00322802 0.338826) 10938
(-0.00513644 0.0435127 0.328776) 11227
(-0.0507362 -0.0088564 0.338398) 10948
(-0.0193755 -0.0461775 0.338418) 11092
(0.0126944 -0.045867 0.338851) 11115
(-0.0103435 -0.0459045 0.338606) 11099
(-0.0250838 0.0434059 0.328763) 11236
(0.0266476 -0.0393733 0.338589) 11131
(-0.0474643 0.0129939 0.338585) 10932
(-0.0511832 0.000853392 0.3385) 10940
(0.0480882 -0.015613 0.328516) 10756
(0.0370097 -0.0311035 0.338527) 10795
(-0.0332257 -0.0269975 0.339214) 10962
(-0.023755 -0.0356922 0.339305) 11082
(-0.014197 -0.0429035 0.338959) 11099
(-0.032122 0.0301248 0.339309) 10915
(-0.0189022 0.0453574 0.329168) 11236
(0.0107165 0.0486541 0.329143) 11212
(0.0016761 -0.0488722 0.339049) 11108
(-0.049179 -0.00507569 0.338826) 10940
(-0.0484166 0.013882 0.338959) 10932
(-0.0451424 -0.0154759 0.338774) 10947
(0.0467266 -0.0132354 0.328811) 10755
(0.00722444 -0.041994 0.339468) 11114
(-0.0388489 -0.025778 0.339297) 10963
(0.0508234 -0.0144265 0.329288) 10756
(0.0179066 -0.0429178 0.339096) 11123
(-0.0386018 -0.0287999 0.339085) 10963
(0.0142176 -0.0469987 0.339161) 11116
(-0.00563921 -0.0151188 0.205876) 5510
(0.00351576 -0.0429439 0.339452) 11106
(-0.0144584 0.0471011 0.329584) 11228
(-0.0388414 0.0235715 0.33933) 10923
(-0.0479865 -0.0183008 0.339175) 10956
(-0.0140576 -0.0522859 0.339203) 11101
(-0.0142278 -0.0403776 0.340127) 11090
(-0.0135335 0.0418992 0.329877) 11227
(-0.0137587 -0.0426688 0.339787) 11099
(-0.0513701 -0.00865697 0.339563) 10948
(0.0356141 -0.0411081 0.339491) 11133
(-0.00259937 -0.043902 0.339926) 11107
(-0.0347861 0.0284003 0.33992) 10915
(-0.0192365 0.0425307 0.32991) 11235
(0.00616449 -0.0469691 0.339626) 11115
(-0.0410814 -0.0116446 0.340059) 10946
(-0.0389367 0.0236504 0.340228) 10923
(-0.0437152 0.00293796 0.339936) 10939
(0.00558885 -0.0460891 0.33996) 11115
(-0.0454009 0.00440159 0.339866) 10939
(0.00617937 0.0484743 0.329957) 11211
(0.0573211 -0.00490916 0.329755) 10765
(-0.028738 0.0353501 0.340247) 11251
(-0.0224767 0.0408046 0.330191) 11235
(0.00883544 -0.0413466 0.340255) 11114
(-0.0348666 0.0352748 0.339936) 11252
(-0.0474226 -0.0192413 0.339984) 10956
(-0.0171482 -0.0439846 0.339885) 11091
(-0.0244523 -0.0355832 0.340289) 11082
(-0.0130296 -0.0438047 0.340197) 11099
(-0.00430486 -0.0451251 0.340197) 11107
(-0.000335502 0.0504987 0.33038) 11220
(-0.0342608 0.0366851 0.340169) 11252
(-0.0167197 -0.0413871 0.340554) 11091
(0.0431818 -0.00717373 0.330583) 10755
(0.0108244 -0.043723 0.340566) 11115
(-0.00638457 -0.0448646 0.340315) 11099
(0.0495108 0.0129011 0.330267) 10772
(-0.0521739 -0.00606066 0.340204) 10948
(-0.0398076 -0.0283404 0.340107) 10964
(0.0419985 -0.0234608 0.330504) 10747
(-0.0123388 0.0416305 0.330852) 11226
(-0.0120624 0.0420332 0.330909) 11227
(-0.0444179 -0.00148962 0.340685) 10939
(-0.0424136 -0.0186057 0.340591) 10955
(-0.034293 -0.0264604 0.340842) 10962
(-0.0216641 -0.037462 0.340848) 11090
(0.0391684 -0.032294 0.340845) 10796
(-0.0125013 -0.0453454 0.340658) 11099
(-0.0497854 -0.00877128 0.340612) 10948
(-0.0140809 -0.0406347 0.341267) 11098
(-0.0127809 -0.0409594 0.341163) 11098
(-0.0334373 0.027128 0.341056) 10914
(-0.0324361 0.0308477 0.341112) 10915
(-0.0264166 -0.0353103 0.341022) 11083
(-0.0107688 0.0414078 0.331167) 11226
(-0.0147644 -0.0433952 0.340983) 11099
(-0.00339594 0.0474505 0.330939) 11219
(-0.0154333 -0.0493325 0.340776) 11100
(-0.0304431 -0.0315849 0.341088) 11083
(-0.0395795 0.0248751 0.340982) 10915
(-0.0125644 0.0481142 0.331074) 11228
(-0.0324416 0.0358616 0.34086) 11251
(-0.041882 -0.00786709 0.341408) 10946
(-0.00276733 -0.0423433 0.341356) 11106
(0.0236981 -0.0449975 0.34113) 11124
(-0.020518 0.0474822 0.331241) 11236
(0.0543897 0.00186863 0.331092) 10765
(-0.0394456 -0.0248923 0.341417) 10963
(0.0447213 -0.00694347 0.331429) 10755
(0.0285501 -0.0383595 0.341264) 11131
(0.0421137 -0.0234539 0.331387) 10747
(-0.0252663 0.0344936 0.341586) 11250
(-0.0210415 -0.0379463 0.341651) 11090
(-0.0364943 -0.0221537 0.341774) 10954
(-0.052175 -0.00896923 0.341585) 10948
(-0.0513539 0.00135924 0.341556) 10940
(-0.0119419 -0.0434184 0.341791) 11099
(-0.0332289 0.0275991 0.341734) 10914
(-0.0518803 -0.009077 0.341794) 10948
(0.04778 -0.014236 0.332063) 10756
(-0.0141216 -0.0426865 0.341904) 11099
(0.055148 -0.00755191 0.331962) 10757
(0.000913451 -0.0487046 0.342001) 11107
(-0.012461 0.0473981 0.332141) 11228
(0.0476975 -0.014198 0.332266) 10756
(-0.0102765 -0.0459118 0.342179) 11099
(-0.052221 -0.00673651 0.342184) 10948
(-0.0498545 0.00277597 0.342205) 10940
(-0.0253369 -0.0457929 0.342201) 11092
(-0.0254464 -0.0477919 0.342149) 11093
(-0.041621 -0.00711671 0.342485) 10946
(-0.0115271 0.0415075 0.332434) 11226
(0.0101736 -0.0504404 0.342371) 11116
(-0.0485657 -0.0207006 0.342247) 10956
(-0.022325 -0.0459429 0.342224) 11092
(-0.0358529 -0.026127 0.342552) 10963
(0.00604185 -0.045387 0.342487) 11115
(-0.00756937 0.0449519 0.332588) 11227
(-0.0436978 -0.00996689 0.342408) 10947
(-0.0517537 0.00168461 0.342431) 10940
(-0.0257588 -0.0404364 0.342378) 11083
(-0.0300275 -0.0312094 0.342598) 11082
(0.0430831 -0.0238024 0.332691) 10748
(-0.0121912 -0.0498517 0.342564) 11100
(0.0440747 -0.0237279 0.332713) 10748
(-0.0146833 -0.0514016 0.342564) 11100
(0.0436572 -0.0234969 0.332786) 10748
(-0.0526345 -0.00691055 0.342752) 10948
(-0.0413169 -0.0275262 0.342739) 10964
(0.0432281 -0.00765794 0.332921) 10755
(0.00915842 -0.0442041 0.342905) 11115
(-0.000718056 -0.0460239 0.342806) 11107
(-0.0448257 -0.00872039 0.342882) 10947
(-0.0339844 0.0364145 0.342822) 11252
(-0.0239672 0.0351797 0.343057) 11250
(0.0193833 -0.0424913 0.343014) 11123
(-0.0475183 -0.0207607 0.342995) 10956
(0.00963529 -0.0430857 0.343191) 11115
(0.0210149 -0.0450605 0.34311) 11124
)


// ************************************************************************* //
