/*--------------------------------*- C++ -*----------------------------------*\
| =========                 |                                                 |
| \\      /  F ield         | OpenFOAM: The Open Source CFD Toolbox           |
|  \\    /   O peration     | Version:  plus.master.MPPICInterFoam            |
|   \\  /    A nd           | Web:      www.OpenFOAM.com                      |
|    \\/     M anipulation  |                                                 |
\*---------------------------------------------------------------------------*/
FoamFile
{
    version     2.0;
    format      ascii;
    class       volScalarField;
    location    "13.8";
    object      rho;
}
// * * * * * * * * * * * * * * * * * * * * * * * * * * * * * * * * * * * * * //

dimensions      [1 -3 0 0 0 0 0];

internalField   nonuniform List<scalar> 
11822
(
999.996
1000
1000
1000
1000
1000
1000
885.626
900.513
904.503
981.956
1000
1000
1000
440.147
367.973
517.526
853.204
981.31
1000
1000
283.526
283.653
284.122
557.562
918.528
1000
1000
461.445
480.785
493.144
491.289
910.22
1000
1000
312.71
282.964
289.842
542.798
902.861
1000
1000
447.209
370.333
432.047
717.832
944.93
1000
1000
1000
1000
1000
1000
1000
1000
1000
883.196
904.345
903.763
981.388
1000
1000
1000
426.444
368.336
519.651
853.238
980.532
1000
1000
283.449
283.581
300.077
564.927
918.632
1000
1000
355.806
484.874
391.446
492.58
912.725
1000
1000
382.551
282.192
296.891
536.501
902.595
1000
1000
431.763
353.428
417.788
712.516
943.456
1000
1000
1000
1000
1000
1000
1000
1000
1000
878.6
905.423
901.881
980.352
1000
1000
1000
416.561
377.339
521.531
852.081
978.683
1000
1000
283.172
332.601
463.123
576.614
916.627
1000
1000
281.991
484.966
289.232
495.969
911.379
1000
1000
354.291
280.948
292.051
527.155
898.834
1000
1000
380.465
307.354
392.632
709.408
939.866
1000
1000
1000
1000
1000
1000
1000
1000
1000
879.474
907.884
902.55
980.156
1000
1000
1000
430.089
409.523
542.247
854.028
977.48
1000
1000
288.197
484.292
480.233
592.718
913.381
1000
1000
280.385
484.96
288.572
511.869
909.381
1000
1000
285.691
279.87
288.409
532.256
894.538
1000
1000
365.171
302.064
396.965
717.399
937.969
1000
1000
1000
1000
1000
1000
1000
1000
1000
878.738
906.447
901.763
980.07
1000
1000
1000
446.669
418.462
556.468
851.817
976.465
1000
1000
284.134
375.077
346.465
588.452
908.378
1000
1000
279.68
484.955
419.039
512.462
904.488
1000
1000
282.287
279.762
288.769
536.705
888.84
1000
1000
384.103
329.275
422.617
724.245
934.991
1000
1000
1000
1000
1000
1000
1000
1000
1000
875.668
902.793
899.564
980.478
1000
1000
1000
436.413
391.714
548.04
840.695
976.328
1000
1000
285.84
278.892
284.036
569.958
906.103
1000
1000
277.245
371.336
470.789
482.505
900.076
1000
1000
284.913
285.354
288.987
525.236
885.107
1000
1000
392.333
340.708
424.448
718.293
932.122
1000
1000
1000
1000
1000
1000
1000
1000
999.956
999.536
1000
1000
1000
1000
1000
1000
1000
1000
1000
1000
1000
1000
1000
1000
1000
1000
1000
1000
1000
1000
1000
1000
1000
1000
1000
1000
1000
1000
1000
1000
1000
999.988
1000
1000
1000
1000
1000
1000
1000
999.878
1000
1000
1000
1000
1000
1000
1000
999.662
1000
1000
1000
1000
1000
1000
999.944
999.627
1000
1000
1000
1000
1000
1000
1000
1000
1000
1000
1000
1000
1000
1000
1000
1000
1000
1000
1000
1000
1000
1000
1000
1000
1000
1000
1000
1000
1000
1000
1000
999.979
1000
1000
1000
1000
1000
1000
1000
999.93
1000
1000
1000
1000
1000
1000
1000
999.662
1000
1000
1000
1000
1000
1000
999.933
999.697
1000
1000
1000
1000
1000
1000
1000
1000
1000
1000
1000
1000
1000
1000
1000
1000
1000
1000
1000
1000
1000
1000
1000
1000
1000
1000
1000
1000
1000
1000
1000
999.97
1000
1000
1000
1000
1000
1000
1000
999.965
1000
1000
1000
1000
1000
1000
1000
999.665
1000
1000
1000
1000
1000
1000
999.906
999.802
1000
1000
1000
1000
1000
1000
1000
1000
1000
1000
1000
1000
1000
1000
1000
1000
1000
1000
1000
1000
1000
1000
1000
1000
1000
1000
1000
1000
1000
1000
1000
999.963
1000
1000
1000
1000
1000
1000
1000
999.904
1000
1000
1000
1000
1000
1000
1000
999.875
1000
1000
1000
1000
1000
1000
999.888
999.828
1000
1000
1000
1000
1000
1000
1000
1000
1000
1000
1000
1000
1000
1000
1000
1000
1000
1000
1000
1000
1000
1000
1000
1000
1000
1000
1000
1000
1000
1000
1000
999.954
1000
1000
1000
1000
1000
1000
1000
999.734
1000
1000
1000
1000
1000
1000
1000
999.894
1000
1000
1000
1000
1000
1000
999.931
999.961
1000
1000
1000
1000
1000
1000
1000
1000
1000
1000
1000
1000
1000
1000
1000
1000
1000
1000
1000
1000
1000
1000
1000
1000
1000
1000
1000
1000
1000
1000
1000
999.978
1000
1000
1000
1000
1000
1000
1000
999.735
1000
1000
1000
1000
1000
1000
1000
999.787
778.63
993.029
1000
1000
1000
1000
999.999
1000
533.749
843.061
1000
1000
1000
999.983
999.93
999.99
491.657
787.449
999.961
1000
1000
999.44
999.444
999.967
431.159
833.266
1000
1000
999.704
998.991
999.829
999.891
740.264
992.164
1000
1000
999.264
998.991
999.832
999.87
977.262
999.972
1000
1000
999.916
999.326
999.891
999.972
1000
999.999
999.999
1000
999.977
999.947
999.982
1000
747.569
991.266
1000
1000
1000
999.999
999.997
1000
520.376
809.151
1000
1000
1000
1000
999.904
999.992
478.061
764.825
999.93
1000
1000
999.426
999.442
999.969
411.368
811.031
1000
1000
999.22
998.991
999.868
999.924
732.152
991.226
1000
1000
999.156
998.991
999.607
999.87
975.695
999.957
1000
1000
999.494
999.516
999.862
999.973
1000
999.999
1000
1000
999.941
999.929
999.983
1000
733.699
991.463
1000
1000
1000
999.99
999.989
1000
440.246
785.375
1000.01
1000
1000
999.958
999.772
999.994
396.482
730.018
999.993
1000
1000
999.376
999.424
999.971
375.208
796.765
1000
999.999
999.156
999.295
999.878
999.878
725.288
990.072
1000
999.972
999.156
999.175
999.526
999.867
973.096
999.932
1000
1000
999.157
999.661
999.796
999.977
1000
999.999
1000
1000
999.898
999.868
999.98
1000
741.4
992.869
1000
1000
1000
999.973
999.98
1000
397.288
789.128
1000
1000
1000
999.576
999.671
999.998
325.895
725.977
1000
1000
1000
999.373
999.42
999.976
378.881
800.783
1000
999.999
999.379
999.895
999.733
999.858
730.304
989.518
1000
999.887
999.156
999.886
999.292
999.87
972.427
999.918
1000
1000
999.16
999.503
999.709
999.984
1000
999.999
1000
999.999
999.866
999.789
999.973
1000
753.762
993.254
1000
1000
999.999
999.948
999.976
1000
421.508
801.56
999.998
1000
1000
999.373
999.68
1000
322.595
731.087
999.998
1000
1000
999.373
999.487
999.983
405.976
804.823
999.998
999.998
999.896
999.994
999.288
999.864
731.935
988.448
1000
999.812
999.172
999.953
999.288
999.891
971.418
999.898
1000
1000
999.256
999.257
999.704
999.994
1000
999.999
1000
999.993
999.846
999.786
999.971
1000
746.065
992.163
1000
1000
999.996
999.942
999.977
1000
447.561
797.511
999.996
1000
999.985
999.374
999.713
1000
317.452
724.153
999.992
999.997
999.984
999.373
999.66
999.998
405.737
792.775
999.995
999.996
999.994
999.994
999.363
999.892
722.468
985.594
1000
999.822
999.742
999.762
999.288
999.936
969.548
999.86
1000
1000
999.257
999.258
999.699
1000
1000
1000
1000
999.992
999.85
999.818
999.975
1000
1000
1000
1000
1000
1000
1000
1000
1000
1000
1000
1000
1000
1000
999.999
1000
999.999
1000
1000
1000
1000
999.991
1000
999.993
999.999
1000
1000
1000
999.995
999.999
999.997
999.998
1000
1000
1000
999.995
999.999
1000
999.999
1000
1000
1000
999.994
999.998
1000
1000
1000
999.986
997.603
1000
1000
1000
1000
1000
1000
999.404
997.565
1000
1000
1000
1000
1000
1000
1000
1000
1000
1000
1000
1000
1000
999.999
1000
999.999
1000
1000
999.999
999.94
999.99
1000
999.993
999.999
1000
1000
999.997
999.994
999.999
999.994
999.998
1000
1000
999.999
999.993
1000
1000
999.999
1000
1000
999.998
999.994
999.999
1000
1000
1000
999.944
998.091
1000
1000
1000
1000
1000
1000
999.359
997.565
1000
1000
1000
1000
1000
1000
1000
1000
1000
1000
1000
1000
999.974
999.999
999.994
999.999
1000
1000
999.972
999.909
999.991
1000
999.993
1000
1000
1000
999.993
999.995
1000
999.994
999.999
1000
1000
999.992
999.993
1000
1000
999.999
1000
1000
999.996
999.996
999.999
1000
1000
1000
999.864
999.447
1000
1000
1000
1000
1000
1000
999.348
997.586
1000
1000
1000
1000
999.999
1000
1000
1000
1000
1000
1000
999.939
999.962
1000
999.994
999.999
1000
1000
999.922
999.909
999.992
1000
999.995
1000
1000
1000
999.993
999.997
1000
999.994
999.999
1000
1000
999.99
999.994
1000
1000
999.999
1000
1000
999.996
999.998
1000
1000
1000
1000
999.858
999.877
1000
1000
1000
1000
1000
1000
999.327
997.586
1000
1000
1000
1000
999.995
1000
1000
1000
1000
1000
1000
999.822
999.963
1000
999.998
1000
1000
1000
999.911
999.919
999.995
999.998
999.999
1000
1000
1000
999.993
999.999
1000
999.994
999.999
999.999
1000
999.99
999.996
1000
1000
999.999
1000
999.993
999.996
999.998
1000
1000
999.999
1000
999.871
999.891
1000
1000
1000
1000
1000
1000
999.509
997.586
1000
1000
1000
999.973
1000
1000
1000
1000
1000
1000
999.96
999.822
999.962
1000
1000
1000
1000
1000
999.911
999.95
999.999
999.996
999.999
1000
1000
1000
999.996
1000
1000
999.995
999.999
999.993
999.999
999.99
999.997
1000
1000
999.999
1000
999.985
999.997
999.999
1000
1000
999.999
1000
999.927
999.699
1000
1000
1000
1000
1000
1000
1000
998.11
1000
1000
1000
1000
999.997
999.994
999.998
999.988
1000
1000
1000
999.999
999.997
999.937
999.981
999.998
996.724
1000
1000
999.99
999.997
1000
999.941
999.954
951.096
1000
1000
1000
999.985
999.998
999.965
999.718
742.448
997.552
1000
1000
999.957
999.998
999.989
999.715
703.727
995.147
1000
1000
1000
999.991
1000
999.809
840.688
1000
1000
1000
1000
1000
1000
1000
1000
1000
1000
999.999
999.995
999.995
999.999
999.813
1000
1000
1000
999.999
999.97
999.716
999.984
999.984
996.367
1000
999.999
999.991
999.997
999.922
999.938
999.96
949.184
1000
1000
1000
999.989
999.966
999.941
999.715
725.466
997.169
1000
1000
999.957
999.993
999.889
999.715
670.472
993.347
1000
1000
999.995
999.97
1000
999.718
817.706
1000
1000
1000
1000
1000
1000
1000
1000
1000
1000
999.997
999.995
999.998
999.999
999.671
1000
1000
1000
999.994
999.835
999.707
999.99
999.958
995.891
1000
999.996
999.997
999.993
999.264
999.943
999.985
945.931
1000
1000
1000
999.994
999.908
999.944
999.715
718.747
996.6
1000
1000
999.959
999.97
999.725
999.715
653.413
991.851
1000
1000
999.965
999.969
1000
999.73
810.889
1000
1000
1000
1000
1000
1000
1000
1000
1000
1000
999.997
999.997
999.998
999.999
999.671
1000
1000
1000
999.976
999.683
999.763
999.995
999.922
995.76
1000
999.996
1000
999.572
999.249
999.952
999.996
945.653
1000
1000
1000
999.997
999.902
999.947
999.867
725.355
995.879
1000
1000
999.973
999.873
999.715
999.715
662.615
991.274
1000
1000
999.954
999.973
1000
999.739
816.789
1000
1000
1000
1000
1000
1000
1000
1000
1000
999.997
999.997
999.997
999.998
1000
999.671
1000
1000
999.999
999.963
999.692
999.852
1000
999.876
995.581
1000
999.996
1000
999.061
999.309
999.97
999.997
944.92
1000
1000
1000
999.996
999.934
999.964
999.993
729.687
994.531
1000
1000
999.98
999.83
999.813
999.715
676.777
990.035
1000
1000
999.954
999.981
999.996
999.723
821.119
1000
1000
1000
999.999
1000
1000
999.997
1000
1000
999.999
999.984
999.937
999.992
1000
999.686
1000
1000
1000
999.941
999.71
999.989
1000
999.882
995.314
1000
999.999
999.972
999.06
999.392
1000
999.999
941.667
1000
1000
999.995
999.975
999.967
999.999
999.998
718.457
992.099
1000
1000
999.984
999.831
999.957
999.716
664.899
985.892
1000
1000
999.954
999.988
999.981
999.721
811.235
999.999
1000
1000
999.999
1000
1000
999.953
1000
1000
1000
1000
1000
1000
1000
1000
1000
1000
1000
1000
1000
1000
1000
1000
1000
1000
1000
1000
1000
1000
1000
1000
1000
1000
1000
1000
1000
1000
1000
1000
1000
1000
1000
1000
1000
1000
1000
1000
1000
1000
1000
1000
1000
1000
1000
1000
1000
1000
1000
1000
1000
1000
1000
1000
1000
1000
1000
1000
1000
1000
1000
1000
1000
1000
1000
1000
1000
1000
1000
1000
1000
1000
1000
1000
1000
1000
1000
1000
1000
1000
1000
1000
1000
1000
1000
1000
1000
1000
1000
1000
1000
1000
1000
1000
1000
1000
1000
1000
1000
1000
1000
1000
1000
1000
1000
1000
1000
1000
1000
1000
1000
1000
1000
1000
1000
1000
1000
1000
1000
1000
1000
1000
1000
1000
1000
1000
1000
1000
1000
1000
1000
1000
1000
1000
1000
1000
1000
1000
1000
1000
1000
1000
1000
1000
1000
1000
1000
1000
1000
1000
1000
1000
1000
1000
1000
1000
1000
1000
1000
1000
1000
1000
1000
1000
1000
1000
1000
1000
1000
1000
1000
1000
1000
999.899
1000
1000
1000
1000
1000
1000
1000
999.989
1000
1000
1000
1000
1000
1000
1000
996.715
1000
1000
1000
1000
1000
1000
1000
996.165
1000
1000
1000
1000
1000
1000
1000
990.127
1000
1000
1000
1000
1000
1000
1000
969.34
1000
1000
1000
1000
1000
1000
1000
965.959
1000
1000
1000
1000
999.999
999.999
991.575
939.892
1000
1000
1000
1000
999.999
999.998
1000
942.958
1000
1000
1000
1000
999.999
999.999
1000
930.14
1000
1000
1000
1000
999.999
999.999
1000
933.948
1000
1000
1000
1000
999.999
999.315
1000
932.365
1000
1000
1000
1000
999.999
999.999
995.807
924.272
1000
1000
1000
1000
999.999
999.999
997.488
924.267
1000
1000
1000
999.995
979.468
904.388
851.601
859.478
1000
1000
999.999
999.995
975.903
879.69
912.046
894.192
1000
1000
999.999
999.994
971.21
884.662
894.839
896.718
1000
1000
999.999
999.994
970.577
880.638
892.888
912.141
1000
1000
1000
999.994
980.735
856.165
899.738
926.307
1000
1000
1000
999.994
980.456
870.842
904.225
952.333
1000
1000
1000
999.993
967.927
861.448
901.316
953.56
1000
1000
1000
1000
1000
1000
1000
1000
1000
1000
1000
1000
1000
1000
1000
1000
1000
1000
1000
1000
1000
1000
1000
1000
1000
1000
1000
1000
1000
1000
1000
1000
1000
1000
1000
1000
1000
1000
1000
1000
999.985
1000
1000
1000
1000
1000
1000
1000
999.993
1000
1000
1000
1000
1000
1000
1000
1000
1000
1000
1000
1000
1000
1000
1000
1000
1000
1000
1000
1000
1000
1000
1000
1000
1000
1000
1000
1000
1000
1000
1000
1000
1000
1000
1000
1000
1000
1000
1000
999.998
1000
1000
1000
1000
1000
1000
1000
999.988
1000
1000
1000
1000
1000
1000
1000
999.998
1000
1000
1000
1000
1000
1000
1000
1000
1000
1000
1000
1000
1000
1000
1000
1000
1000
1000
1000
1000
1000
1000
1000
1000
1000
1000
1000
1000
1000
1000
1000
1000
1000
1000
1000
1000
1000
1000
1000
999.998
1000
1000
1000
1000
1000
1000
1000
1000
1000
1000
1000
1000
1000
1000
1000
1000
1000
1000
1000
1000
1000
1000
1000
1000
1000
1000
1000
1000
1000
1000
1000
1000
1000
1000
1000
1000
1000
1000
1000
999.996
1000
1000
1000
1000
1000
1000
1000
999.991
1000
1000
1000
1000
1000
1000
1000
999.998
1000
1000
1000
1000
1000
1000
992.842
1000
1000
1000
1000
1000
1000
1000
988.9
1000
1000
1000
1000
1000
1000
1000
984.488
1000
1000
1000
1000
1000
1000
999.997
1000
1000
1000
1000
1000
1000
1000
999.997
1000
999.986
1000
1000
1000
1000
1000
999.997
1000
999.959
1000
1000
1000
1000
1000
999.998
1000
1000
1000
1000
1000
1000
999.999
999.998
930.719
1000
1000
1000
1000
1000
999.998
999.999
913.094
1000
1000
1000
1000
1000
999.998
980.261
921.581
1000
1000
1000
1000
999.999
999.989
861.005
859.101
999.997
1000
1000
1000
999.999
999.989
861.551
870.905
999.981
1000
1000
1000
999.999
999.989
859.374
861.064
999.955
1000
1000
1000
999.999
999.991
903.351
923.622
999.974
1000
1000
1000
999.994
981.865
834.736
888.682
1000
1000
1000
1000
999.993
937.839
847.711
876.392
1000
1000
1000
1000
999.993
894.687
854.851
951.537
1000
1000
1000
1000
1000
1000
1000
1000
1000
1000
1000
1000
1000
1000
1000
1000
1000
1000
1000
1000
1000
1000
1000
1000
1000
1000
1000
1000
1000
1000
1000
1000
1000
1000
1000
1000
1000
1000
1000
1000
1000
1000
1000
1000
1000
1000
1000
1000
1000
1000
1000
1000
1000
1000
1000
1000
1000
1000
1000
1000
1000
1000
1000
1000
1000
1000
1000
1000
1000
1000
1000
1000
1000
1000
1000
1000
1000
1000
1000
1000
1000
1000
1000
1000
1000
1000
1000
1000
1000
1000
1000
1000
1000
1000
1000
1000
1000
1000
1000
1000
1000
1000
1000
1000
1000
1000
1000
1000
1000
1000
1000
1000
1000
1000
1000
1000
1000
1000
1000
1000
1000
1000
1000
1000
1000
1000
1000
1000
1000
1000
1000
1000
1000
1000
1000
1000
1000
1000
1000
1000
1000
1000
1000
1000
1000
1000
1000
1000
1000
1000
1000
1000
1000
1000
1000
1000
1000
1000
1000
1000
1000
1000
1000
1000
1000
1000
1000
1000
1000
1000
1000
1000
1000
1000
1000
989.64
1000
1000
1000
1000
1000
1000
1000
975.2
1000
1000
1000
1000
1000
1000
1000
983.511
1000
1000
1000
1000
1000
1000
1000
982.707
1000
1000
1000
1000
1000
1000
1000
984.832
1000
1000
1000
1000
1000
1000
1000
980.272
1000
1000
1000
1000
1000
1000
1000
987.698
1000
1000
1000
1000
1000
999.998
971.148
930.277
1000
1000
1000
1000
1000
999.999
945.827
922.736
1000
1000
1000
1000
999.999
998.446
944.688
922.735
1000
1000
1000
1000
999.999
999.999
996.658
922.738
1000
1000
1000
1000
999.999
999.999
1000
927.847
1000
1000
1000
1000
999.999
999.999
1000
937.884
1000
1000
1000
1000
999.999
999.999
1000
914.07
1000
1000
1000
999.999
999.993
905.294
875.738
934.102
1000
1000
1000
999.996
999.991
891.22
828.802
947.399
1000
1000
1000
999.994
975.801
836.247
834.202
947.326
1000
1000
1000
999.993
974.851
855.344
883.628
943.614
1000
1000
1000
999.993
985.301
861.829
898.898
929.785
1000
1000
1000
999.993
982.163
903.521
906.23
932.092
1000
1000
1000
999.994
980.921
912.554
874.422
886.974
1000
1000
1000
1000
1000
1000
1000
1000
1000
1000
1000
1000
1000
1000
1000
1000
1000
1000
1000
1000
1000
1000
1000
1000
1000
1000
1000
1000
1000
1000
1000
1000
1000
1000
1000
1000
1000
1000
1000
1000
1000
1000
1000
1000
1000
1000
1000
1000
1000
1000
1000
1000
1000
1000
1000
1000
1000
1000
1000
1000
1000
1000
1000
1000
1000
1000
1000
1000
1000
1000
1000
1000
999.999
1000
1000
1000
1000
1000
1000
1000
1000
1000
1000
1000
1000
1000
1000
1000
1000
1000
1000
1000
1000
1000
1000
1000
1000
1000
1000
1000
1000
1000
1000
1000
1000
1000
1000
1000
1000
1000
1000
1000
1000
1000
1000
1000
1000
1000
1000
999.263
1000
1000
1000
1000
1000
1000
1000
997.584
999.999
1000
1000
1000
1000
1000
1000
1000
999.989
1000
1000
1000
1000
1000
1000
1000
999.991
1000
1000
1000
1000
1000
1000
1000
999.997
1000
1000
1000
1000
1000
1000
1000
999.995
1000
1000
1000
1000
1000
1000
1000
1000
1000
1000
1000
1000
1000
1000
958.388
1000
1000
1000
1000
1000
1000
1000
961.301
1000
1000
1000
1000
1000
1000
1000
967.852
999.98
1000
1000
1000
1000
1000
1000
987.599
999.881
1000
1000
1000
1000
1000
1000
973.487
999.904
1000
1000
1000
1000
1000
1000
1000
999.979
1000
1000
1000
1000
1000
1000
1000
1000
1000
1000
1000
999.999
999.999
959.943
924.653
1000
1000
1000
1000
1000
999.998
963.153
935.99
1000
1000
1000
1000
1000
999.999
973.007
926.258
999.98
1000
1000
1000
1000
999.999
984.495
902.763
999.848
1000
1000
1000
1000
999.999
999.272
928.009
999.848
1000
1000
1000
1000
1000
999.998
986.688
999.974
1000
1000
1000
1000
1000
999.998
986.003
1000
1000
1000
999.994
985.324
878.562
859.521
961.957
1000
1000
1000
999.997
999.993
877.747
809.777
947.747
1000
1000
1000
999.999
999.992
940.273
823.836
928.991
999.991
1000
1000
1000
999.992
976.64
831.174
875.134
999.894
1000
1000
1000
999.992
958.419
847.3
918.733
999.897
1000
1000
1000
999.996
999.99
848.348
891.46
999.977
1000
1000
1000
999.999
999.991
923.618
814.823
999.226
999.88
999.298
1000
1000
998.776
998.362
996.316
997.34
999.833
999.988
1000
1000
999.178
998.474
994.509
997.494
998.167
999.783
1000
1000
999.264
997.352
996.079
998.092
998.219
999.899
1000
1000
998.923
995.609
996.549
998.232
998.938
1000
1000
1000
998.476
995.493
998.628
999.388
998.748
999.62
1000
999.813
995.275
994.571
998.873
999.29
998.748
999.591
1000
998.136
990.674
994.763
999.827
999.606
999.105
999.176
1000
992.359
993.219
995.92
980.544
994.346
1000
1000
1000
993.719
992.931
995.445
981.875
994.326
999.689
1000
1000
993.754
992.923
996.465
984.017
995.625
1000
1000
1000
993.57
992.653
994.766
985.447
996.508
1000
1000
1000
993.653
992.595
989.608
990.769
997.785
1000
1000
999.007
992.431
989.6
989.606
989.843
998.977
1000
1000
995.446
989.081
989.095
994.306
992.475
997.509
999.819
1000
991.108
979.211
994.829
996.804
980.538
984.486
998.144
1000
992.808
979.198
994.183
996.698
980.537
986.053
998.017
1000
996.469
979.189
996.235
998.32
980.537
991.846
999.98
1000
989.96
979.198
994.592
998.698
981.082
991.638
999.988
1000
989.383
979.208
994.686
996.158
981.084
991.835
998.253
1000
975.424
987.814
998.151
997.616
981.089
990.329
998.775
1000
983.141
990.929
996.36
999.661
981.63
994.809
1000
1000
946.793
984.659
999.669
999.669
999.669
981.715
984.166
997.621
946.8
979.781
999.668
999.669
994.646
981.011
991.749
1000
950.621
979.193
999.668
999.502
989.295
980.698
993.602
1000
950.664
981.047
999.668
999.667
995.35
979.467
992.491
1000
950.697
987.625
999.665
999.665
989.498
979.464
980.977
997.519
965.359
999.663
999.663
999.665
994.579
979.459
984.196
999.141
993.146
999.663
999.663
999.663
999.659
979.454
994.158
1000
947.226
995.562
999.668
999.669
984.749
987.868
973.918
976.662
949.953
986.232
999.664
999.312
993.648
993.643
976.709
974.725
941.328
978.986
999.668
998.147
998.142
992.631
976.866
976.28
950.662
988.82
999.663
997.98
998.132
989.675
974.143
976.04
954.496
995.822
994.766
995.903
997.098
994.345
991.478
972.691
979.8
999.663
996.695
996.8
993.588
994.04
989.283
973.381
999.628
999.663
990.284
983.393
992.195
969.483
968.073
974.809
941.874
994.033
964.998
929.001
875.9
958.336
952.974
937.646
992.112
993.719
929.768
895.861
897.617
933.335
948.564
933.467
986.73
981.656
932.482
869.651
904.723
932.034
938.509
919.613
983.599
971.399
903.851
900.643
918.046
931.315
941.521
927.515
983.389
968.583
908.667
887.658
911.112
925.337
933.28
944.101
983.173
954.097
909.7
897.478
905.936
924.397
935.014
945.99
974.761
949.646
871.336
907.574
956.268
963.363
948.231
940.883
1000
1000
1000
1000
998.036
987.828
994.842
1000
1000
1000
1000
1000
999.38
988.882
994.336
999.985
1000
1000
1000
1000
1000
989.95
994.713
999.977
1000
1000
1000
1000
1000
989.941
996.092
1000
1000
1000
1000
1000
999.046
993.336
998.455
1000
1000
1000
1000
999.539
998.86
997.163
999.668
1000
1000
1000
1000
1000
998.33
999.343
999.955
1000
1000
1000
999.797
993.071
984.029
987.826
998.43
1000
1000
999.994
999.873
992.703
984.029
987.582
997.404
1000
1000
999.999
999.204
996.188
992.488
987.583
997.033
1000
1000
1000
1000
996.632
990.975
987.585
998.142
1000
1000
1000
997.787
997.39
986.644
992.585
999.737
1000
1000
999.898
993.37
994.365
987.385
997.063
1000
1000
1000
1000
999.123
996.57
993.593
1000
1000
1000
1000
982.817
963.884
973.486
985.432
996.76
999.869
1000
1000
978.5
961.584
972.482
984.118
995.973
999.488
1000
1000
980.812
957.272
978.244
985.095
997.311
999.991
1000
1000
990.226
971.124
977.603
983.36
995.073
1000
1000
999.877
994.507
976.939
982.035
986.277
995.925
1000
1000
998.534
978.543
980.556
992.076
986.682
997.401
1000
1000
998.479
982.481
981.753
989.959
997.6
1000
1000
1000
985.887
934.127
937.99
985.845
999.624
998.885
999.405
1000
980.034
934.096
934.1
981.304
998.582
997.591
998.354
1000
983.041
934.127
934.836
983.703
998.987
997.853
998.539
1000
983.095
939.703
935.385
985.318
998.625
997.414
998.094
1000
961.519
963.301
976.187
998.888
998.513
994.757
997.978
1000
962.678
956.793
997.483
998.885
998.883
992.715
996.655
1000
958.717
955.232
980.044
994.623
997.919
1000
997.33
999.624
940.861
934.253
988.265
999.083
999.14
988.545
990.56
989.518
937.016
934.205
981.572
999.049
999.079
990.876
992.994
989.074
942.993
934.179
984.196
999.02
999.044
984.108
988.882
988.574
945.348
934.229
983.683
998.982
998.991
984.382
985.933
988.327
923.861
966.247
998.892
998.939
998.318
979.547
968.167
981.954
944.973
998.869
998.882
997.053
995.658
984.668
964.916
985.902
948.728
985.35
987.289
996.206
995.859
989.758
966.703
971.977
973.189
978.061
989.075
969.595
923.321
904.239
918.575
937.682
978.842
978.846
989.246
968.463
927.516
902.444
920.649
937.063
978.846
974.666
989.444
961.135
938.179
912.306
908.898
931.664
937.57
979.614
989.841
973.49
934.553
920.408
912.726
930.361
940.084
960.706
989.943
934.015
893.486
926.124
954.731
923.336
970.525
980.687
978.337
899.316
890.932
967.867
952.028
924.518
975.401
989.278
953.858
884.333
882.6
943.778
947.331
938.919
1000
1000
1000
999.185
996.309
999.419
1000
1000
1000
1000
1000
998.696
996.412
999.456
999.995
1000
1000
1000
1000
999.311
997.435
999.241
999.973
1000
1000
1000
1000
999.056
997.475
999.275
999.984
1000
1000
999.999
999.846
999.262
999.877
999.913
999.993
1000
1000
1000
999.67
998.178
998.895
999.849
1000
1000
1000
1000
999.518
998.693
997.635
999.138
1000
1000
1000
997.765
996.241
989.878
993.794
999.99
1000
1000
1000
998.247
999.305
990.258
991.441
1000
1000
1000
1000
999.986
998.366
991.412
990.461
1000
1000
1000
1000
999.823
999.204
991.374
989.592
1000
1000
1000
1000
996.646
999.275
992.028
994.198
1000
1000
1000
1000
995.241
995.919
983.593
991.05
999.497
1000
1000
1000
995.538
995.343
987.771
984.388
998.03
1000
1000
991.856
983.172
984.641
987.766
994.351
1000
1000
1000
995.462
994.72
996.713
986.842
991.385
1000
1000
1000
998.944
996.376
993.441
986.838
990.777
1000
1000
1000
992.775
999.006
997.055
986.836
986.836
999.547
1000
1000
981.241
993.321
999.383
989.606
984.537
999.213
1000
1000
976.283
979.854
993.485
981.507
980.544
992.958
1000
1000
975.472
984.308
993.989
983.671
980.542
987.248
999.675
1000
953.069
982.333
997.396
997.211
997.405
992.199
995.773
1000
954.556
999.271
999.273
993.426
992.647
995.17
1000
1000
961.378
992.653
999.411
997.52
996.779
999.814
999.599
1000
958.402
999.411
999.414
994.011
986.856
993.152
999.166
1000
948.495
997.668
999.668
996.772
983.286
982.535
995.56
999.851
946.788
989.892
999.668
999.665
989.616
981.73
987.02
998.754
946.788
998.201
999.668
999.669
999.169
981.72
985.726
999.243
966.543
998.836
998.84
990.678
984.388
975.707
965.49
977.12
935.849
997.523
999.354
991.272
981.455
973.008
973.422
976.464
929.464
965.592
999.409
995.278
993.092
984.187
968.417
972.647
950.194
993.975
999.146
997.022
987.668
977.128
967.105
971.134
971.905
999.567
999.159
987.957
986.776
976.979
960.702
968.529
981.295
999.611
994.059
968.761
989.612
989.594
956.116
966.946
985.315
999.638
999.668
981.015
981.22
989.334
963.504
975.624
950.556
991.11
925.41
863.373
940.004
962.592
941.592
930.709
952.894
955.095
932.546
878.135
914.992
946.369
928.922
924.421
945.829
972.386
954.147
892.43
881.039
927.872
937.881
931.687
981.784
972.424
898.885
891.118
926.551
945.57
935.741
933.413
981.934
949.379
894.357
910.11
964.077
961.718
935.659
943.512
982.107
968.488
884.077
919.829
975.922
965.226
953.271
947.547
982.337
983.654
968.477
888.407
909.079
965.048
960.275
937.634
999.853
999.039
999.607
1000
998.546
998.145
998.51
999.867
999.149
998.87
998.87
1000
997.512
994.376
997.514
999.905
999.699
999.439
999.84
1000
999.996
992.566
992.472
997.657
999.803
999.992
999.988
1000
1000
999.886
991.947
993.101
998.555
999.996
999.996
1000
1000
1000
996.395
987.768
995.591
999.892
1000
1000
1000
1000
999.965
990.728
990.64
999.212
1000
1000
1000
1000
1000
993.501
987.83
996.969
1000
993.429
983.149
996.339
990.402
994.814
999.658
999.852
1000
992.675
975.919
993.253
995.007
991.95
999.207
1000
1000
997.969
987.143
982.603
990.952
995.26
997.844
999.673
1000
998.835
993.751
985.176
985.52
992.609
998.263
999.6
1000
999.662
998.169
989.08
985.527
987.767
996.638
999.851
1000
1000
1000
993.612
989.028
984.031
992.682
999.965
1000
1000
1000
997.68
992.563
984.029
989.669
999.364
1000
974.803
981.606
998.922
989.378
982.015
998.285
1000
1000
974.803
975.465
997.785
996.914
982.021
993.254
1000
1000
979.336
974.768
982.677
995.463
994.513
994.957
997.524
1000
986.381
974.765
974.761
986.68
995.257
997.575
997.574
1000
981.123
976.284
974.755
987.023
995.871
997.634
997.634
1000
994.327
979.517
973.664
981.723
993.008
996.829
998.133
1000
1000
979.242
961.613
978.174
988.78
992.166
998.907
1000
978.63
997.602
999.658
999.655
996.385
979.459
991.238
999.623
976.889
994.469
999.655
999.654
999.605
979.464
993.856
1000
974.959
988.436
998.424
999.651
999.65
990.434
994.386
999.986
980.011
975.842
994.235
999.65
999.612
991.333
995.233
1000
963.407
973.648
996.133
999.648
999.636
988.675
990.772
1000
963.406
943.515
988.569
999.638
999.631
988.182
992.183
1000
991.906
934.18
955.97
994.996
999.629
990.463
991.74
999.975
999.603
999.455
985.42
989.275
998.41
992.965
960.96
972.604
999.588
999.483
987.004
992.299
999.494
991.074
970.33
978.516
999.566
999.527
990.851
997.759
985.386
964.945
973.265
985.788
999.493
999.508
995.204
995.76
978.42
964.958
970.188
984.24
984.143
999.485
999.439
978.842
983.781
964.965
969.987
988.833
936.788
991.195
999.396
996.599
994.071
973.931
974.379
988.643
931.655
954.164
989.418
999.052
996.762
992.876
982.41
982.492
961.994
942.674
896.41
897.26
941.724
943.773
950.287
949.279
956.352
947.381
877.829
922.437
956.287
941.956
933.798
946.21
943.93
960.587
889.983
920.992
975.883
962.074
937.66
932.77
983.564
966.247
895.949
878.768
978.417
968.834
946.04
934.448
984.13
975.634
948.405
871.896
959.701
968.799
955.937
926.898
939.817
990.525
987.152
928.778
869.651
964.028
960.11
924.047
912.015
984.184
988.195
982.241
909.773
893.664
946.431
946.562
1000
1000
1000
1000
1000
1000
1000
859.743
890.509
889.601
978.281
1000
1000
1000
404.463
355.954
549.098
828.059
974.414
1000
1000
331.256
276.204
360.411
578.923
901.224
1000
1000
275.649
272.344
376.217
469.501
894.356
1000
1000
276.155
269.659
284.764
508.048
881.12
1000
1000
350.869
313.625
395.989
691.841
926.827
1000
1000
999.984
999.991
999.993
999.998
1000
1000
1000
850.98
877.746
876.038
972.351
999.997
1000
1000
389.786
383.854
569.595
818.898
970.877
999.999
1000
234.267
311.037
613.684
639.011
894.898
999.993
1000
381.324
421.72
426.353
538.944
897.067
999.992
1000
276.728
267.486
270.07
522.14
886.934
999.993
1000
297.929
281.541
374.631
681.752
928.399
999.995
1000
999.896
999.931
999.939
999.98
999.998
1000
1000
810.176
827.265
827.424
949.657
999.961
999.998
1000
304.051
356.646
441.973
644.339
928.545
999.974
999.999
233.204
386.489
518.089
505.606
813.91
999.952
999.998
459.348
551.989
513.038
568.469
846.925
999.961
999.999
251.812
241.83
229.057
455.788
874.001
999.956
999.998
244.742
228.935
313.308
623.293
947.592
999.98
999.999
766.534
791.939
738.831
777.275
900.445
889.741
522.323
455.061
461.765
413.462
443.174
711.226
967.422
941.573
232.728
234.354
240.32
249.935
426.216
884.023
989.517
233.18
418.173
277.923
255.172
344.48
777.177
999.936
317.304
552.931
508.74
247.757
378.9
766.317
999.947
229.332
229.026
229.213
233.872
504.574
869.827
980.956
228.952
229.056
228.944
343.845
681.948
926.45
926.046
92.5579
114.769
104.937
114.259
107.76
44.8072
4.75575
221.656
186.053
219.068
292.809
356.039
281.081
67.1614
400.667
370.805
376.811
472.293
523.487
491.579
270.252
434.673
495.594
435.145
401.082
524.144
586.081
401.712
366.197
552.76
491.932
260.692
317.857
461.403
360.223
328.7
378.969
419.911
318.22
211.92
250.781
198.132
334.039
354.626
336.577
232.472
142.225
164.868
116.559
43.7214
27.4671
0.99107
4.01744
34.9118
34.9691
4.21325
103.254
121.906
160.008
223.933
206.269
54.3602
0.987809
248.658
280.613
356.332
413.052
271.096
16.4031
0.998867
292.783
345.793
424.75
419.847
259.839
11.2357
0.998731
274.561
351.52
404.374
338.613
184.628
7.69443
0.999489
305.726
344.507
374.279
276.556
57.6547
0.996965
0.999964
307.751
282.253
249.029
180.993
58.0728
0.998597
0.999882
1
1
1
1
1
1
1
1
1
1
1
1
1
1
1
1
1
1
1
1
1
1
1
1
1
1
1
1
1
1
1
1
1
1
1
1
1
1
1
1
1
1
1
1
1
1
1
1
1
1
1
1
1
1
1
1
1
1
1
1
1
1
1
1
1
1
1
1
1
1
1
1
1
1
1
1
1
1
1
1
1
1
1
1
1
1
1
1
1
1
1
1
1
1
1
1
1
1
1
1
1
1
1
1
1
1
1
1
1
1
1
1
1
1
1
1
1
1
1
1
1
1
1
1
1
1
1
1
1
1
1
1
1
1
1
1
1
1
1
1
1
1
1
1
1
1
1
1
1
1
1
1
1
1
1
1
1
1
1
1
1
1
1
1
1
1
1
1
1
1
1
1
1
1
1
1
1
1
1
1
1
1
1
1
1
1
1
1
1
1
1
1
1
1
1
1
1000
1000
1000
1000
1000
1000
1000
1000
1000
1000
1000
1000
1000
1000
1000
1000
1000
1000
1000
1000
1000
1000
1000
1000
1000
1000
1000
1000
1000
1000
1000
1000
1000
1000
1000
1000
1000
1000
1000
1000
1000
1000
1000
1000
1000
1000
1000
999.997
1000
1000
1000
1000
1000
1000
1000
999.954
1000
1000
1000
1000
1000
1000
999.999
937.446
1000
1000
1000
1000
1000
1000
999.998
991.453
1000
1000
1000
1000
1000
1000
999.998
999.991
1000
1000
1000
1000
1000
1000
1000
999.993
1000
1000
1000
1000
1000
1000
1000
1000
1000
1000
1000
1000
1000
1000
1000
999.993
1000
1000
1000
1000
1000
1000
1000
1000.01
988.578
977.793
994.108
999.993
999.98
999.975
966.755
405.879
1000
998.148
1000.01
1000.05
999.984
999.962
865.426
492.041
1000
1000
1000.01
999.996
999.987
988.939
906.182
777.349
1000
1000
1000.01
999.999
999.989
997.927
949.179
827.707
1000
1000
1000
1000.01
999.995
999.98
961.596
820.927
1000
1000
1000
1000.01
999.999
999.991
949.39
626.104
1000
1000
1000
1000
1000.04
999.995
999.978
811.378
204.483
338.452
619.873
718.344
688.198
587.728
234.452
5.05462
557.642
508.867
709.753
820.947
747.91
507.078
61.9492
1.18331
883.432
739.434
748.104
756.473
689.918
482.411
111.131
1.81993
969.427
835.153
787.559
805.946
777.846
612.022
265.816
1.48564
980.768
865.885
863.435
894.769
860.515
708.951
363.105
13.345
940.074
834.365
870.937
941.709
917.273
809.094
344.08
1.54795
901.752
850.219
856.077
892.855
888.108
834.957
540.152
54.8629
207.784
183.966
13.4753
0.996133
0.999998
1.00003
33.2491
13.1744
3.61201
41.2286
52.2308
0.99553
0.999989
1.00022
1.00029
1.01861
15.4632
1.00191
5.4721
0.998421
0.999998
1.00005
1.00001
1.5941
55.0149
1.00184
12.8475
28.9334
0.998574
1.00046
1.00023
1.0083
65.9543
1.00092
61.0127
154.428
56.5662
0.998662
1.00285
1.01128
30.9276
0.999984
56.6131
261.952
118.869
0.985255
1.0016
1.00776
26.6885
1.00357
23.7146
147.983
84.497
0.965138
1.00107
1.00055
0.999866
1
0.99997
1
1
1
1.00001
2.08776
0.999937
1
1
0.999973
1
1
1
1.00029
0.997706
1
0.999995
1
1
0.999998
1
0.999894
0.997957
0.999955
1
1
1
1
0.999952
1.00023
0.997886
0.999962
1
1
1
1
0.999865
1.00037
0.999542
0.999996
1
1
1
1
0.999806
1.00022
0.999709
0.999865
1
1
1
0.999998
0.999998
1
1
1
1
1
1
1
1
1.00003
1
1
1
1
1
1
1
0.999984
1
1
1
1
1
1
1
0.999935
1
1
1
1
1
1
1
1.00001
1
1
1
1
1
1
0.999998
1.00001
1
1
1
1
1.00002
1.00014
1.00013
1.00006
1
1
1
1
1
1.00015
1.00016
1.00006
1
1.00003
1.00003
1.00003
1
1
1
1
1
1
1
1
1
1
1
1
1
1
1
1
1
1
1
1
1
1
1
1
1
1.00001
1.00001
1
1
1
1
1
1
1
1
1
1
1
1
1
1.00029
1.00055
1.0005
1.00009
1
1
1
1
1
1.00049
1.001
1.00159
1
1
1
1
1
1
1
1
1
1
1
1
1
1
1
1
1
1
1
1
1
1
1
1
1
1
1
1
1
1
1
1
1
1
1
1
1
1
1
1
1
1
1
1
1
1
1
1
1
1
1
1
1
1
1
1
1
1
1
1
1
1
1
1
1
1
1
1
1
1
1
1
1
1
1
1
1
1
1
1
1
1
1
1
1
1
1
1
1
1
1
1
1
1
1
1
1
1
1
1
1
1
1
1
1
1
1
1
1
1
1
1
672.892
979.323
999.997
1000
999.998
999.949
999.949
999.987
412.846
732.976
997.987
999.998
999.998
999.441
999.437
999.872
320.638
675.076
994.689
999.995
999.996
999.43
999.433
999.887
371.217
708.092
998.252
999.995
999.995
999.994
999.898
999.925
678.845
973.596
999.997
999.976
999.997
999.899
999.312
999.312
961.399
999.426
1000
1000
999.417
999.259
999.259
999.5
1000
1000
1000
1000
999.919
999.831
999.892
999.989
600.11
953.563
999.994
1000
1000
999.969
999.949
999.958
367.058
636.605
982.579
999.996
1000
999.562
999.436
999.546
418.39
633.241
971.718
999.991
999.996
999.547
999.436
999.498
330.418
654.412
994.491
999.999
999.998
999.992
999.997
999.986
643.617
951.874
999.994
1000
999.998
999.991
999.786
999.803
954.349
999.764
1000
1000
999.949
999.609
999.268
999.278
999.995
1000
1000
1000
999.995
999.947
999.886
999.927
569.503
948.782
999.987
999.999
1000
999.992
1000
1000
334.049
583.988
977.496
999.99
999.999
999.958
999.677
999.89
374.454
579.23
972.958
999.987
999.996
999.959
999.645
999.815
272.747
627.422
999.473
999.999
999.998
999.998
999.997
999.997
563.637
945.979
999.994
1000
999.999
999.998
999.998
999.999
957.5
999.979
999.999
1000
1000
999.999
999.995
999.975
999.979
999.999
1000
1000
1000
1000
999.979
999.954
372.36
839.375
999.856
999.992
999.999
999.999
999.283
985.858
239.639
400.69
915.697
999.904
999.993
999.999
999.993
993.313
233.984
338.023
879.516
999.879
999.987
999.993
999.989
999.808
233.177
398.525
843.753
999.92
999.995
999.997
992.426
996.856
314.164
605.312
868.132
999.987
999.998
994.161
981.332
979.687
720.079
780.696
806.052
939.105
986.474
989.048
991.915
950.509
882.569
953.071
891.948
646.982
655.976
870.036
965.764
905.184
334.269
361.263
391.949
562.973
700.58
479.142
136.495
194.093
328.803
404.38
500.723
547.02
535.801
408.431
209.663
298.881
372.944
375.904
368.783
432.294
479.566
358.026
319.097
559.444
392.091
261.659
219.824
378.544
401.45
236.078
208.683
488.679
264.607
156.726
167.657
353.361
305.267
138.518
225.335
354.945
208.255
154.018
132.021
120.902
94.9792
303.7
478.93
232.482
154.031
244.907
194.939
39.4829
1.94247
195.535
342.197
118.201
170.482
14.5531
0.999644
181.195
218.57
49.2142
0.946566
0.999745
149.53
139.94
281.905
283.984
108.742
0.919933
0.998532
0.999964
220.487
297.717
299.977
181.402
11.1773
0.99595
0.999967
1
255.832
296.239
288.771
141.053
0.946081
0.998318
0.999992
1
129.041
158.057
274.911
159.481
1.47413
0.998546
0.999994
1
18.9187
12.6471
95.9597
107.952
12.665
0.999093
0.999992
1
1.91297
0.997976
0.997414
4.5705
1.76142
0.999988
1
0.999943
1
1
1
1
1
1
1
1
1
1
1
1
1
1
1
1
1
1
1
1
1
1
1
1
1
1
1
1
1
1
1
1
1
1
1
1
1
1
1
1
1
1
1
1
1
1
1
1
1
1
1
1
1
1
1
1
1
1
1
1
1
1
1
1.00003
1
1
1
1
1
1
1
0.999999
1
1
1
1
1
1
1
1.00003
1
1
1
1
1
1
1
1.00001
1
1
1
1
1
1
1
1.00001
1
1
1
1
1
1
1
1.00002
1
1
1
1
1
1
1.00004
1.00005
1
1
1
1
1
1
1
1
1
1
1
1
1
1
1
1
1
1
1
1
1
1
1
1
1
1
1
1
1
1
1
1
1
1
1
1
1
1
1
1
1
1
1
1
1
1
1
1
1
1
1
1.00001
1
1
1
1
1
1
1
1
1
1
1
1
1
1
1
1
1
1
1
1
1
1
1
1
1
1
1
1
1
1
1
1
1
1
1
1
1
1
1
1
1
1
1
1
1
1
1
1
1
1
1
1
1
1
1
1
1
1
1
1
1000
1000
1000
999.99
999.88
999.956
1000
1000
1000
1000
999.93
999.822
999.856
999.991
1000
1000
1000
1000
999.919
999.905
999.975
1000
1000
1000
1000
1000
999.995
999.998
999.998
999.999
1000
1000
1000
999.99
999.995
1000
1000
1000
1000
1000
1000
999.999
999.999
1000
1000
1000
999.998
999.995
1000
1000
1000
1000
1000
1000
1000
1000
1000
1000
1000
999.999
999.979
999.963
999.98
1000
1000
1000
999.98
999.959
999.858
999.909
1000
1000
1000
1000
999.992
999.915
999.937
999.999
1000
1000
1000
1000
999.996
1000
999.999
1000
1000
1000.01
1000
999.998
1000
1000
1000
1000
1000
1000.01
1000
1000
1000
1000
1000
1000
999.999
999.897
1000
1000
1000
1000
1000
1000
1000
959.652
999.995
1000
1000
1000
1000
999.989
999.983
999.992
999.997
1000
1000
1000
1000
999.954
999.993
994.262
999.998
1000
999.999
1000
999.979
999.996
998.85
970.973
999.999
1000
999.999
1000
999.999
999.992
989.656
947.201
1000
1000
999.929
1000
999.997
996.624
968.913
906.522
1000
994.921
990.569
999.579
999.99
999.499
952.504
716.97
994.374
969.131
982.699
999.808
999.986
997.316
958.789
494.848
844.221
852.54
858.64
832.829
875.871
899.856
859.568
754.702
855.954
877.448
923.125
986.288
983.339
902.061
777.23
559.849
869.727
908.83
960.982
995.271
957.68
835.002
642.208
383.616
873.096
856.189
929.498
951.04
889.504
734.89
505.66
260.232
760.556
593.405
688.179
826.374
778.666
605.911
371.452
132.409
450.943
224.956
393.673
716.7
715.286
532.389
190.801
1.32448
196.034
234.743
464.013
772.718
732.672
453.149
32.8491
1.13325
106.744
98.8311
32.9277
28.0009
274.922
276.711
54.4555
0.979557
76.9838
12.7126
9.13193
370.715
453.175
119.171
0.961892
0.999779
39.6705
1.01542
103.762
485.358
302.131
5.64073
0.998802
1.00035
13.7938
1.01873
155.997
295.976
102.875
0.987049
0.999975
1.00016
2.45496
30.3254
175.453
99.5161
0.984351
0.999921
1.0002
1.00003
35.1403
211.743
113.659
0.980528
0.999878
1.00013
1.00005
1.00109
142.676
252.645
78.1206
0.992257
0.999981
1.00023
1.00236
1.01503
9.825
0.990826
0.998832
0.999984
1
1
0.999995
0.999991
0.983554
0.998283
0.999999
1.00001
1.00003
1.00001
0.999997
1.00001
0.988201
0.999611
1
1.00001
1.00001
1
1
0.999994
0.990239
0.999976
1
1
1
1
1
0.999999
0.989146
0.999971
1
0.999999
0.99998
1
0.99999
1
0.997742
0.999995
0.999873
0.999912
1
1
0.999984
0.999982
0.999555
1
0.999962
0.999994
1
1
0.999957
1.0003
1
1
1
1
1
1
1
1.00002
1
1
1
1
1.00012
1.00064
1.00039
1.00011
1
1
1
1.00001
1.00026
1.00118
1.00131
1.00104
1
1
1
1
1
1.00003
1.0001
1
1
1
1
1
1
1
1
1
1
1
1
1
1.00001
1
1
1
1
1
1
1.00002
1.00001
1
1
1.00014
1
1
1.00001
1.00008
1.00013
1.00003
1.00001
1.00009
1
1
1
1.00046
1.00127
1.00055
1.00002
1.00012
1
1
1
1.00042
1.00128
1.0013
1.00131
1.00028
1
1
1
1
1
1
1
1.00028
1
1
1
1
1
1
1
1
1
1
1.00001
1.00005
1.00006
1.00002
1
1
1
1
1.00004
1.0002
1.0002
1.0002
1.00018
1.00016
1
1
1.00001
1.00003
1.00003
1.00001
1
1
1
1
1
1
1.00004
1.00038
1.00055
1.00032
1
1
1
1
1
1.00011
1.00204
1.00326
1
1
1
1
1
1
1
1
1
1
1
1
1
1
1
1
1
1
1
1
1
1
1
1
1
1
1
1
1
1
1
1
1
1
1
1
1
1
1
1
1
1
1
1
1
1
1
1
1
1
1
1
1
1
1
1
1
1
1
1
1
1
1
1
1
1
1
1
1
1
1
1
1
1
1
1
1
1
1
1
1
1
1
1
1
1
1
1
1000
1000
1000
1000
999.946
999.954
1000
999.936
1000
999.999
1000
999.977
999.966
999.483
999.412
999.847
994.201
1000
1000
1000
999.167
999.169
999.231
999.871
927.671
1000.01
1000
999.987
999.984
999.984
999.633
999.692
667.962
985.102
999.999
1000
1000
999.875
999.915
999.857
579.611
965.825
999.998
1000
999.989
999.994
1000
999.839
739.882
998.916
1000
1000
1000
1000
1000
999.987
1000
1000
1000
1000
1000
1000
1000
999.968
999.999
999.994
1000
1000
1000
999.985
999.42
999.847
993.437
999.999
1000
1000
999.909
999.489
999.24
999.31
911.259
999.994
999.999
999.993
999.999
999.974
999.895
999.943
647.215
976.282
999.999
1000
1000
999.989
999.959
999.984
525.196
942.425
999.995
1000
1000
999.999
1000
1000
679.896
995.661
1000
1000
1000
1000
1000
1000
1000
1000
1000
1000.01
1000
1000
960.71
895.286
999.999
1000
1000
1000
1000
999.986
999.669
995.801
999.965
999.999
1000
1000
1000
1000
999.932
999.624
906.544
999.981
1000
1000
1000
1000
1000
999.968
609.242
989.267
999.998
1000
1000
1000
1000
1000
491.257
947.735
999.989
999.999
1000
1000
1000
1000
625.507
995.921
999.999
1000
1000
1000
1000
1000
925.843
870.451
805.23
811.539
806.064
699.072
383.985
149.298
890.562
776.902
791.836
887.529
899.706
863.026
762.04
601.421
792.903
828.606
905.97
966.533
957.658
958.981
927.844
822.014
624.27
842.165
962.203
999.999
981.269
965.19
976.704
944.073
383.477
816.549
999.85
999.995
1000
977.517
958.18
977.06
290.098
799.912
999.815
999.99
999.999
1000
970.706
921.964
317.541
845.014
999.858
999.995
1000
1000
1000
983.423
86.3714
106.648
90.8044
24.0444
0.987858
0.996371
0.999986
1.00004
153.643
130.1
74.4683
70.7906
89.425
59.2975
0.987116
0.999932
136.985
159.831
136.945
56.3697
108.417
260.959
175.744
6.40441
117.518
153.454
247.155
193.815
67.7254
152.653
356.834
225.933
194.604
172.094
251.376
382.361
272.887
75.8853
144.017
377.713
275.968
243.893
253.875
300.137
529.059
414.784
114.307
69.824
334.185
377.737
411.906
286.603
191.553
461.701
752.091
452.146
0.999499
0.998515
0.999971
0.99974
0.999933
1
1.00002
1.00001
10.2674
18.4547
6.98429
0.999851
0.999898
0.999993
0.999879
1
49.3918
86.9744
53.8556
2.58132
0.999902
0.999999
1
1.00001
35.6893
16.1907
55.5093
47.8916
5.57999
0.999799
0.999997
1
38.9968
0.999878
1
36.9452
52.2526
11.9152
0.999152
0.999984
110.71
0.952646
0.999894
1
4.91126
46.9384
27.1408
0.994813
166.763
12.0982
0.995479
1.18771
5.81146
24.7694
21.0633
8.49498
1
1
1
1
1
1.00017
1.00021
1.00006
1
1
1
1
1
1
1
1.00001
1
1
1
1
1
1
1
1.00002
1
1
1
1
1
1
1
1
1
1
1
1
1
1
1
1
1
1
1
1
1
1
1
1
1
1
1
1
1
1
1
1
1
1
1
1
1.00026
1.00051
1.00001
1.00006
1
1
1
1.00001
1.00003
1.00003
1
1
1
1
1
1
1
1.00005
1.0001
1.0001
1
1
1
1
1
1.00003
1.00004
1.00003
1
1
1
1
1
1
1
1
1
1
1
1
1
1
1
1
1
1
1
1
1
1
1
1
1
1
1
1
1
1
1
1
1
1
1
1
1
1
1
1
1
1
1
1
1
1
1
1
1
1
1
1
1
1
1
1
1
1
1
1
1
1
1
1
1
1
1
1
1
1
1
1
1
1
1
1
1
1
1
1
1
1
1
1
1
1
1
1
1
1
1
1
1
1
1
1
1
1
1
1
1
1
1
1
1
1
1
1
1
1
1
1
1
1
1
1
1
1
1
1
1
1
1
1
1
1
1
1
1
1
1
1
1
1
1
1
999.934
999.967
999.988
999.991
999.991
999.985
999.952
885.45
995.014
999.863
999.968
999.97
999.964
999.947
135.349
492.89
655.223
694.699
717.488
630.679
601.595
17.9139
1.54326
1.8798
1.59317
1.13827
19.2407
9.50775
1.01156
1.17619
29.8801
1.37669
1.00708
1.00555
1.0002
1.0018
1.00047
5.40924
1.00095
1.00023
1.00025
1.00002
1.00206
1.00001
1.00027
1.00025
1
1.00014
1.00001
1.00005
1
1
1
1
1.00073
1.00516
1
1
1
1
1
1
1
1
1
1
1
1
1
1
1000
999.999
999.994
999.943
999.312
999.951
1000
999.997
999.956
999.904
999.985
999.403
999.639
1000
999.999
999.989
999.983
999.997
999.978
999.802
999.985
998.547
999.981
999.968
999.984
965.64
868.201
762.41
536.168
599.914
656.519
527.335
227.429
0.963101
0.995915
0.999933
1.00002
1
1
1
0.999648
0.999971
1
1
1
1
1
1
1
1.00072
1.00086
1.00004
1.00003
1.00003
1.00007
1
1
1
1
1
1
1
1
1
1
1
1
1
1
1
1000
1000
1000
1000
999.998
999.986
999.973
1000
1000
999.999
999.996
999.989
999.218
929.821
976.161
924.747
906.873
877.446
836.525
576.376
222.683
494.878
229.662
94.1574
20.9499
1.2966
1.18014
35.4275
0.99998
0.999798
1.00008
1.00658
1.00223
1.00892
1.02156
1.00002
1.00001
1.00005
1.00015
1.00007
1.00027
1.00053
1.00004
1.00003
1.00007
1.00001
1
1
1.00003
1.00007
1.00034
1.00059
1.00068
1
1
1.00005
1
1.00039
1.00326
1
1
1
1
1.00001
1
1
1
1
1
1
999.764
999.984
999.99
999.959
999.946
999.838
999.96
999.871
999.979
999.979
999.713
999.982
999.975
1000
905.928
982.448
996.823
999.839
999.99
999.988
1000.01
151.071
400.853
618.214
837.411
971.018
957.899
903.314
1.00001
1.00001
1.00007
10.4363
290.843
227.356
74.5984
1.00001
1.00001
1.00008
0.999954
0.999999
0.999995
0.999472
1.00001
1.00001
1.0001
1
1
1
1
1.00012
1.00001
1.0001
1.00002
1.00016
1.00005
1
1
1
1
1
1
1
1
1
1
1
1
1
1
1
999.997
999.985
999.969
936.035
718.247
699.534
786.401
864.675
999.999
999.981
999.941
928.827
711.927
705.225
756.102
783.626
999.997
999.982
993.9
907.03
696.974
699.738
708.643
876.462
999.998
999.983
999.367
912.675
692.169
690.696
706.275
866.195
999.999
999.982
999.968
921.002
699.819
706.48
706.697
852.975
1000
999.987
999.968
919.963
704.155
688.244
689.988
860.189
1000
999.993
999.972
914.923
680.662
674.822
680.403
857.477
987.978
912.248
697.233
382.196
476.194
613.478
652.73
649.985
999.94
873.986
660.759
361.477
475.843
598.159
634.438
765.225
985.492
871.937
629.41
356.442
495.238
598.368
715.102
660.303
993.997
883.678
657.43
357.419
488.348
606.521
715.24
622.928
999.946
891.897
701.7
386.377
447.759
612.226
715.424
652.034
999.958
929.397
736.438
414.576
439.796
588.425
715.66
612.202
999.96
962.865
778.702
431.139
453.26
585.364
715.994
658.229
577.185
307.931
168.734
324.731
481.155
465.44
551.162
459.059
551.784
198.189
169.324
338.66
481.312
499.381
493.614
407.304
408.84
181.07
189.678
356.127
484.587
486.079
486.693
447.758
466.365
178.08
178.103
356.09
488.305
483.428
487.344
469.707
582.276
188.465
178.072
328.775
486.674
487.729
490.945
458.284
720.575
327.803
178.102
341.198
465.705
490.206
522.722
485.581
707.061
405.894
179.107
359.741
419.576
501.336
555.748
471.51
2.98486
94.3896
177.573
239.524
275.08
257.772
223.475
236.005
1.88892
182.83
249.591
264.87
265.668
246.698
239.76
238.994
36.8351
229.51
267.866
267.375
262.524
246.559
238.891
241.624
11.3059
223.162
270.665
270.148
267.316
246.54
239.057
241.33
2.94486
130.438
246.089
267.373
265.26
245.612
234.539
236.642
7.98413
69.848
197.035
250.012
258.151
243.663
226.231
230.472
20.1185
41.4588
197.822
255.81
239.413
228.074
208.882
222.358
20.2661
61.9207
58.3696
39.4473
17.4118
4.66937
1.00343
5.82147
31.379
65.7226
38.0718
23.3669
11.2986
6.71741
5.95239
7.62263
39.0933
32.7331
22.411
17.1126
9.10863
5.10281
4.46181
5.33394
23.4763
51.0062
23.5739
15.0901
4.86749
2.88048
2.75873
3.25156
12.1169
73.5186
48.7052
24.1543
6.95758
2.31284
3.13754
4.35702
8.65543
54.8598
59.5465
38.2534
16.5988
4.88303
2.65361
3.94617
2.19373
43.8372
55.6759
29.3706
16.8017
10.5791
5.52725
6.34033
7.99444
3.44938
1.00001
1.00033
1.00057
1.0005
1.00022
1.00008
9.27874
1
1.00027
1.00056
1.0006
1.0004
1.00011
1.00007
13.644
5.16419
1.00005
1.00036
1.00064
1.00054
1.00027
1.00011
9.60507
1.35164
1.00094
1.00129
1.00058
1.00145
1.00034
1.00023
5.9786
2.351
1.0022
1.00113
1.00033
1.00465
1.00043
1.00031
1.29821
4.01462
1.00112
1.0003
1.0002
1.00033
1.00347
1.00112
1.00265
4.96742
1.0001
1.00012
1.00016
1.00018
1.0032
1.00058
1
1
1
1.00101
1.02777
1.02257
1.00013
1.00011
1
1
1.00052
1.00053
1.01394
1.00811
1.00022
1.02435
1.00002
1
1.00001
1.00543
1.02085
1.00442
1.00026
1.00023
1.00007
1.00865
1.04563
1.12555
1.07849
1.00175
1.00029
1.00026
1.26718
1.17798
1.181
1.13803
1.04845
1.01536
1.00031
1.00029
1.13076
1.00016
1.08279
1.05388
1.07663
1.07661
1.01464
1.00403
1.00409
1.00006
1.0001
1.00011
1.00374
1.00847
1.01049
1.00579
1
1
1
1.00174
1.02981
1.0162
1.02701
1.07573
1
1
1
1.00096
1.01331
1.01783
1.05851
1.0399
1.00004
1.00006
1
1.00853
1.01232
1.00445
1.04944
1.04052
1
1
1.01347
1.0349
1.0362
1.02058
1.0761
1.10006
1
1.00001
1.00001
1.0082
1.03826
1.02345
1.04717
1.10664
1.01507
1.0007
1.00001
1.00159
1.03171
1.04165
1.0603
1.10709
1.00996
1.00088
1.00041
1.00024
1.00242
1.00688
1.0171
1.01758
1
1
1
1.00016
1.00568
1.01667
1.07493
1.06668
1
1.00001
1.00014
1.00267
1.00488
1.05014
1.0802
1.01174
1
1.00003
1.00018
1.00266
1.00266
1.03357
1.08591
1.03283
1
1
1
1.00002
1.01059
1.07741
1.08591
1.04517
1
1.00002
1.00006
1.00001
1.00157
1.03122
1.08134
1.08545
1
1.00002
1.00001
1.00001
1.00001
1.01513
1.07794
1.10713
1
1.00007
1.00517
1.0078
1.00108
1.00382
1.02505
1.09967
1
1.00001
1.00002
1.00002
1.00002
1.01052
1.03251
1.01084
1
1.00006
1.00016
1.00038
1.00348
1.02391
1.01418
1.00989
1
1.00008
1.00015
1.00007
1.00345
1.02908
1.02752
1.01123
1
1.00002
1.00006
1.00006
1.00435
1.02201
1.01176
1.0275
1
1
1.00004
1.00009
1.00128
1.00867
1.00868
1.01108
1
1
1.00003
1.00005
1.00005
1.00146
1.01217
1.01552
1
1
1
1.00021
1.00429
1.00916
1.02633
1.05535
1000
1000
999.999
999.994
999.961
827.624
601.315
602.031
999.997
1000
1000
999.994
999.962
832.645
608.412
602.414
999.991
1000
999.999
999.991
999.959
830.961
606.012
602.624
999.954
1000
999.999
999.985
995.994
843.495
677.587
602.896
999.779
1000
999.999
999.974
944.237
690.788
659.798
694.33
1000
1000
999.998
999.974
900.376
657.838
648.14
859.522
1000
1000
999.99
999.97
888.268
646.376
646.726
709.333
1000
999.999
999.962
981.809
711.295
351.623
445.451
698.116
999.998
999.999
999.964
981.92
727.304
360.655
424.18
707.578
999.995
999.998
999.96
969.217
688.195
346.05
445.596
701.965
999.988
999.993
999.948
935.955
623.672
344.15
424.231
639.794
999.976
999.983
999.933
854.155
490.39
351.703
495.779
739.191
999.998
999.971
995.354
815.891
434.982
352.833
580.756
739.341
999.998
999.963
953.841
736.739
418.032
446.71
725.592
739.191
999.998
998.488
843.144
463.701
105.455
221.08
576.527
536.373
999.995
999.926
854.354
472.316
106.748
221.382
576.736
519.81
999.989
992.064
838.891
435.04
105.174
225.644
576.94
529.113
999.984
968.011
779.32
369.785
111.069
237.521
577.094
594.667
999.942
914.007
661.919
214.052
181.302
356.001
511.815
525.356
993.639
825.294
506.42
125.267
223.425
507.124
521.305
431.673
981.667
788.126
381.234
132.061
220.369
553.852
568.107
425.562
948.957
543.204
74.9555
2.81785
91.7901
272.856
251.114
197.333
952.523
562.681
86.5357
2.982
76.4602
270.403
248.151
194.948
913.241
487.088
67.5823
4.4524
104.136
265.725
248.292
200.587
850.912
365.151
15.6987
38.7306
138.113
258.511
244.825
190.267
715.677
170.177
8.18769
94.7123
207.574
251.761
246.643
211.001
518.133
38.7734
7.24857
111.491
258.867
258.948
228.961
221.922
393.179
10.3914
38.7257
172.073
258.704
251.532
200.55
226.374
291.539
0.997221
1.0026
2.6877
83.7801
72.0514
24.9549
9.70918
276.396
0.996925
1.0023
2.85577
79.918
73.5994
26.954
12.8015
186.378
0.995665
1.00226
5.28235
91.0896
72.5019
24.1325
11.232
87.1657
0.999194
1.01106
15.3366
77.6883
58.0077
20.5126
5.5482
1.05327
1.00173
8.65793
64.4024
61.8235
41.406
15.2589
11.1174
0.999198
1.00642
7.10929
77.7774
58.7097
19.4313
8.05357
8.35252
1.00025
1.0146
30.7697
76.6988
50.8701
12.3261
1.00395
4.37589
1.00008
1.00002
1.00007
1.28349
2.77417
1.00162
1.00046
1.00162
1.00001
1
1.00004
1.25602
5.01692
1.0038
1.00119
1.00414
0.999997
1
1.00001
2.87588
2.98
1.00085
1.00019
1.00119
1.00001
1
1.00027
2.03881
1.00085
1.00019
1.00017
1.00015
1
1.00002
2.92868
4.19268
1.00072
1.00015
1.00014
1.00007
1.00001
1.00003
4.02591
2.42072
1.00065
1.0001
1.00014
1.0002
1.00001
1.00033
5.6264
1.00206
1.00008
1.00007
1.0001
1.00107
1.00058
1.00172
1.00001
1.10617
1.24357
1.2058
1.01535
1.00271
1.00068
1.00151
1.00004
1.07485
1.04777
1.03486
1.08989
1.09035
1
1
1
1.15269
1.1327
1.02439
1.07218
1.09403
1.00002
1
1
1.00008
1.01231
1.00529
1.00525
1.00029
1.00001
1
1.00003
1.00066
1.00127
1.00157
1.00213
1.00004
1.00001
1.00001
1.05872
1.01454
1.00122
1.01091
1.0821
1.07331
1
1
1.00005
1.01222
1.00328
1.02575
1.02705
1.00823
1.00166
1.00201
1.00552
1.02083
1
1.00112
1.001
1.04619
1.00213
1.00214
1.00214
1.00074
1
1.0001
1.00351
1.01636
1
1.00003
1.00013
1
1
1.00013
1.00168
1.0386
1.00008
1.0001
1.00009
1.00005
1.00005
1.00002
1.00058
1.00172
1.00005
1.00003
1.00003
1.0049
1.00576
1.02445
1.02648
1.00645
1.00013
1.00013
1
1.00223
1.00155
1.02173
1.0845
1.02459
1.00003
1
1
1.00036
1.00002
1.0267
1.02921
1.0029
1
1
1
1
1
1.00208
1.0471
1.08357
1
1
1
1
1
1.00451
1.02568
1.04099
1
1.00001
1
1
1
1.00443
1.04364
1.08143
1.00003
1.0002
1.00026
1.00023
1.0005
1.00422
1.0063
1.0043
1
1
1.00115
1.00707
1.01279
1.01293
1.01293
1.00587
1
1
1
1
1.00899
1.05634
1.08455
1.08551
1
1
1
1
1.00458
1.02012
1.02852
1.01594
1
1
1
1
1
1
1.00761
1.02809
1
1
1
1
1
1
1.00665
1.0191
1
1
1
1
1
1
1.0047
1.02864
1
1
1
1
1
1.00193
1.01351
1.01607
1
1
1
1
1
1
1.00315
1.00242
1
1
1
1
1
1
1
1.02489
1
1
1
1
1
1.00881
1.02111
1.02529
1000
999.999
999.985
999.966
854.896
658.814
657.366
735.219
1000
999.999
999.979
966.973
769.569
663.734
747.065
844.121
1000
999.993
999.974
934.2
694.09
670.533
776.31
878.932
1000
999.987
999.971
909.778
701.417
633.905
687.448
888.186
1000
999.985
999.968
904.308
703.474
651.708
680.291
874.241
999.999
999.984
999.967
908.131
705.18
664.624
677.793
846.199
999.998
999.982
999.967
921.949
708.626
686.348
743.798
886.991
999.986
999.95
916.917
650.302
380.925
475.055
716.691
739.012
999.976
999.883
867.13
531.266
383.596
551.614
720.457
642.139
999.973
963.442
803.551
457.451
415.161
573.394
759.088
598.418
999.966
920.014
745.451
411.502
445.759
563.325
758.219
637.16
999.959
899.91
706.184
390.02
458.858
570.418
747.328
645.573
999.95
892.45
683.78
382.126
460.219
576.414
721.269
655.495
994.948
886.726
678.289
380.629
463.175
597.524
668.284
613.566
870.123
710.912
320.714
135.93
327.29
534.633
556.467
425.229
791.156
562.948
164.791
202.023
393.447
492.896
538.357
469.922
764.407
366.725
166.903
296.18
392.649
517.295
510.773
472.418
705.16
237.762
168.353
351.901
461.729
500.094
517.84
458.589
636.425
182.763
168.44
365.941
479.781
483.286
510.383
463.726
550.531
202.849
168.353
378.929
480.848
475.238
509.775
467.788
551.295
245.376
168.44
353.239
481.064
462.178
549.454
476.899
125.511
1.54436
80.177
156.143
257.657
254.376
208.724
226.303
7.99521
6.91141
111.047
238.59
259.281
246.731
213.862
228.257
1.16939
35.4456
222.723
293.501
249.463
227.232
213.299
229.925
2.83851
89.8317
201.984
254.982
247.943
227.478
213.963
231.132
2.71777
120.105
243.144
267.334
257.247
236.141
223.073
233.884
1.96886
135.794
260.454
274.487
266.993
245.123
231.653
237.202
3.21448
120.225
224.054
264.71
274.473
252.669
223.702
235.838
1.00023
1.32244
48.0211
64.2522
44.1309
12.393
2.85499
5.55676
1.00542
9.33957
72.7691
58.066
30.3542
9.4292
1.18101
2.08255
1.00678
30.488
56.9269
17.7528
12.5236
9.34214
3.90907
3.18961
7.07997
57.0529
51.9794
26.5017
11.9566
9.90352
5.32339
4.34736
8.2007
64.2847
45.2361
17.4238
4.33956
5.45177
3.05289
3.37214
13.743
74.6566
43.3175
14.6996
1.44204
3.14077
2.50928
3.59982
20.2837
75.0938
52.5313
27.6473
7.15667
3.68701
1.00218
4.90033
1.00002
1.00027
2.49365
1.0004
1.00003
1.00005
1.00004
1.00005
1.00014
4.53532
2.94801
1.00046
1.00007
1.00007
1.00008
1.00018
1.00019
7.56027
1.0389
1.00016
1.00008
1.00008
1.00008
1.00011
3.76581
6.62514
1.00208
1.00012
1.00008
1.00008
1.00008
1.00275
5.51367
4.50057
1.00226
1.00069
1.00012
1.00008
1.00016
1.00016
7.10862
1.00395
1.0012
1.00087
1.00036
1.00016
1.00014
1.00011
8.3826
1.00229
1.00059
1.00058
1.00053
1.00031
1.00014
1.0001
1.00001
1.00862
1.00011
1.00061
1.00002
1.0011
1.00002
1.00001
1.00002
1.0736
1.00047
1.0007
1.05716
1.07436
1.02504
1.00002
1.00006
1.00006
1.00767
1.00131
1.04625
1.02777
1.00014
1.00007
1.23671
1.05074
1.01256
1.01327
1.00241
1.00211
1.01511
1.01541
1.31326
1.12355
1.03129
1.03012
1.01518
1.00132
1.00015
1.00018
1.15197
1.17362
1.15575
1.0831
1.00064
1.00017
1.00014
1.02511
1.05356
1.00768
1.02408
1.0813
1.03107
1.00015
1.00013
1.00012
1.00127
1.00502
1.0001
1.00002
1.00002
1.00023
1.00001
1.00001
1.00048
1.00006
1.00365
1.00403
1.00527
1.02358
1.00323
1.00001
1.00045
1.00002
1.00003
1.00271
1.01123
1.01936
1.00238
1.00002
1
1.00001
1.00003
1.00053
1.00349
1.01991
1.02045
1.03843
1
1
1.00002
1.00251
1.01124
1.00399
1.00015
1.06844
1
1
1
1.00465
1.00359
1.00039
1.00015
1.10556
1
1
1
1.00112
1.01095
1.00091
1.00014
1.08827
1
1
1
1.00177
1.00358
1.0024
1.00148
1.00004
1.0004
1.00014
1.00003
1.00281
1.01422
1.0233
1.02955
1.00593
1.00326
1.00324
1.00324
1.00221
1.00264
1.0118
1.01832
1.04137
1
1.00057
1.00171
1.0022
1.00537
1.01561
1.00598
1.07581
1
1
1.00002
1.00049
1.00161
1.00301
1.00429
1.0612
1
1
1.00007
1
1.00085
1.00024
1.01305
1.08676
1
1
1
1
1.00037
1.00029
1.01683
1.09359
1.00001
1.00001
1
1.00087
1.0081
1.01127
1.00633
1.00277
1
1
1
1.00004
1.02106
1.03979
1.03979
1.03884
1
1
1
1.00252
1.00691
1.01559
1.0276
1.0451
1
1
1.00003
1.00174
1.0029
1.00209
1.00264
1.02523
1
1
1
1.00033
1.00076
1.00209
1.00552
1.0059
1
1
1.00004
1.00019
1.00016
1.0017
1.01779
1.01624
1
1
1.00003
1.00011
1.00009
1.00094
1.01676
1.01416
999.999
999.994
999.975
933.368
714.462
612.13
714.725
863.139
1000
999.999
999.981
976.05
829.943
639.264
732.394
838.701
1000
999.999
999.986
999.965
861.231
667.132
756.895
820.963
999.991
1000
999.994
999.968
890.401
664.759
753.752
875.149
999.987
1000
999.998
999.973
910.687
655.815
732.623
711.995
999.886
1000
999.999
999.981
968.897
741.653
643.439
643.914
999.936
1000
999.999
999.989
999.959
833.983
648.908
748.336
999.976
969.916
812.159
469.194
424.088
592.394
716.217
599.302
999.986
999.943
872.918
575.298
371.839
582.473
716.336
675.335
999.994
999.955
923.07
667.247
376.591
423.46
566.431
747.323
999.989
999.97
979.554
764.828
405.897
353.821
552.132
735.077
999.986
999.981
999.927
830.737
432.384
353.189
510.119
734.972
999.986
999.993
999.938
907.597
536.478
352.135
529.138
728.379
1000
999.998
999.953
958.976
655.963
349.453
424.834
575.615
831.072
401.102
178.015
302.599
387.935
550.069
540.117
487.134
871.764
586.261
171.409
202.261
351.893
522.601
530.275
432.181
936.647
722.704
293.029
166.131
308.271
541.203
566.724
419.403
979.877
829.49
441.693
162.082
225.955
480.801
562.853
425.202
999.957
899.417
607.528
161.854
191.798
435.961
519.177
482.422
999.974
970.181
711.549
281.131
131.796
353.09
537.196
525.914
999.991
999.929
805.556
386.375
111.618
220.544
576.312
568.813
50.984
37.4381
238.814
278.303
241.722
221.413
204.243
221.476
69.1546
8.94071
128.217
203.605
235.165
227.224
204.192
222.065
210.578
1.96915
61.9707
172.919
256.345
244.047
214.351
223.029
439.03
39.431
8.08287
161.782
256.242
258.022
227.97
224.779
705.49
152.781
3.88809
106.931
255.512
265.014
246.188
225.63
886.47
409.4
1.53131
51.5754
184.797
288.547
250.375
208.452
837.392
592.646
98.0299
6.91647
141.134
278.198
252.704
198.008
1.00066
34.8387
44.604
11.1044
13.4043
10.96
7.15072
6.44419
1.001
17.3783
73.4824
53.5455
32.7328
18.477
9.49302
8.98948
1.00037
1.67171
54.1495
68.23
44.0439
13.9351
4.96625
7.05976
0.999892
1.00693
8.27939
76.5304
53.1581
19.3542
5.57298
6.09313
6.81999
1.00335
5.64345
73.3741
61.9592
28.3084
4.96824
4.57654
126.593
1.00186
1.04727
50.2874
81.03
43.1068
8.23616
5.16305
16.3545
1.0007
1.00042
8.77635
88.7027
62.9267
17.6687
8.06086
1.00001
7.00116
1.87438
1.25366
1.00012
1.00015
1.00019
1.00179
1.00002
8.48582
1.96301
1.00012
1.00013
1.00015
1.00017
1.0008
1.00002
1.00046
5.6756
1.00041
1.00019
1.00017
1.00015
1.00004
1
1.00015
3.92128
1.00189
1.00025
1.0002
1.00025
1.00286
1.00004
1.0001
2.08531
3.11203
1.00039
1.00025
1.00117
1.0001
0.999773
1.00003
1.00041
8.48778
1.00017
1.00043
1.00025
1.00011
0.999059
0.999994
1.00001
4.68299
1.00247
1.00046
1.00038
1.00032
1
1
1.00005
1.0001
1.00012
1.00137
1.01371
1.00371
1
0.999993
1
1.0001
1.00013
1.00419
1.00921
1.00376
1.00001
1
1
1.00045
1.00215
1.00181
1.00006
1.00001
1
1
1.00016
1.02988
1.01014
1.00025
1.01008
1.00941
1.00008
1.00004
1.00007
1.00002
1.0004
1.00531
1.00381
1.00001
1
1
1.00001
0.999946
1.00004
1.00053
1.00022
1.00003
1
1
1
1.00069
1.02946
1.03899
1.01354
1.00015
1
1
1.00014
1.00095
1.00012
1.02513
1.01255
1.00008
1.00001
1
1
1.00292
1.00206
1.04984
1.04268
1.00485
1.00004
1
1
1.00013
1.00013
1.01976
1.00776
1.00082
1.00003
1.00005
1
1.00068
1.00016
1.02625
1.0401
1.03362
1.00043
1.00046
1.00001
1.00002
1.00078
1.00421
1.00033
1.00002
1.00011
1.00014
1
1.00005
1.00005
1.00091
1.00044
1.00002
1
1
1
1.00001
1
1.00008
1.0014
1.01738
1
1
1
1.01701
1.04419
1.05088
1.02463
1.00305
1
1
1
1.02474
1.05088
1.05088
1.03886
1.00221
1
1
1.00001
1.00358
1.00861
1.01437
1.00785
1.00084
1
1
1.00195
1.006
1.0121
1.03411
1.0401
1.03277
1.00005
1.00047
1.00062
1.00028
1.00222
1.01202
1.01795
1.01644
1.00002
1.00042
1.00062
1.00062
1.00047
1.00005
1.00006
1.00001
1.00001
1.00001
1.00001
1
1.00025
1.00797
1.0159
1.02368
1
1
1
1
1.01191
1.03506
1.03505
1.02545
1
1
1
1
1.00803
1.02516
1.02344
1.00204
1
1
1
1.00059
1.0023
1.00265
1.00283
1.00019
1
1
1
1.00023
1.00145
1.00565
1.01635
1.00963
1
1
1
1
1
1.00604
1.01669
1.0191
1
1
1
1
1
1.00003
1.00003
1.00002
1
1
1
1
1
1.0023
1.01148
1.01378
870.039
808.529
773.224
725.542
873.707
804.057
771.321
815.409
843.588
812.974
804.97
811.886
850.131
802.448
785.054
816.848
819.167
757.696
785.924
850.532
812.766
806.783
796.632
831.197
801.879
760.411
785.095
840.07
801.766
797.896
806.214
820.833
819.188
754.493
796.708
842.68
816.573
809.296
800.049
798.685
821.351
752.23
828.62
841.02
834.387
799.849
802.625
788.95
811.171
807.948
777.326
869.313
779.37
772.703
796.083
803.451
577.307
601.619
579.426
725.672
603.922
579.048
676.156
609.409
641.909
576.957
543.239
673.971
604.53
620.855
666.466
618.801
593.703
596.693
679.472
633.606
634.097
662.236
660.858
630.902
602.405
620.089
695.244
612.046
624.255
644.466
640.622
615.965
594.348
621.98
667.029
611.68
622.806
635.56
644.416
636.606
598.105
638.376
552.7
628.126
601.736
630.426
635.915
644.894
589.247
538.807
706.636
585.407
618.505
632.306
634.566
615.96
460.212
480.536
541.009
444.546
472.805
515.82
452.322
482.965
474.797
445.244
543.575
456.679
465.37
475.642
450.494
469.155
447.305
505.35
465.549
447.944
459.923
449.324
452.707
459.372
462.713
476.356
455.106
459.172
472.245
464.868
461.232
474.481
458.46
493.636
460.292
465.819
478.962
462.271
458.767
459.974
463.505
482.911
552.945
485.618
470.687
485.841
468.431
470.948
469.192
535.792
462.072
480.428
489.859
504.987
469.835
495.242
238.261
236.562
230.059
236.325
237.431
234.509
239.326
238.903
241.179
238.902
233.467
240.622
242.348
244.352
244.405
245.105
240.874
237.991
240.672
242.237
243.616
243.257
243.597
243.962
240.964
241.017
241.579
241.362
241.439
241.954
241.711
242.52
236.987
236.791
237.555
238.563
238.696
240.336
240.325
240.817
231.507
229.392
223.479
230.732
233.359
234.33
235.09
234.985
224.294
223.811
226.813
229.269
227.498
226.15
230.386
229.229
5.33653
4.7868
3.61274
4.60649
4.20172
3.50098
4.04813
3.70384
6.1031
5.91786
4.18342
4.35218
4.04626
3.49627
3.97207
3.61166
5.20288
4.47222
4.49354
4.56864
4.20724
4.562
4.33541
4.04949
3.64498
3.43139
3.2463
3.67803
3.50278
3.40783
3.7933
3.25606
4.03526
3.39342
3.26341
3.10557
3.11792
3.12967
3.5426
3.24969
3.7292
3.17064
1.00136
1.89424
2.07973
1.88878
2.1985
2.18781
5.98873
4.60045
3.75661
2.55466
2.08905
1.15232
1.50355
1.50461
1.00007
1.00008
1.00011
1.00005
1.00065
1.00097
1.00116
1.00008
1.00007
1.00007
1.00008
1.00006
1.00006
1.00005
1.00005
1.00006
1.00007
1.00071
1.00008
1.00006
1.00005
1.00005
1.00005
1.00005
1.00144
1.00298
1.00012
1.00006
1.00122
1.00004
1.00005
1.00005
1.00121
1.00213
1.00089
1.00006
1.00003
1.00002
1.00004
1.00005
1.00058
1.00075
1.00014
1.00004
1.00002
1.00001
1.00003
1.00008
1.00046
1.00004
1.00005
1.00004
1.00001
1.00001
1.00001
1.00006
1.01694
1.01247
1.00009
1.00005
1.02175
1.01962
1.00185
1.00007
1.01468
1.00008
1.00006
1.00005
1.00006
1.00006
1.00005
1.00006
1.00601
1.00251
1.00006
1.00006
1.00487
1.00188
1.00005
1.00005
1.02665
1.01335
1.00006
1.00005
1.00387
1.00314
1.00005
1.00005
1.03609
1.02843
1.00153
1.00003
1.00002
1.00001
1.01132
1.03789
1.01082
1.005
1.00011
1.00003
1.00001
1
1.00064
1.02973
1.00041
1.00003
1.00004
1.00003
1
1
1
1.00096
1.03639
1.00188
1.00008
1.0122
1.10424
1.0988
1.01355
1.00008
1.00401
1.01577
1.02049
1.00428
1.04105
1.06072
1.02876
1.00065
1.0034
1.00121
1.00439
1.05607
1.01283
1.00018
1.01608
1.01408
1.03456
1.00121
1.01415
1.06096
1.02384
1.00001
1.02009
1.01113
1.1071
1.0823
1.00479
1.00337
1.00595
1
1.07288
1.08631
1.10713
1.08487
1.0086
1.00004
1.00011
1
1.02469
1.08633
1.01084
1.01673
1.01172
1.00117
1
1
1.00021
1.00833
1.01255
1.00481
1.04622
1.10466
1.10482
1.09281
1.01782
1.00037
1.01842
1.06455
1.0939
1.10479
1.10482
1.10086
1.09747
1.01111
1.00654
1.03755
1.08312
1.05366
1.00707
1.00495
1.09699
1.05696
1.07259
1.07703
1.08304
1.06547
1.0078
1.06599
1.09693
1.07478
1.10713
1.07641
1.03296
1.02613
1.00451
1.00485
1.09307
1.07988
1.10713
1.10304
1.02019
1.00162
1.00059
1.00001
1.08538
1.08633
1.09745
1.0608
1.01584
1
1
1
1.00193
1.0253
1.00878
1.02941
1.05996
1.04647
1.03752
1.03307
1.01285
1.00165
1.03507
1.06269
1.04178
1.04138
1.01839
1.01454
1.03265
1.01366
1.05891
1.06256
1.05196
1.01535
1.00709
1.04065
1.05413
1.03205
1.07258
1.05516
1.02919
1.01733
1.03411
1.05676
1.02323
1.02715
1.03544
1.04713
1.0236
1.01494
1.00741
1.05207
1.0239
1.01926
1.03943
1.04381
1.01206
1.00174
1.00179
1.01832
1.08018
1.02507
1.06113
1.04034
1.00997
1
1
1.00047
1.0227
1.02524
628.465
699.499
866.248
857.211
800.161
857.52
833.818
819.165
638.044
734.533
874.112
864.439
794.122
856.778
840.862
819.42
631.103
712.156
861.473
855.51
809.15
848.182
835.013
817.78
641.541
831.784
845.799
832.181
813.676
860.901
828.593
826.712
899.076
884.174
788.158
769.817
811.595
835.995
785.202
823.159
842.097
766.247
777.416
800.774
844.84
791.379
780.05
824.371
815.825
780.853
781.324
800.211
848.772
799.919
770.367
796.404
746.833
747.078
720.746
497.722
597.966
617.752
596.733
616.667
747.078
747.299
657.217
484.414
624.89
617.494
591.952
622.315
747.26
747.612
717.332
501.368
594.971
626.591
596.673
623.542
747.612
747.815
637.246
496.138
597.58
602.191
589.449
609.563
705.2
534.498
534.556
579.279
722.092
598.354
622.945
611.386
637.086
592.11
617.776
664.939
615.014
600.356
659.072
597.659
720.986
630.89
606.125
642.083
639.187
617.52
659.316
632.634
434.547
425.685
528.781
463.976
487.628
492.668
494.917
498.182
427.467
429.367
561.439
457.733
487.954
487.297
492.227
484.978
428.167
417.56
529.045
464.093
478.522
492.155
495.947
489.107
437.481
409.37
531.594
471.138
490.862
499.888
503.189
495.528
450.11
504.133
534.832
524.894
435.768
487.895
485.814
491.836
480.482
468.633
491.053
467.199
475.895
498.229
461.774
492.543
421.483
488.916
482.013
484.744
462.108
493.17
472.573
487.082
209.48
217.918
206.47
219.943
223.239
222.401
221.722
222.35
208.494
218.143
201.248
220.391
223.611
223.279
224.206
225.901
214.052
223.016
211.855
226.243
227.719
227.972
228.22
230.301
218.247
224.7
222.539
230.039
230.25
228.309
227.403
229.092
214.837
219.077
212.031
218.977
228.215
231.885
230.038
230.289
224.757
228.283
227.251
229.307
228.644
226.589
230.733
229.234
227.988
228.017
227.068
227.23
228.614
224.322
224.83
224.473
9.97582
9.88852
7.74382
6.65619
4.12165
2.25605
1.32898
1.35845
10.6409
9.94934
6.82958
6.36178
4.1792
2.74459
1.606
1.62399
10.6328
10.1223
7.50974
6.29655
4.97183
3.08875
1.70463
1.76799
6.93248
6.93322
4.81086
2.93495
1.65092
1.18417
1.14549
1.39477
10.7415
10.2832
8.78808
6.83694
5.74418
3.6882
3.29234
3.50832
7.52122
5.84987
3.99344
2.71231
2.2298
1.78953
1.11969
1.20119
4.31551
3.19025
2.0855
1.40958
1.00001
1.36826
1.44455
1.40192
1.00588
1.01069
1.00002
1.00005
1.00001
1.00001
1.00002
1.00005
1.00835
1.00579
1.00067
1.00006
1.00003
1.00002
1.00002
1.00004
1.00402
1.00438
1.00096
1.00002
1
1.00002
1.00003
1.00005
1.00037
1.00009
1.00002
1.00002
1.00001
1
1.00001
1.00001
1.00003
1.00001
1
1
1
1.00001
1.00002
1.00007
1.00007
1.0001
1.00001
1.00001
1.00001
1.00001
1
1
1.00009
1.00002
1.00001
1.00001
1
1
1.00022
1.00061
1.07997
1.07919
1.01965
1.00001
1.00001
1
1
1
1.03163
1.0079
1.00784
1.00364
1
1
1
1
1.09399
1.05915
1.00086
1
1
1
1
1
1.00049
1.00059
1.00001
1
1
1
1
1
1.00002
1.00002
1
1
1
1
1
1
1.02076
1.00001
1.00001
1
1
1
1
1
1.00001
1.00001
1.00001
1
1
1
1.00151
1.00111
1.09065
1.09126
1.05669
1.00122
1
1
1
1
1.07934
1.09198
1.06706
1.00732
1
1
1
1
1.09408
1.09233
1.02342
1
1
1
1
1
1.00321
1.00366
1.00266
1.00023
1
1
1
1
1.00003
1.00027
1.00013
1.00001
1
1
1
1
1.01101
1.07612
1.02861
1
1
1.00001
1
1
1.00001
1.00153
1.00293
1.00086
1
1
1.00273
1.00298
1.08974
1.07831
1.02734
1.00001
1
1
1
1
1.0899
1.08669
1.04319
1.00153
1
1
1
1
1.09188
1.08397
1.02218
1
1
1
1
1
1.0089
1.01028
1.00348
1.00002
1
1
1
1
1.00242
1.00171
1.00039
1
1
1
1
1
1.08555
1.08616
1.08616
1.01216
1
1.00002
1
1
1.0104
1.00914
1.00535
1.00052
1
1
1.01555
1.00402
1.048
1.02043
1.00233
1.00005
1.00002
1.00001
1
1
1.02251
1.02107
1.0073
1.00082
1.00015
1.00003
1.00002
1.00001
1.06661
1.04104
1.00976
1.00009
1
1
1
1
1.01129
1.00858
1.00198
1.00002
1
1
1
1
1.00194
1.00123
1.00023
1
1
1
1
1
1.05345
1.06315
1.04625
1.00482
1
1.00001
1
1.00022
1.01596
1.00776
1.00271
1.00005
1
1
1.01665
1.00625
840.445
777.395
793.383
813.905
835.834
756.713
801.259
807.771
818.293
763.446
777.582
850.143
840.522
768.406
819.678
813.819
833.313
760.761
766.975
828.759
858.266
810.424
801.722
813.376
828.41
783.035
773.893
854.079
831.519
792.244
813.25
815.722
847.997
799.007
770.117
880.008
792.833
794.554
814.516
812.72
836.569
817.512
815.483
888.658
760.786
789.186
805.266
817.922
847.967
752.147
785.153
838.806
840.14
794.606
785.059
822.195
709.252
629.004
599.041
637.788
609.421
644.235
665.201
612.209
609.368
663.438
650.275
610.453
591.696
665.022
641.395
619.536
605.903
617.244
664.094
654.968
590.591
613.239
653.204
620.512
590.949
538.012
641.842
720.762
588.052
601.108
642.963
615.104
582.049
537.71
572.308
703.056
651.555
572.76
623.067
610.29
583.279
537.536
537.797
592.88
641.49
598.506
610.164
606.04
583.281
608.486
596.143
635.236
598.018
588.9
652.023
593.378
427.161
484.606
488.523
494.825
484.07
472.037
453.048
491.473
462.726
467.564
491.019
500.469
494.834
466.872
470.389
488.235
471.862
493.461
476
458.815
484.079
490.187
464.204
483.175
466.626
541.058
490.355
420.501
495.708
487.511
469.906
481.714
466.883
541.499
542.186
425.821
477.916
499.04
483.218
487.097
472.871
536.034
541.563
485.723
486.217
494.414
492.691
490.059
476.875
491.369
497.925
480.719
483.809
506.685
467.616
491.284
229.474
228.851
225.25
225.002
227.497
230.833
229.882
227.992
233.068
231.705
227.515
225.782
229.334
230.815
230.151
229.778
232.126
231.509
234.395
234.972
235.398
234.948
235.224
235.087
230.541
227.304
234.909
232.535
236.317
237.757
237.978
238.199
231.237
225.717
229.095
232.287
235.537
237.367
237.988
238.388
234.689
229.371
230.503
235.454
237.125
238.851
239.091
239.325
237.915
237.499
237.193
237.513
237.864
237.089
239.433
239.401
5.02463
3.91291
3.1397
1.82299
1.71986
1.08066
1.47409
1.44719
1.85397
2.05922
1.26414
1.05291
1.43621
1.77863
1.86051
1.44551
3.04461
2.59485
1.98737
2.5779
2.0463
1.61249
2.21413
1.73972
4.46867
1.99815
2.57648
5.34219
3.46634
2.16355
2.48928
2.25411
4.3364
1.70127
1.5286
5.5944
3.88213
2.46877
2.23163
2.17323
4.24397
2.57644
1.00977
3.58081
3.04966
2.25608
2.08457
2.1561
4.576
4.11309
3.7722
3.78109
3.62105
3.07781
3.37428
3.15523
1.00001
1.00001
1.00002
1.00002
1.00001
1.01311
1.0001
1.00043
1.00002
1.00002
1.00002
1.00002
1.00002
1.03844
1.0001
1.0001
1.00006
1.00004
1.00005
1.00008
1.00006
1.0001
1.0001
1.0001
1.00189
1.00186
1.00014
1.0001
1.00009
1.0001
1.0001
1.00011
1.00011
1.00195
1.00037
1.00014
1.00008
1.0002
1.00009
1.00012
1.0001
1.0001
1.00053
1.00007
1.00007
1.00008
1.00008
1.00009
1.00008
1.0001
1.0001
1.00008
1.00007
1.00008
1.00024
1.00009
1.00001
1.00001
1.00001
1.00001
1
1.01325
1.00651
1.00122
1.00001
1.00001
1.00002
1.00002
1.00001
1
1.01559
1.00441
1.00004
1.00002
1.00002
1.00004
1.00012
1.00338
1.00176
1.00011
1.0105
1.00748
1.0264
1.06838
1.01892
1.0001
1.00009
1.0001
1.03487
1.15623
1.16577
1.1656
1.10783
1.00117
1.00008
1.00009
1.10578
1.04022
1.00008
1.00006
1.00012
1.00007
1.00007
1.00008
1.05008
1.05459
1.00825
1.00005
1.00006
1.00007
1.00039
1.00009
1.00001
1.00001
1.00001
1.00001
1
1.00577
1.01665
1.00282
1.00001
1.00001
1.00001
1.00008
1.00001
1
1.0166
1.00629
1.00281
1.01029
1.01418
1.00351
1.00001
1.00185
1.0001
1.0007
1.1444
1.1444
1.10263
1.01059
1.00087
1.0001
1.0001
1.00117
1.14402
1.13169
1.03871
1.01331
1.0054
1.01712
1.00385
1.00048
1.10568
1.03173
1.00006
1.00006
1.00011
1.00007
1.00007
1.00036
1.09782
1.03186
1.00006
1.00006
1.03684
1.03543
1.004
1.00009
1.00001
1
1
1.00001
1
1.00191
1.01665
1.00321
1.00037
1.00014
1.0004
1.00018
1
1
1.01663
1.00507
1.04326
1.02937
1.01057
1.00044
1
1.00031
1.00643
1.00202
1.14438
1.09326
1.02116
1.00047
1.00244
1.01583
1.02372
1.00327
1.03008
1.00792
1.00008
1.02085
1.05154
1.06769
1.05621
1.00547
1.07347
1.02017
1.00007
1.00006
1.00007
1.03137
1.01027
1.00042
1.04277
1.00664
1.01501
1.05811
1.10482
1.08707
1.00612
1.0001
1.00029
1
1
1
1
1.00011
1.01665
1.00475
1.01097
1.00035
1.00028
1.00011
1
1
1.00464
1.00264
1.0366
1.0182
1.00278
1.00011
1.00027
1.00591
1.021
1.00225
1.02401
1.01435
1.00868
1.01756
1.03501
1.06586
1.03232
1.00242
1.00592
1.00869
1.0535
1.06948
1.06948
1.06843
1.04723
1.00489
1.01678
1.02263
1.02333
1.03952
1.05854
1.06832
1.039
1.0005
1.00878
1.03094
1.07481
1.07481
1.06747
1.04822
1.00256
1.00012
752.673
749.751
839.157
843.649
779.999
789.767
791.612
789.855
770.045
766.76
829.173
837.77
771.322
767.531
817.803
790.134
794.46
756.913
812.518
805.292
780.2
752.479
809.234
809.158
791.395
766.405
803.447
861.243
802.56
763.054
814.366
818.733
885.068
755.367
820.811
847.176
800.696
790.869
793.19
837.107
702.971
847.016
784.441
847.815
827.911
827.669
773.646
836.159
716.385
850.99
786.218
832.959
840.01
878.191
815.655
823.778
644.038
685.686
625.411
583.488
652.876
661.846
628.894
641.84
663.277
631.481
625.184
619.464
662.726
685.002
611.648
641.916
711.348
605.415
621.866
679.421
640.129
662.772
629.089
623.997
621.163
612.39
657.204
616.25
610.101
645.069
632.389
613.629
710.53
636.308
581.653
577.962
647.717
634.472
631.515
605.516
746.341
686.578
591.463
534.992
616.517
614.792
645.663
598.128
746.669
710.152
617.249
511.493
590.27
586.795
603.88
613.233
471.056
461.156
467.131
510.97
463.213
453.419
477.795
467.55
458.064
482.465
497.163
463.121
456.691
445.822
486.679
482.283
430.684
503.358
483.892
452.653
473.134
471.675
481.394
504.825
477.694
482.264
472.995
474.84
491.514
482.9
469.312
502.49
418.261
490.805
457.222
559.406
463.206
473.18
477.761
493.105
431.142
447.364
489.119
509.527
513.046
473.788
476.857
487.32
452.502
423.774
517.898
506.736
488.95
490.172
493.878
485.225
228.481
231.875
231.973
227.93
233.209
233.105
233.618
234.153
227.309
225.01
223.723
231.349
232.041
231.014
227.719
225.942
225.388
225.035
225.258
226.299
227.453
224.693
221.263
219.074
226.727
226.093
225.44
224.908
221.869
221.546
221.252
218.873
220.557
223.142
220.151
207.599
217.567
221.272
219.797
219.905
217.29
224.101
223.136
215.263
214.355
221.497
221.798
222.644
212.272
221.014
217.162
217.75
223.696
223.437
222.523
224.351
4.70918
2.7352
2.07262
1.36056
1.78884
2.32042
1.73231
1.77912
7.59103
5.90856
3.96449
2.59034
2.2674
2.23125
1.88958
2.42468
6.51719
5.14778
3.89471
3.07298
1.04687
1
1.00572
1.00362
5.33538
4.35996
3.48923
2.40479
1.45902
1.12625
1.00225
1.00221
6.43917
5.85107
5.17219
3.13484
2.71126
1.07585
1.06166
1.00492
6.56185
5.97524
4.35838
3.63637
2.36466
1.12604
1.02591
1.04138
8.819
8.53353
6.84181
5.03629
2.28838
1.07743
1.01423
1.30317
1.00006
1.00002
1.00003
1.00002
1.00002
1.00001
1
1
1.00003
1
1
1
1.00001
1
1.00001
1.00001
1
1
1
1
1
1
1
1.00003
1.0001
1
1
1
1
1
1
1.00002
1.00001
1
1
1
1.00001
1
1.00001
1.00003
1.00004
1.00001
1
1.00001
1.00001
1
1.00001
1.00001
1.00019
1.00002
1.00001
1.00002
1.00002
1.00001
1.00001
1.00001
1.00002
1.00002
1.00003
1.00002
1.00001
1.00002
1
1
1
1
1
1
1
1
1
1
1.00001
1
1
1
1
1
1
1
1.00162
1
1
1
1
1
1
1
1
1
1.00065
1.00021
1
1
1
1.00001
1.00001
1
1
1
1
1
1.00001
1.00001
1.00632
1.00906
1.00212
1.00001
1
1
1
1
1.00002
1
1.00089
1.00084
1.00014
1
1
1
1
1
1
1.00005
1.00003
1
1
1
1.00005
1
1
1
1
1
1
1
1.00886
1
1.00008
1.00001
1
1
1
1
1.01321
1.01098
1.00201
1
1
1
1.00145
1.0257
1.00001
1
1
1
1
1
1.00003
1.02179
1.02399
1.01431
1.00241
1
1
1
1
1
1.0058
1.00844
1.0058
1.00101
1
1
1
1
1.00001
1
1.0001
1.00013
1.00003
1
1
1
1.00002
1
1
1
1
1
1
1.00018
1.00626
1.00068
1.00009
1
1
1
1.00131
1.02681
1.02111
1.01551
1.00124
1
1
1
1.00539
1.04235
1.00001
1
1
1
1
1.00011
1.01651
1.04226
1.02069
1.01053
1.00132
1
1
1.00001
1
1
1.01875
1.01172
1.00425
1.00043
1
1
1.0002
1.00171
1.00034
1.00011
1.0003
1.0001
1.00001
1
1
1
1
1
1
1
1
1
1.00056
1.00112
1.00142
1.00048
1.00004
1
1
1.00017
1.01359
1.03292
1.01416
1.00556
1.00003
1
1
1
1.01384
1.04235
1.00001
1.00001
1
1
1
1.00984
1.0336
1.03608
1.00743
1.00256
1.00008
1
1
1
1.00034
1.00288
)
;

boundaryField
{
    base
    {
        type            calculated;
        value           nonuniform 0();
    }
    outlet
    {
        type            calculated;
        value           nonuniform List<scalar> 
749
(
1
1
1
1
1
1
1
1
1
1
1
1
1
1
1
1
1
1
1
1
1
1
1
1
1
1
1
1
1
1
1
1
1
1
1
1
1
1
1
1
1
1
1
1
1
1
1
1
1
1
1
1
1
1
1
1
1
1
1
1
1
1
1
1
1
1
1
1
1
1
1
1
1
1
1
1
1
1
1
1
1
1
1
1
1
1
1
1
1
1
1
1
1
1
1
1
1
1
1
1
1
1
1
1
1
1
1
1
1
1
1
1
1
1
1
1
1
1
1
1
1
1
1
1
1
1
1
1
1
1
1
1
1
1
1
1
1
1
1
1
1
1
1
1
1
1
1
1
1
1
1
1
1
1
1
1
1
1
1
1
1
1
1
1
1
1
1
1
1
1
1
1
1
1
1
1
1
1
1
1
1
1
1
1
1
1
1
1
1
1
1
1
1
1
1
1
1
1
1
1
1
1
1
1
1
1
1
1
1
1
1
1
1
1
1
1
1
1
1
1
1
1
1
1
1
1
1
1
1
1
1
1
1
1
1
1
1
1
1
1
1
1
1
1
1
1
1
1
1
1
1
1
1
1
1
1
1
1
1
1
1
1
1
1
1
1
1
1
1
1
1
1
1
1
1
1
1
1
1
1
1
1
1
1
1
1
1
1
1
1
1
1
1
1
1
1
1
1
1
1
1
1
1
1
1
1
1
1
1
1
1
1
1
1
1
1
1.00016
1.00015
1.00006
1
1
1
1.00002
1.00038
1.00007
1.00006
1.00009
1
1
1.00002
1.00348
1.00345
1.00435
1.00128
1.00005
1.00429
1.01052
1.02391
1.02908
1.02201
1.00867
1.00146
1.00916
1.03251
1.01418
1.02752
1.01176
1.00868
1
1.02633
1.01084
1.00989
1.01123
1.0275
1
1
1
1
1
1
1
1
1
1
1
1
1
1
1
1
1
1
1
1
1
1
1
1
1
1
1
1
1
1
1
1
1
1
1
1
1
1
1
1
1
1
1
1
1.00881
1
1
1
1.01351
1
1
1.02111
1
1
1
1.01607
1.00242
1
1.02529
1
1
1
1
1
1
1
1
1
1
1
1
1
1
1
1
1
1
1
1
1
1
1
1.00252
1.00174
1.00033
1.00019
1.00011
1.0081
1
1.00691
1.0029
1.00076
1.00016
1.00009
1.01127
1.03979
1.01559
1.00209
1.00209
1.0017
1.00094
1.00633
1.03979
1.0276
1.00264
1.00552
1.01779
1.01676
1.00277
1.03884
1.0451
1.02523
1.0059
1.01624
1.01416
1
1
1
1
1
1
1
1
1
1
1
1
1
1
1
1
1
1
1
1
1
1
1
1
1
1
1
1
1
1
1
1
1
1
1
1
1
1.00265
1.00565
1.00604
1.00003
1
1.03505
1.02344
1.00283
1.01635
1.01669
1.00003
1.01148
1.02545
1.00204
1.00019
1.00963
1.0191
1.00002
1.01378
1.00878
1.03507
1.05891
1.07258
1
1
1.06113
1.02941
1.06269
1.06256
1.05516
1
1.04381
1.04034
1.05996
1.04178
1.05196
1.02919
1.0236
1.01206
1.00997
1.04647
1
1.01535
1.01733
1.01494
1.00174
1
1.03752
1
1.00709
1.03411
1.00741
1.00179
1
1.03307
1
1.04065
1
1.05207
1.01832
1.00047
1.01285
1.03265
1.05413
1
1.0239
1.08018
1.0227
1.00165
1.01366
1.03205
1.02715
1.01926
1.02507
1.02524
1.048
1.02251
1
1.01129
1.00194
1
1.01596
1.02043
1.02107
1.04104
1.00858
1.00123
1.06315
1.00776
1.00233
1.0073
1.00976
1.00198
1.00023
1.04625
1.00271
1.00005
1.00082
1.00009
1.00002
1
1.00482
1.00005
1.00002
1.00015
1
1
1
1
1
1.00001
1.00003
1
1
1
1.00001
1
1
1.00002
1
1
1
1
1.01665
1
1.00001
1
1
1
1.00022
1.00625
1.00029
1.01097
1.0366
1.02401
1.00592
1.01678
1.00878
1
1.00035
1.0182
1.01435
1.00869
1.02263
1.03094
1
1.00028
1.00278
1.00868
1.0535
1.02333
1.07481
1
1.00011
1.00011
1.01756
1.06948
1.03952
1.07481
1
1
1.00027
1.03501
1.06948
1.05854
1.06747
1.00011
1
1.00591
1.06586
1.06843
1.06832
1.04822
1.01665
1.00464
1.021
1.03232
1.04723
1.039
1.00256
1.00475
1.00264
1.00225
1.00242
1.00489
1.0005
1.00012
1.01875
1.00034
1
1.00142
1.01416
1.00001
1.00743
1.01172
1.00011
1
1.00048
1.00556
1.00001
1.00256
1.00425
1.0003
1
1.00004
1.00003
1
1.00008
1.00043
1.0001
1
1
1
1
1
1
1.00001
1
1
1
1
1
1
1
1
1.00017
1
1.00984
1
1.0002
1
1.00056
1.01359
1.01384
1.0336
1.00034
1.00171
1
1.00112
1.03292
1.04235
1.03608
1.00288
)
;
    }
    walls
    {
        type            calculated;
        value           nonuniform List<scalar> 
816
(
999.536
1000
1000
1000
999.988
999.878
999.662
999.627
1000
1000
1000
999.979
999.93
999.662
999.697
1000
1000
1000
999.97
999.965
999.665
999.802
1000
1000
1000
999.963
999.904
999.875
999.828
1000
1000
1000
999.954
999.734
999.894
999.961
1000
1000
1000
999.978
999.735
999.787
1000
999.99
999.967
999.891
999.87
999.972
1000
1000
999.992
999.969
999.924
999.87
999.973
1000
1000
999.994
999.971
999.878
999.867
999.977
1000
1000
999.998
999.976
999.858
999.87
999.984
1000
1000
1000
999.983
999.864
999.891
999.994
1000
1000
1000
999.998
999.892
999.936
1000
1000
1000
999.999
999.999
1000
1000
997.603
997.565
1000
999.999
999.999
1000
1000
998.091
997.565
1000
999.999
1000
1000
1000
999.447
997.586
1000
999.999
1000
1000
1000
999.877
997.586
1000
1000
1000
999.999
999.993
999.891
997.586
1000
1000
1000
999.993
999.985
999.699
998.11
999.988
999.998
999.954
999.718
999.715
999.809
1000
999.813
999.984
999.96
999.715
999.715
999.718
1000
999.671
999.958
999.985
999.715
999.715
999.73
1000
999.671
999.922
999.996
999.867
999.715
999.739
1000
999.671
999.876
999.997
999.993
999.715
999.723
999.997
999.686
999.882
999.999
999.998
999.716
999.721
999.953
1000
1000
1000
1000
1000
1000
1000
1000
1000
1000
1000
1000
1000
1000
1000
1000
1000
1000
1000
1000
1000
1000
1000
1000
1000
1000
1000
1000
1000
1000
1000
1000
1000
1000
1000
1000
1000
1000
1000
1000
1000
1000
1000
1000
1000
1000
1000
999.985
999.993
1000
1000
1000
1000
999.998
999.988
999.998
1000
1000
1000
1000
999.998
1000
1000
1000
1000
999.996
999.991
999.998
1000
1000
1000
1000
999.986
999.959
1000
1000
1000
1000
999.997
999.981
999.955
999.974
1000
1000
1000
1000
1000
1000
1000
1000
1000
1000
1000
1000
1000
1000
1000
1000
1000
1000
1000
1000
1000
1000
1000
1000
1000
1000
1000
1000
1000
1000
1000
1000
1000
1000
1000
1000
1000
1000
1000
1000
1000
1000
1000
1000
1000
1000
1000
1000
1000
1000
1000
1000
1000
999.999
1000
1000
1000
1000
1000
1000
999.999
999.989
999.991
999.997
999.995
1000
1000
1000
999.98
999.881
999.904
999.979
1000
1000
1000
999.98
999.848
999.848
999.974
1000
1000
1000
999.991
999.894
999.897
999.977
999.226
999.298
999.988
999.783
999.899
1000
999.62
999.591
999.176
1000
1000
1000
1000
1000
1000
1000
1000
1000
1000
1000
1000
1000
1000
997.621
1000
1000
1000
997.519
999.141
1000
976.662
974.725
976.28
976.04
972.691
973.381
974.809
937.646
933.467
919.613
927.515
944.101
945.99
940.883
1000
999.985
999.977
1000
1000
1000
1000
1000
1000
1000
1000
1000
1000
1000
1000
1000
1000
1000
1000
1000
1000
1000
1000
1000
1000
1000
1000
999.624
989.518
989.074
988.574
988.327
981.954
985.902
971.977
937.682
937.063
931.664
930.361
923.336
924.518
938.919
1000
1000
1000
1000
1000
1000
1000
1000
1000
1000
1000
1000
1000
1000
1000
1000
1000
1000
1000
1000
1000
1000
1000
1000
1000
999.851
998.754
999.243
977.12
976.464
972.647
971.134
968.529
966.946
975.624
930.709
924.421
931.687
933.413
943.512
947.547
937.634
999.039
999.607
998.87
999.84
999.988
999.996
1000
1000
1000
1000
1000
1000
1000
1000
1000
1000
1000
1000
1000
1000
1000
1000
1000
999.623
1000
999.986
1000
1000
1000
999.975
972.604
978.516
985.788
984.24
988.833
988.643
982.492
949.279
946.21
932.77
934.448
926.898
924.047
946.562
999.934
999.967
999.988
999.991
999.991
999.985
999.952
1000
999.999
999.994
999.943
999.312
999.951
1000
1000
1000
1000
1000
999.998
999.986
999.973
999.764
999.984
999.99
999.959
999.946
999.838
999.96
815.409
816.848
831.197
820.833
798.685
788.95
803.451
609.409
618.801
630.902
615.965
636.606
644.894
615.96
482.965
469.155
459.372
474.481
459.974
470.948
495.242
238.903
245.105
243.962
242.52
240.817
234.985
229.229
3.70384
3.61166
4.04949
3.25606
3.24969
2.18781
1.50461
1.00008
1.00006
1.00005
1.00005
1.00005
1.00008
1.00006
1.00007
1.00006
1.00005
1.00005
1.03789
1.02973
1.00096
1.00008
1.00065
1.01408
1.01113
1.08631
1.08633
1.00833
1.00037
1.01111
1.05696
1.07478
1.07988
1.08633
1.0253
1.00165
1.01366
1.03205
1.02715
1.01926
1.02507
1.02524
819.165
819.42
817.78
826.712
823.159
824.371
796.404
616.667
622.315
623.542
609.563
611.386
597.659
632.634
498.182
484.978
489.107
495.528
491.836
492.543
487.082
222.35
225.901
230.301
229.092
230.289
229.234
224.473
1.35845
1.62399
1.76799
1.39477
3.50832
1.20119
1.40192
1.00005
1.00004
1.00005
1.00001
1.00007
1
1.00061
1
1
1
1
1
1
1.00111
1
1
1
1
1
1
1.00298
1
1
1
1
1
1
1.00402
1
1.00001
1
1
1
1.00022
1.00625
807.771
813.819
813.376
815.722
812.72
817.922
822.195
612.209
619.536
620.512
615.104
610.29
606.04
593.378
491.473
488.235
483.175
481.714
487.097
490.059
491.284
227.992
229.778
235.087
238.199
238.388
239.325
239.401
1.44719
1.44551
1.73972
2.25411
2.17323
2.1561
3.15523
1.00043
1.0001
1.0001
1.00011
1.00012
1.00009
1.00009
1.00122
1.00441
1.00011
1.0001
1.00009
1.00008
1.00009
1.00282
1.00629
1.0007
1.00117
1.00048
1.00036
1.00009
1.00321
1.00507
1.00202
1.00327
1.00547
1.00042
1.0001
1.00475
1.00264
1.00225
1.00242
1.00489
1.0005
1.00012
789.855
790.134
809.158
818.733
837.107
836.159
823.778
641.84
641.916
623.997
613.629
605.516
598.128
613.233
467.55
482.283
504.825
502.49
493.105
487.32
485.225
234.153
225.942
219.074
218.873
219.905
222.644
224.351
1.77912
2.42468
1.00362
1.00221
1.00492
1.04138
1.30317
1
1.00001
1.00003
1.00002
1.00003
1.00001
1.00001
1
1
1
1
1.00001
1.00001
1
1
1
1
1
1.0257
1.02179
1
1
1
1.00018
1.02681
1.04235
1.04226
1
1.00171
1
1.00112
1.03292
1.04235
1.03608
1.00288
)
;
    }
    inlet
    {
        type            calculated;
        value           nonuniform 0();
    }
    procBoundary3to2
    {
        type            processor;
        value           nonuniform List<scalar> 
729
(
1000
1000
1000
1000
1000
1000
1000
881.455
890.353
898.918
981.791
1000
1000
1000
437.367
373.553
507.678
842.744
981.113
1000
1000
283.458
283.554
284.049
553.776
915.898
1000
1000
283.554
342.154
495.049
494.936
904.629
1000
1000
283.577
283.354
283.699
536.431
899.18
1000
1000
428.406
356.034
425.361
715.377
943.214
1000
1000
1000
1000
1000
1000
1000
1000
999.968
999.445
1000
1000
1000
1000
1000
1000
1000
1000
1000
1000
1000
1000
1000
1000
1000
1000
1000
1000
1000
1000
1000
1000
1000
1000
1000
1000
1000
1000
1000
1000
1000
999.994
1000
1000
1000
1000
1000
1000
1000
999.848
1000
1000
1000
1000
1000
1000
1000
999.691
791.187
995.38
1000
1000
1000
1000
1000
1000
481.038
854.178
1000
1000
1000
999.944
999.919
999.987
412.498
789.807
999.999
1000
1000
999.44
999.438
999.963
425.368
840.467
1000
1000
999.959
999.013
999.826
999.844
738.57
992.508
1000
1000
999.386
998.991
999.869
999.846
976.824
999.983
1000
1000
999.971
999.487
999.911
999.971
1000
999.999
999.999
1000
999.995
999.961
999.98
1000
1000
1000
1000
1000
1000
1000
1000
1000
1000
1000
1000
1000
1000
1000
1000
999.999
1000
1000
1000
1000
999.999
1000
999.993
999.999
1000
1000
1000
999.999
999.999
999.999
999.997
1000
1000
1000
1000
999.999
1000
999.999
1000
1000
1000
999.994
999.998
1000
1000
1000
999.993
998.105
1000
999.999
1000
1000
1000
1000
999.559
997.565
1000
1000
1000
1000
999.998
999.994
999.998
999.999
1000
1000
1000
999.999
1000
1000
999.978
999.999
996.842
1000
1000
999.99
999.997
1000
999.966
999.968
950.479
1000
1000
1000
999.986
1000
999.992
999.874
748.251
997.989
1000
1000
999.979
999.999
1000
999.72
714.486
996.62
1000
1000
1000
1000
1000
999.967
855.508
1000
1000
1000
1000
1000
1000
1000
1000
1000
1000
1000
1000
1000
1000
1000
1000
1000
1000
1000
1000
1000
1000
1000
1000
1000
1000
1000
1000
1000
1000
1000
1000
1000
1000
1000
1000
1000
1000
1000
1000
1000
1000
1000
1000
1000
1000
1000
1000
1000
1000
1000
1000
1000
1000
1000
1000
1000
1000
1000
1000
1000
1000
1000
1000
1000
1000
1000
1000
1000
1000
1000
1000
1000
1000
1000
1000
1000
1000
1000
1000
1000
1000
1000
1000
1000
1000
1000
1000
1000
1000
1000
1000
1000
1000
1000
1000
1000
1000
1000
1000
1000
1000
1000
999.987
1000
1000
1000
1000
1000
1000
1000
999.993
1000
1000
1000
1000
1000
1000
1000
1000
1000
1000
1000
1000
1000
1000
1000
1000
1000
1000
1000
1000
1000
1000
1000
1000
1000
1000
1000
1000
1000
1000
1000
1000
1000
1000
1000
1000
1000
1000
1000
1000
1000
1000
1000
1000
1000
1000
1000
1000
1000
1000
1000
1000
1000
1000
1000
1000
1000
1000
1000
1000
1000
1000
1000
1000
1000
1000
1000
1000
1000
1000
1000
1000
999.999
1000
1000
1000
1000
1000
1000
1000
999.999
1000
1000
1000
1000
1000
1000
1000
1000
1000
1000
1000
1000
1000
1000
1000
1000
1000
1000
1000
1000
1000
1000
1000
1000
1000
1000
1000
1000
1000
1000
1000
1000
1000
1000
1000
1000
1000
1000
999.393
1000
999.517
1000
1000
1000
999.99
1000
999.969
999.846
999.949
1000
1000
1000
999.795
1000
1000
998.713
999.182
1000
1000
1000
999.134
999.985
1000
999.065
999.302
1000
1000
1000
999.487
1000
999.996
999.471
999.581
1000
1000
1000
1000
1000
1000
999.454
999.226
999.226
1000
1000
999.93
999.944
1000
999.994
999.519
999.519
999.519
1000
1000
998.384
997.855
999.757
999.994
999.994
1000
1000
1000
1000
1000
995.073
994.336
999.264
1000
1000
1000
1000
1000
998.119
994.336
998.89
1000
1000
1000
1000
1000
999.017
994.337
999.109
1000
1000
1000
1000
1000
999.138
996.507
999.588
1000
1000
1000
1000
1000
999.366
998.909
999.878
1000
1000
1000
1000
1000
999.785
999.801
999.98
1000
1000
1000
1000
1000
999.612
999.907
1000
1000
1000
1000
1000
999.982
999.614
999.948
1000
1000
1000
1000
1000
1000
999.671
999.947
1000
1000
1000
1000
1000
1000
999.365
999.862
1000
1000
1000
1000
1000
1000
999.407
999.882
1000
1000
1000
1000
1000
1000
999.959
999.989
1000
1000
1000
1000
1000
1000
999.997
999.993
999.999
1000
1000
1000
1000
1000
999.979
999.998
1000
1000
999.411
999.694
1000
1000
999.99
1000
1000
999.928
999.928
999.876
1000
1000
999.654
999.751
999.981
1000
999.876
999.876
999.939
1000
1000
999.978
999.271
999.662
999.997
1000
999.939
1000
1000
1000
999.68
998.71
999.258
999.955
999.976
1000
1000
1000
1000
997.457
996.864
999.594
1000
1000
1000
1000
1000
999.448
995.02
998.893
1000
1000
1000
1000
1000
1000
993.015
997.016
999.986
)
;
    }
}


// ************************************************************************* //
