/*--------------------------------*- C++ -*----------------------------------*\
| =========                 |                                                 |
| \\      /  F ield         | OpenFOAM: The Open Source CFD Toolbox           |
|  \\    /   O peration     | Version:  plus.master.MPPICInterFoam            |
|   \\  /    A nd           | Web:      www.OpenFOAM.com                      |
|    \\/     M anipulation  |                                                 |
\*---------------------------------------------------------------------------*/
FoamFile
{
    version     2.0;
    format      ascii;
    class       vectorField;
    location    "3/lagrangian/kinematicCloud";
    object      U;
}
// * * * * * * * * * * * * * * * * * * * * * * * * * * * * * * * * * * * * * //


2459
(
(-0.000724253 -6.71571e-05 0.283937)
(-0.000711684 0.00726495 0.277916)
(1.92352e-06 0.00566099 0.263669)
(-0.0013673 0.00843539 0.264031)
(0.0328128 0.00326717 0.323847)
(-0.000233439 0.00565775 0.295093)
(0.00193179 -0.00449675 0.305683)
(-0.000249943 0.00675122 0.260762)
(-0.000694223 0.00140137 0.291589)
(-0.00964941 0.00601281 0.291871)
(8.25112e-05 0.000353799 0.282431)
(-0.00955228 -0.000853674 0.302575)
(-0.00257771 0.0022886 0.311039)
(0.00183597 -0.00178495 0.31426)
(-0.00539964 0.0034481 0.334937)
(-0.00156867 0.00115433 0.274292)
(0.0206947 0.00242926 0.323039)
(0.0247568 0.00224189 0.322897)
(8.40594e-05 0.00659959 0.317672)
(0.000400686 0.00133294 0.320893)
(0.00225407 -0.00215534 0.311751)
(-0.00259289 0.0117905 0.31088)
(-0.0154709 0.00619789 0.3293)
(-0.0026533 -0.000222054 0.319823)
(0.000766291 0.00380876 0.281838)
(-4.6403e-05 -0.00156941 0.30414)
(-0.00421292 0.000464445 0.293985)
(-0.00604866 0.00963744 0.317665)
(-0.00156313 5.91104e-05 0.294484)
(0.00106109 0.000669896 0.283741)
(-0.00303202 0.0084229 0.25318)
(-0.00446298 0.0120961 0.303796)
(-0.0362304 0.0104405 0.322316)
(-0.000735814 0.00128627 0.287078)
(-0.00747255 0.00818006 0.316707)
(-0.0265876 0.00419967 0.320771)
(-0.00169823 0.00864513 0.293753)
(-0.00495775 -0.00283435 0.282302)
(-0.0031845 0.00875864 0.249739)
(-0.00829812 0.00369075 0.325436)
(0.0120769 -0.000416318 0.321882)
(-0.000569397 0.00188698 0.305538)
(-0.023934 0.0036684 0.278485)
(9.21905e-05 0.00318437 0.302069)
(-0.00978068 0.00602669 0.31283)
(-0.000130405 0.00814752 0.249393)
(-0.0171084 0.0128139 0.322591)
(-0.0020358 0.0050004 0.294575)
(-0.00381542 0.0162732 0.295123)
(-0.00734479 0.00974555 0.273439)
(-0.0132038 0.00339417 0.307177)
(-0.0159401 0.0115928 0.315817)
(0.00637581 -0.000158676 0.301045)
(0.00099052 0.000962286 0.300571)
(-0.00233976 -0.00309505 0.301813)
(-9.97764e-05 0.00485735 0.295191)
(-0.0172178 0.00882893 0.302365)
(-0.0249819 0.00094744 0.298751)
(-0.0170292 0.0037968 0.298156)
(-0.00306132 0.00644949 0.289818)
(0.00288531 0.0119706 0.282841)
(-0.00141525 0.00262544 0.288897)
(0.000890778 0.00165273 0.326113)
(0.000942063 -0.00120594 0.323488)
(-0.00979927 0.0184197 0.326832)
(0.000524016 0.00388289 0.285244)
(-0.00012686 -0.00139961 0.324158)
(-0.013262 0.00307998 0.312397)
(-0.00535486 0.00301021 0.292615)
(-0.0118273 0.000977226 0.316784)
(7.20315e-05 -0.000613119 0.321736)
(-0.0119885 0.0043292 0.286075)
(0.00078562 0.000716019 0.34777)
(-0.0143724 -0.000280253 0.315048)
(-0.00557026 0.00827414 0.275824)
(-0.00714845 0.00928111 0.306245)
(0.00177577 0.0117986 0.293043)
(-0.00776952 0.00569592 0.248206)
(-0.000825553 0.0062412 0.296481)
(0.00173481 0.000174598 0.328414)
(-0.00896706 0.00915731 0.311574)
(-0.0273963 0.00452718 0.297649)
(-0.00139197 0.00128065 0.323135)
(-0.025536 0.00416679 0.304127)
(0.000656177 0.00320747 0.319266)
(0.00161348 0.00728584 0.260668)
(-0.000596105 0.00204631 0.290334)
(-0.00263571 0.00820997 0.261739)
(-0.00209658 0.0087223 0.261109)
(0.000563128 0.00304552 0.311506)
(-0.0014549 0.00160431 0.262563)
(5.56449e-05 0.00594382 0.308326)
(-0.00526376 0.0055917 0.258734)
(0.0014426 0.00816884 0.302922)
(-0.000348536 0.011304 0.289149)
(-0.00884902 0.00922773 0.234297)
(-0.0132838 0.0110332 0.303414)
(-0.00342441 0.00608302 0.290982)
(-0.00453482 0.00871002 0.302371)
(0.000594414 0.00352799 0.3204)
(-0.00242036 0.00397857 0.312522)
(-0.0154594 0.00419839 0.307057)
(-0.00478629 0.00666582 0.263229)
(0.000732106 0.00650054 0.319589)
(-0.00767969 -0.00397348 0.274862)
(-0.0130584 0.0142641 0.304181)
(0.00119662 0.00380271 0.292964)
(-0.00340203 0.0130532 0.29341)
(0.000400706 0.00201429 0.287345)
(-0.00884692 0.00407347 0.304009)
(0.000800344 0.00347036 0.318533)
(0.000985068 0.00023212 0.327739)
(-0.00323752 0.00423006 0.324806)
(-0.0191481 0.00166703 0.29496)
(-0.000699822 0.000573242 0.339159)
(-0.00457405 0.00906444 0.243922)
(-0.0193927 0.0145998 0.316588)
(-0.0374357 0.00715619 0.308169)
(-0.0111913 0.00352432 0.318614)
(-0.00133141 0.00105587 0.336089)
(-0.0131437 0.00314373 0.303918)
(0.0008825 0.00298107 0.321651)
(0.00167719 0.00237404 0.332871)
(1.75631e-05 0.00508807 0.311966)
(-0.000282155 0.00313784 0.32965)
(-0.00143918 0.010714 0.296136)
(0.0015712 0.00218988 0.332949)
(-0.00296701 0.00605942 0.281593)
(0.000470179 0.00213106 0.333872)
(-0.0170612 0.0104675 0.300568)
(-0.00662524 0.00461224 0.309709)
(-0.0297261 0.0108206 0.260985)
(-0.0342276 0.0141481 0.241709)
(0.0010277 0.003282 0.284428)
(0.000394545 0.00558744 0.319027)
(0.000485633 0.00896321 0.248948)
(-0.020218 0.00313681 0.295041)
(-0.0235753 0.00626601 0.314949)
(-0.00356094 0.00805218 0.267724)
(-0.0130806 0.0112309 0.303433)
(0.00230798 0.000614433 0.274024)
(-0.0196298 0.00816368 0.269369)
(0.000134547 0.00479614 0.318561)
(-0.0280459 0.00637919 0.314379)
(0.00085208 0.00326704 0.327157)
(0.00152263 -0.00526903 0.306268)
(0.000839089 0.00354908 0.32715)
(-0.00962484 0.00392629 0.336573)
(-0.00820912 0.00282321 0.327655)
(-0.00528777 0.0134368 0.305805)
(0.000822767 0.00339505 0.32643)
(0.00135174 0.000990258 0.332615)
(0.000470773 0.00313312 0.333499)
(-0.0157519 -0.000591685 0.28913)
(0.00289411 0.0123827 0.301342)
(-0.00146839 0.000966256 0.351099)
(0.00121045 0.00529408 0.316758)
(0.00366441 0.00928514 0.320708)
(-0.0102189 0.00186952 0.324616)
(-0.00118931 0.00322638 0.34063)
(0.000825682 0.00691046 0.285613)
(0.00202866 0.00468825 0.313878)
(0.00118037 0.00166104 0.326395)
(0.000758387 0.00247117 0.327728)
(-0.000205387 0.00244531 0.245908)
(-0.000403874 0.00305304 0.340552)
(0.000427478 0.00369169 0.330399)
(0.00245234 0.0208627 0.303169)
(0.00110097 0.00182206 0.329788)
(0.000773976 0.00371253 0.32761)
(-1.41525e-05 0.00534251 0.319141)
(-0.0004264 0.010528 0.255578)
(-0.0345818 0.00682428 0.270913)
(0.000495468 0.0058918 0.276296)
(0.00169126 0.000815024 0.287642)
(-0.0111542 0.00296735 0.270062)
(0.00106413 0.00850701 0.260745)
(-0.00514743 0.00829068 0.248694)
(-0.00881563 0.00127903 0.319225)
(0.00012484 0.00579967 0.319699)
(0.000420357 0.0041262 0.324297)
(0.000965452 0.00231621 0.28304)
(0.00189352 0.00496829 0.322227)
(-0.00614839 0.0111198 0.247962)
(-0.00296145 0.0120014 0.315159)
(-0.0129591 0.00705179 0.243745)
(4.11707e-05 0.00168644 0.323587)
(-0.000760374 0.0021024 0.3486)
(-0.018334 0.00434804 0.291453)
(0.000125672 0.00515627 0.326901)
(-0.000710445 0.0113298 0.299344)
(0.00110381 0.0018834 0.342454)
(-0.00895323 0.00395899 0.332279)
(-0.00661031 0.00857985 0.306013)
(-0.0240875 0.00736412 0.286501)
(-0.00815753 0.0095617 0.318934)
(0.000619468 0.00642882 0.259513)
(-0.00850549 0.00432529 0.331867)
(-0.028283 0.00714579 0.279056)
(-0.0117859 0.0014024 0.282967)
(-0.00546662 0.00705896 0.24283)
(-5.00115e-05 0.00551231 0.329625)
(-0.0126075 0.00350853 0.267569)
(-0.017161 0.0106008 0.279663)
(-0.00895613 0.00387745 0.335664)
(0.000486884 0.00688832 0.311994)
(0.00161949 0.00573868 0.268542)
(-0.000400621 0.00376126 0.344126)
(-0.00353827 0.00843978 0.269809)
(0.00305252 0.00100514 0.321065)
(0.000714616 0.00760257 0.282519)
(-0.0196035 0.0064882 0.294592)
(-0.00425787 0.0103707 0.289202)
(-0.00655752 0.0266143 0.332877)
(-4.43744e-05 0.00430624 0.33712)
(0.0019327 0.00449861 0.326451)
(-0.0210817 0.00534273 0.292285)
(-0.00535251 0.0092568 0.246924)
(-0.00806354 0.00525857 0.33111)
(0.0022558 0.00704783 0.259825)
(-0.00599043 0.00185658 0.319353)
(-0.00442461 0.00107985 0.285175)
(0.00116883 0.00681259 0.277236)
(-0.006299 0.00843923 0.248449)
(-1.0319e-05 0.00478932 0.338443)
(0.000979927 0.00221925 0.345168)
(-0.00279597 0.00724311 0.331914)
(-0.00208566 0.010211 0.286332)
(-0.0290516 0.00353777 0.289844)
(0.000636434 0.00592669 0.317541)
(0.00172683 0.0077031 0.272876)
(-0.00514161 0.00239926 0.352784)
(6.86684e-05 0.00641667 0.322756)
(-0.00241606 0.017555 0.26975)
(-0.00119164 0.0115326 0.298696)
(0.000903625 0.00267415 0.339669)
(0.000117057 0.00573635 0.323995)
(-0.00963101 -6.46369e-05 0.312669)
(-0.00466952 0.00914216 0.27995)
(-0.00582385 0.00146586 0.284938)
(-0.00478326 0.0065735 0.338272)
(-0.0212559 0.00395562 0.276649)
(-0.00308874 0.00844864 0.301913)
(0.00103911 0.00294527 0.3362)
(-0.0015309 0.0106719 0.291129)
(-0.0229526 0.00365931 0.277647)
(-0.0131061 0.00680118 0.259137)
(0.00262286 0.00841756 0.269363)
(-0.00268623 0.00822784 0.278448)
(-0.0306408 0.0088108 0.278067)
(0.000601154 0.00646527 0.325274)
(-0.0012569 -0.00609098 0.314927)
(-0.000913631 0.00637965 0.310167)
(0.00210507 0.00402068 0.278417)
(-0.00741529 0.00479775 0.328396)
(0.00130059 0.00904885 0.318349)
(-0.00447928 0.00755294 0.305047)
(-0.00189675 0.00787224 0.282674)
(-0.000555829 0.00716992 0.307399)
(-0.000771305 0.00678471 0.315204)
(-0.000346997 0.00498942 0.342259)
(0.00131701 0.00218068 0.348126)
(0.00352232 0.00880391 0.257117)
(0.00367634 0.00806424 0.273759)
(-0.0283382 0.00841358 0.287165)
(-0.00113516 0.0113394 0.293835)
(-0.0283336 0.00895099 0.294463)
(-3.68262e-05 0.00575991 0.330141)
(-0.00682556 0.00520681 0.248487)
(-0.0105443 0.00672188 0.277901)
(-0.00323665 -0.000969723 0.303965)
(-0.00404096 0.00734241 0.292367)
(-0.00171003 0.0112243 0.292413)
(-0.00476978 0.0140224 0.26652)
(-0.0182789 0.00291625 0.295677)
(-0.000710166 0.00698479 0.309027)
(0.00321516 0.00380747 0.272362)
(-0.00863358 0.00300154 0.323069)
(-0.0262972 0.00480919 0.278482)
(-5.60845e-05 0.00450563 0.346904)
(0.000932047 0.00752544 0.318558)
(-0.00344382 0.00602405 0.323319)
(-0.0318882 0.00693696 0.288366)
(0.000732489 0.00667742 0.324591)
(-0.001432 0.00407104 0.306044)
(-0.00995851 0.00264092 0.290437)
(-0.0170951 0.0101222 0.271394)
(0.000491507 0.00343117 0.358113)
(-0.0116731 0.00625237 0.272545)
(-0.00396789 0.00903982 0.249197)
(-0.00562191 0.00961306 0.31069)
(0.00973513 0.000877388 0.253074)
(-0.00352546 0.00497247 0.291779)
(0.000318802 0.00605128 0.344378)
(-0.0108302 0.00116546 0.320601)
(0.000399415 0.00279943 0.35235)
(0.00317544 0.00782481 0.252668)
(1.63817e-05 0.00477736 0.342373)
(-0.00500311 0.000419788 0.262168)
(-0.0169811 0.0061939 0.275513)
(0.00108967 0.0071501 0.321714)
(0.000112646 0.00466782 0.342737)
(-0.00207968 0.00940573 0.291136)
(0.00771866 0.00111999 0.235168)
(7.16468e-05 0.00482762 0.339815)
(-0.00539737 0.000193659 0.293069)
(-0.00861978 0.00207366 0.298104)
(0.00111782 0.00508101 0.334682)
(0.000127686 0.00508352 0.345737)
(0.00282885 0.00936604 0.259538)
(-0.00462698 0.00761576 0.257997)
(0.000817648 0.00372109 0.347968)
(-0.00644111 0.00649301 0.313444)
(-0.00719327 0.0051982 0.327932)
(-0.0042566 0.00662734 0.259955)
(0.000671058 0.00522061 0.252918)
(-0.000850079 0.0102203 0.294477)
(-0.000353226 0.00890408 0.251311)
(-0.00672466 0.00448956 0.326115)
(-0.0189215 0.00724045 0.267856)
(0.0033955 0.00232487 0.334552)
(-0.00755497 0.00659225 0.282826)
(-0.0100216 0.0070357 0.278628)
(-0.00161428 0.0098518 0.284744)
(0.00291744 0.00548853 0.236341)
(-0.000350664 0.00682014 0.32682)
(0.00236864 0.00593944 0.277883)
(-0.00450331 0.00991072 0.274754)
(-0.00373946 0.0116193 0.306398)
(-0.002223 0.00216279 0.295294)
(-0.0120533 0.0117827 0.24095)
(0.00199201 0.00473433 0.325988)
(-0.00674071 0.00838698 0.27783)
(-0.00184317 0.00642802 0.256079)
(0.00103475 0.00562823 0.269167)
(-0.0102415 0.0042877 0.320042)
(-0.00113694 0.00718447 0.30592)
(0.0020574 0.00378707 0.328518)
(-0.00347549 0.00733315 0.249845)
(0.00130761 0.00806003 0.267585)
(-0.00967174 0.00955158 0.282313)
(-0.00690395 0.0053361 0.256259)
(0.00173342 0.00560142 0.336963)
(0.00758957 0.00390866 0.286109)
(0.00021232 0.00480128 0.340358)
(-6.09093e-05 0.00527845 0.344045)
(0.00163086 0.00663072 0.347779)
(-0.00484998 0.000955464 0.274119)
(-0.00644499 0.00543682 0.315983)
(0.00303755 0.00828321 0.332966)
(-0.0158238 0.00826631 0.268168)
(0.000329609 0.00725518 0.311068)
(-0.000800783 0.0064712 0.270004)
(-0.00180566 0.00842909 0.263232)
(0.00327538 0.00415243 0.355052)
(-1.97743e-05 0.00439664 0.346245)
(0.00029173 0.00495397 0.348764)
(-2.61508e-05 0.00559302 0.339433)
(0.000399169 0.00458807 0.346439)
(-0.00609761 0.00557176 0.31741)
(0.00578649 0.00936456 0.342913)
(0.00674512 0.0130939 0.343167)
(-0.00219117 0.00757098 0.290557)
(0.00161831 0.00177049 0.267782)
(-0.00169473 0.00811213 0.280601)
(0.000782495 0.00605687 0.332875)
(-0.00137094 0.0102916 0.305312)
(0.0010131 0.00622128 0.330471)
(-0.00635159 0.00454475 0.321293)
(-0.00434584 0.014549 0.304837)
(-0.0013496 0.0065821 0.318219)
(-4.81252e-06 0.00639405 0.333487)
(0.00075769 0.00601577 0.332285)
(0.000755359 0.00635105 0.325526)
(-0.000284393 0.00479194 0.349959)
(0.000372492 0.0114538 0.272102)
(-0.00133567 0.00641079 0.329138)
(0.00521307 0.00607916 0.259466)
(0.00100066 0.0106643 0.265968)
(0.00309889 0.00746263 0.275291)
(-0.00236694 0.00797884 0.26955)
(-0.00483139 0.00757159 0.301622)
(-0.0040982 0.0068167 0.277599)
(-0.00716897 -0.00118533 0.274927)
(-0.00688128 0.00915712 0.307065)
(0.000848711 0.00611454 0.329077)
(-0.00853229 0.00321753 0.25446)
(-0.000981846 0.00639258 0.325241)
(-0.0073662 0.0089177 0.30674)
(-0.00494738 -0.00549106 0.320977)
(-0.00464101 0.00813398 0.277899)
(-0.00343277 0.00629773 0.276448)
(-0.00226251 0.00610431 0.340197)
(0.00272368 0.00253593 0.308068)
(-0.00424338 0.0131779 0.298207)
(-0.0065265 0.00475825 0.3212)
(-0.00949932 0.00252624 0.344328)
(-0.0043839 0.00505343 0.260955)
(-0.00555981 0.00262514 0.322377)
(-0.0122016 0.00368697 0.343768)
(-0.000324185 -0.00328866 0.314167)
(-0.00250166 0.0205961 0.278067)
(0.00865304 0.0143197 0.228533)
(0.00335234 0.00577419 0.317518)
(-0.00625345 0.0057221 0.32532)
(0.002054 0.00736423 0.266434)
(-0.00604153 0.00769103 0.275968)
(-0.00663117 0.00332629 0.325091)
(0.000304862 0.00680569 0.347976)
(-0.00187235 0.00264357 0.27467)
(0.000573818 0.00633607 0.326096)
(-0.00420287 0.0105703 0.318719)
(-0.00951075 0.00183829 0.236703)
(0.0010249 0.00668918 0.30895)
(-0.000425507 0.00611356 0.341528)
(0.00235128 0.00721083 0.297819)
(-0.00954209 0.00500447 0.288418)
(-0.00173344 0.00635951 0.327037)
(0.00158408 0.00721128 0.260535)
(-0.000659674 0.00591106 0.343034)
(-0.0013175 0.00638228 0.32855)
(0.000344654 0.00629555 0.331264)
(-0.00677703 0.00858147 0.309159)
(-0.00171967 0.0141073 0.28679)
(-0.000596943 0.00605154 0.340034)
(-0.000686801 0.00607873 0.339914)
(0.0010496 0.00697769 0.254368)
(-0.00139921 0.00656338 0.323802)
(0.00031732 0.0063785 0.330036)
(0.000220121 0.0064183 0.324648)
(0.00129232 0.000600333 0.268248)
(-5.52867e-05 0.0128073 0.305128)
(-8.75032e-05 0.00644877 0.328044)
(-0.000466884 0.0058851 0.346051)
(0.0012421 0.0127468 0.341152)
(-8.29094e-05 0.0100188 0.344342)
(-0.00394666 0.00644686 0.230144)
(-0.00117268 0.00624327 0.335311)
(0.00211959 0.00685528 0.315747)
(-0.00196665 0.0071584 0.301935)
(-0.00161595 0.00689011 0.311039)
(-0.000573613 0.000471308 0.321378)
(-0.00223414 0.00611343 0.331872)
(-0.00158696 0.00691835 0.313897)
(-0.00121197 0.00681017 0.320607)
(-0.00156653 0.00666767 0.319406)
(-0.00199186 0.00680538 0.313298)
(-0.00102036 0.000172004 0.321239)
(-0.0102451 0.00319746 0.242739)
(-0.00657518 0.00613808 0.293053)
(-0.00136217 0.00665357 0.323341)
(0.00110624 0.006813 0.290413)
(-0.00610044 0.00482201 0.303817)
(0.0043068 0.0105155 0.216149)
(0.00381717 0.00162692 0.280821)
(0.00183902 0.00707574 0.305397)
(-0.000116789 0.00994519 0.336744)
(0.00579589 -0.00245812 0.296572)
(-0.00473089 0.0101502 0.323696)
(-0.00185597 0.00933839 0.295647)
(0.00828733 0.00349607 0.321575)
(-0.00129192 0.00627389 0.335641)
(-0.0012071 0.00347608 0.292194)
(-0.00150749 0.00645715 0.327294)
(-0.00502144 0.00318348 0.23991)
(0.00177237 0.0072546 0.247594)
(-0.00137197 0.00658164 0.324084)
(-0.00194662 0.00684242 0.311728)
(-0.00593941 0.00723657 0.281144)
(0.00901451 0.0016441 0.241673)
(0.00125074 0.00854605 0.290408)
(-0.00757045 0.00269509 0.325596)
(0.00149991 0.00718307 0.297762)
(-0.00175434 0.0066336 0.318216)
(0.00729616 0.00102666 0.29293)
(0.00639568 0.00388385 0.25576)
(-0.00196706 0.00721889 0.325253)
(-0.00123611 0.00696879 0.315795)
(-0.00038408 0.00941475 0.34559)
(-0.0025463 0.00686255 0.304551)
(-0.00204559 0.00677059 0.326895)
(-0.00373312 0.00646988 0.306227)
(-0.00193678 0.00693371 0.314018)
(0.00136434 0.00681476 0.267526)
(-0.0016719 0.00652602 0.325259)
(0.000376924 0.000808302 0.284769)
(0.0104723 0.00150295 0.259858)
(-0.00145862 0.00998692 0.263306)
(-0.00840201 -0.00179837 0.322576)
(-0.00339238 0.00684688 0.281609)
(-0.00180632 0.00693803 0.310383)
(-0.00145244 0.00715382 0.304939)
(-0.00418773 0.0061918 0.337794)
(-0.00111088 0.00658171 0.33306)
(-0.00554447 0.00717827 0.283548)
(-0.00859389 0.00439587 0.314955)
(0.0118849 0.00069116 0.267828)
(0.00115986 0.00730226 0.306172)
(-0.000858186 0.00628008 0.350428)
(-0.00240216 0.00682809 0.307898)
(-0.00775324 0.00651966 0.233436)
(-0.00474412 0.00726021 0.282303)
(-0.00212929 0.00690769 0.310821)
(-0.00342503 0.00700318 0.308037)
(0.0032515 0.0157023 0.28165)
(-0.0061031 0.00605749 0.311997)
(-0.00386667 0.0115086 0.314552)
(0.00334659 0.00243168 0.250692)
(-0.00222954 0.00774466 0.247287)
(-0.00505529 0.00737256 0.269083)
(-0.00242927 0.0068233 0.309674)
(-0.00201887 0.00687191 0.313208)
(0.0021503 0.00622375 0.260806)
(-0.00144144 0.00809754 0.265083)
(0.00177796 0.00920816 0.268048)
(-0.00501616 0.00269376 0.246501)
(-0.00262839 0.00759767 0.290001)
(-0.00269971 0.0070583 0.340475)
(-0.00547416 -0.00514316 0.329519)
(-0.000315288 0.0067435 0.346737)
(0.00268499 0.0109007 0.316693)
(-0.00180985 0.00695477 0.326354)
(0.00637219 0.00193554 0.293989)
(-0.00519743 0.000895853 0.256942)
(-0.00217424 0.0015085 0.295482)
(0.00409999 0.00606987 0.279081)
(-0.00433829 0.00208578 0.30454)
(-0.0194175 0.00955554 0.262045)
(0.000363021 0.0059484 0.249328)
(-0.0135941 0.00886033 0.278995)
(-0.0101493 0.00290187 0.316498)
(-0.00255295 0.00686983 0.306389)
(0.00217866 0.00493566 0.273663)
(-0.00534259 0.00915623 0.30582)
(-0.00631943 0.0021927 0.298697)
(-0.00137685 0.00654062 0.327025)
(0.00411162 0.00532541 0.215862)
(-0.00505151 -0.00227906 0.240431)
(-0.0025393 0.00695851 0.306474)
(-0.00612255 -0.00241238 0.316521)
(-0.00615392 0.00518793 0.319882)
(-0.00494847 0.00898455 0.253168)
(-0.00185402 0.00866462 0.311069)
(-0.000920025 0.0118874 0.33944)
(-0.00727782 0.00116184 0.321252)
(-0.0031189 0.00749582 0.281908)
(0.00235193 0.00812799 0.271656)
(0.00405481 0.00485551 0.314316)
(-0.0147628 0.00909689 0.279744)
(-0.00537857 0.0067681 0.305897)
(0.00186979 0.00917265 0.277192)
(0.000658927 0.00693176 0.336219)
(-0.0110035 0.00933038 0.283023)
(-0.00617664 0.00989537 0.284078)
(-0.00428494 0.00674523 0.325915)
(-0.000999326 0.00662434 0.341027)
(-0.00771385 0.0106707 0.263548)
(-0.00659838 0.00274675 0.278066)
(-8.42827e-05 0.00644946 0.352468)
(-0.00303117 0.00718622 0.295314)
(-0.0135226 0.00821041 0.281141)
(-0.00390726 0.0102835 0.311462)
(-0.000735895 0.0103594 0.293022)
(-0.00244367 0.00642249 0.298643)
(-0.0033114 0.00722485 0.286233)
(-0.0032826 0.00714513 0.291645)
(-0.0123393 0.00882283 0.281405)
(0.00348546 0.00650356 0.287263)
(0.00043007 0.00935748 0.294488)
(-0.00329313 0.00720546 0.287202)
(-0.00925494 0.00879622 0.282194)
(-0.00542869 -0.00255147 0.320874)
(-0.00335279 0.00684088 0.295763)
(-0.0032726 0.00710685 0.291793)
(-0.000196227 0.00736933 0.323081)
(0.00425362 0.00725447 0.19876)
(0.00153134 0.00476302 0.28011)
(-0.00667918 0.00600231 0.255932)
(-0.00742258 -0.00363647 0.313556)
(-0.00323598 0.0073671 0.283053)
(-0.00475871 0.0083734 0.266615)
(-0.00660601 -0.00281962 0.316716)
(-0.00501659 0.0075477 0.264928)
(-0.00236402 0.00642449 0.328208)
(0.000906949 0.00749676 0.285736)
(-0.00472008 0.00798562 0.315271)
(-0.00169281 0.0102672 0.261528)
(-0.00105148 0.0102649 0.295167)
(-0.0021962 0.00642505 0.330749)
(0.00269271 0.00445801 0.318702)
(-0.00430473 0.00518451 0.241771)
(-0.00752182 0.0108048 0.275075)
(-0.00455672 -0.00287975 0.238413)
(-0.0102706 0.00190849 0.268227)
(-0.00797424 0.015415 0.256469)
(0.00208562 0.00789189 0.293685)
(-0.00507111 0.00700852 0.288761)
(-0.00208685 0.00658711 0.342901)
(-0.00191853 0.00678522 0.30996)
(0.00425466 0.00541893 0.259173)
(-0.0174089 0.00820074 0.250519)
(0.00225048 0.00927606 0.350161)
(-0.00370682 0.00135804 0.288846)
(-0.00745458 0.00408041 0.285201)
(-0.00354106 0.00685885 0.290461)
(-0.00293009 0.007059 0.30324)
(0.00191078 0.0056524 0.283757)
(-0.00278882 0.00284147 0.327854)
(-0.0074978 0.00322204 0.2505)
(-0.00305609 0.00683509 0.302328)
(-0.00193021 -0.00199148 0.294529)
(1.37163e-05 0.0103834 0.282198)
(-0.00337162 0.00681493 0.294453)
(-0.00949923 0.00972297 0.256412)
(0.00238233 0.00921884 0.346372)
(0.0041854 0.00773051 0.284175)
(-0.00481008 0.0148447 0.296567)
(-0.0101087 0.000173606 0.270175)
(-0.00411728 0.00566469 0.313848)
(0.00420151 -0.00117796 0.314469)
(0.00279243 0.00483072 0.280968)
(-0.00222483 0.00829895 0.198366)
(-0.000890943 0.0141194 0.236632)
(-0.00329351 0.00682606 0.296707)
(-0.015395 0.00885579 0.285675)
(-0.0153423 0.00880418 0.286828)
(-5.76462e-05 0.00906064 0.228137)
(-0.00578702 0.00438791 0.286745)
(-0.00205122 0.00733387 0.274471)
(-0.00281064 0.00334633 0.260346)
(-0.00264503 0.00975624 0.200867)
(-0.0107804 0.00402046 0.25665)
(-0.00778375 -0.00192045 0.323826)
(-0.00451798 0.0100076 0.338783)
(-0.000472992 0.00910878 0.351261)
(0.00489853 9.8411e-05 0.298076)
(0.00193097 0.0039892 0.205079)
(-0.00555078 0.00262179 0.322017)
(-0.00250419 0.00620598 0.318207)
(-0.000558553 0.00730522 0.307561)
(-0.0205701 0.00753632 0.245003)
(0.00296424 0.00561331 0.279409)
(0.000471665 0.0147326 0.2512)
(0.00378692 0.00528265 0.328259)
(-0.00116658 0.00646673 0.33637)
(-0.00580395 0.00143597 0.292508)
(-0.0134452 0.0085999 0.271771)
(-0.00183449 -0.000614856 0.308346)
(0.000171878 0.00910049 0.353086)
(-0.00369087 0.00620094 0.283222)
(0.00112092 0.015664 0.251684)
(-0.00570519 0.00244773 0.25693)
(-0.00341459 0.00564935 0.319575)
(-0.00207455 0.0109565 0.284217)
(-0.000194819 0.0155756 0.285559)
(-0.00387077 0.00776667 0.315983)
(-0.00482095 0.00224818 0.271464)
(-0.00255259 0.00618367 0.318517)
(-0.00582431 0.00273122 0.34288)
(-0.0203083 0.00951463 0.288032)
(0.00455919 -0.000380353 0.298957)
(0.00250956 0.00434891 0.273396)
(0.0089468 0.000852082 0.283207)
(-0.00284548 -0.00010252 0.293107)
(-0.000867844 0.00970379 0.300694)
(0.00484459 0.00441232 0.316368)
(-0.00199515 0.0164801 0.234258)
(-0.00455654 0.0040735 0.324348)
(-0.00107375 0.00638539 0.342509)
(-0.00355026 0.01065 0.31993)
(-0.00456908 0.00495053 0.293433)
(-0.000683974 0.011437 0.24479)
(0.00105643 0.00663342 0.287089)
(-0.00478453 0.00830286 0.280363)
(-0.0134259 0.00945252 0.29241)
(0.0085227 0.00330413 0.267104)
(-0.0058295 0.00062472 0.317594)
(-0.00673499 -0.00380712 0.318813)
(-0.0017067 0.00476019 0.282779)
(-0.00309078 -0.00104758 0.251418)
(-0.00714446 -0.00425688 0.32409)
(-0.00669182 -0.00382589 0.32079)
(0.000688704 0.00699802 0.318171)
(-0.000350638 0.00200562 0.236595)
(-0.00559489 0.000495705 0.318644)
(0.00193226 0.0091146 0.348065)
(0.00155402 0.00581017 0.262486)
(0.00631978 0.00672693 0.249079)
(0.000195482 0.0101628 0.284023)
(-0.012555 0.00877778 0.29764)
(0.00917001 0.00183961 0.245654)
(-0.00641614 0.00156617 0.253164)
(-0.00442977 0.0026194 0.286315)
(-0.00595694 0.00233834 0.249026)
(-0.0013155 0.00655933 0.327298)
(-0.000828687 0.00649133 0.336075)
(-0.00263049 0.00779388 0.309875)
(0.00185371 0.00617011 0.318028)
(-0.00262061 1.50052e-06 0.296189)
(-0.00221986 0.00594429 0.327019)
(-0.00794448 0.00734345 0.2691)
(-0.000609421 0.00401 0.288789)
(0.00727458 0.00379446 0.266764)
(-0.0070416 -0.00491337 0.324153)
(0.000533695 0.00699047 0.33012)
(0.00924469 0.00293499 0.256635)
(-0.00380862 0.00522468 0.344514)
(-0.00103887 0.00598006 0.346039)
(-0.00148485 0.00788998 0.252216)
(-0.00470392 0.00458699 0.293052)
(-0.000344109 0.00632829 0.289866)
(-0.00387835 0.00762022 0.304634)
(-0.00479323 0.00450077 0.289785)
(0.00324642 0.00347199 0.329265)
(-0.00114213 0.00635684 0.34306)
(-0.00170712 0.00808137 0.261987)
(-0.00232669 0.00642801 0.316761)
(-0.000848722 0.00978786 0.339883)
(-0.00631126 0.0087804 0.322572)
(0.00257637 0.00360811 0.284896)
(0.00987385 -0.00161801 0.250661)
(0.00517435 0.00979848 0.289144)
(-0.00636111 0.00712311 0.313612)
(-0.0126655 0.00903321 0.294183)
(-0.00396383 0.0061655 0.297902)
(-0.00152867 0.00559345 0.282212)
(-0.0103725 0.00739549 0.288408)
(-0.00138507 0.00644217 0.336637)
(-0.00179904 0.00107749 0.290252)
(-0.00811923 -0.0058871 0.329637)
(-0.00372034 0.00730315 0.241886)
(-0.00192428 0.00255226 0.284619)
(-0.0044763 0.00602236 0.294917)
(0.00438134 0.00775 0.239188)
(-0.00246445 0.00603246 0.31732)
(0.00203299 0.00186548 0.290364)
(-0.000319072 0.00809563 0.254292)
(-0.00497363 -0.00097415 0.290448)
(-0.00581476 -0.000725444 0.245619)
(-0.000383803 0.00440775 0.223009)
(-0.000360837 0.00996789 0.250903)
(-0.00435749 0.00213812 0.279426)
(-0.00375855 0.0052869 0.314268)
(-0.0066546 -0.00285718 0.328338)
(-0.00321208 0.0026799 0.324381)
(-0.00163997 0.00539253 0.28593)
(-0.00742123 0.00227498 0.332718)
(0.00681964 0.00338667 0.277924)
(-0.00771675 0.00867259 0.274889)
(-0.00490763 0.0015555 0.283012)
(-0.00367485 0.00478912 0.318658)
(-0.00411028 0.00380707 0.32429)
(0.00178368 0.0043146 0.285599)
(-0.00412582 0.00595791 0.300994)
(-0.000726498 0.00669192 0.335044)
(-0.00550473 -0.000839974 0.259539)
(-0.00507 0.00382185 0.278016)
(-0.00272456 0.00845889 0.318673)
(-0.00650131 -0.000726543 0.235896)
(-0.00591389 -0.000669999 0.326502)
(-0.000373313 0.00702627 0.262061)
(-0.00254366 0.00941548 0.316247)
(-0.00293408 0.0086194 0.338669)
(-0.00414135 0.00632022 0.296177)
(-0.00563384 4.78041e-05 0.327568)
(-0.00458977 0.00483679 0.328587)
(-0.00696947 -0.003922 0.332653)
(-0.0117807 0.00850811 0.306443)
(-0.0030524 0.00828735 0.316786)
(0.00211524 0.00326901 0.327667)
(0.00189863 0.0067253 0.293169)
(-0.0134424 0.0079733 0.289831)
(-0.00371128 0.00573227 0.312302)
(-0.000598144 0.0137063 0.261244)
(-0.00239318 0.0062695 0.316552)
(-0.0032372 0.00635322 0.317463)
(-0.00704188 -0.00485179 0.329164)
(-0.00228322 0.00643821 0.334158)
(-3.92482e-06 0.00665204 0.323475)
(-0.0102255 0.00329183 0.205359)
(-0.000241483 0.00488583 0.306253)
(-0.00224476 0.00610929 0.324183)
(-0.0101627 0.0088004 0.276353)
(-0.0047226 0.0120083 0.292722)
(0.00175051 0.00544253 0.268045)
(-0.00307802 0.00224636 0.326408)
(-0.00573142 -0.00402069 0.335152)
(-0.000985313 0.0061891 0.339707)
(-0.000841768 0.00551073 0.340946)
(-0.00221751 0.00661661 0.267317)
(-0.00249283 -0.000366373 0.314117)
(0.00377784 0.00879754 0.226858)
(-0.00339038 0.0062904 0.31704)
(-0.00370694 0.00533138 0.315504)
(-0.00288499 0.00671959 0.314196)
(-0.00300008 0.00658439 0.324416)
(-0.00316036 0.0021305 0.314995)
(0.002234 0.00521534 0.267612)
(-0.00479065 0.00485546 0.273304)
(0.00586821 0.00515807 0.274266)
(-0.00461841 0.00783492 0.293676)
(-0.00333057 0.00631805 0.317838)
(-0.00234614 -0.00236823 0.325737)
(-0.00400827 -0.000102606 0.272785)
(-0.00259306 0.00625157 0.2876)
(-0.000729134 -0.00151297 0.294816)
(-0.00580588 -0.00317606 0.290901)
(0.00192908 0.00593324 0.264301)
(0.0112354 -0.00395423 0.257574)
(0.000112832 0.00280242 0.24522)
(-0.000719335 0.00239946 0.340898)
(-0.00466564 0.00264386 0.308176)
(0.00717979 0.00953661 0.24723)
(0.00294062 -0.000703981 0.202685)
(-0.00250229 0.0026505 0.224484)
(-0.00365983 0.0038783 0.313407)
(-0.00372518 0.00726713 0.306259)
(0.00693395 0.00338757 0.28042)
(-0.000588703 0.00991191 0.292726)
(-0.00375854 0.00384723 0.32345)
(-0.00645126 -0.00261587 0.330427)
(-0.00345445 0.00624471 0.313714)
(0.00507489 0.00618336 0.289277)
(-0.00282409 -0.00268085 0.2501)
(-0.00605722 0.00381329 0.341835)
(-0.00508409 0.0053298 0.33142)
(-0.00676051 0.00141337 0.293334)
(-0.00602054 0.00309153 0.271916)
(-0.00221533 0.00959307 0.351754)
(0.000828227 0.00604827 0.217663)
(0.0001113 0.00675446 0.255725)
(-0.00221485 0.00599404 0.332271)
(0.000539286 0.00241867 0.34227)
(-0.00320994 0.00408654 0.329156)
(-0.00697168 -0.00313196 0.241544)
(0.00942795 -0.00405435 0.256059)
(-0.00390883 0.00386981 0.331509)
(0.00320528 0.00850386 0.319222)
(-0.000802094 0.00614416 0.347885)
(-0.00136226 0.00750268 0.355072)
(-0.00583858 0.0119278 0.280598)
(0.0012333 0.00630646 0.347682)
(0.001964 0.0010658 0.298302)
(-0.00415952 0.00541873 0.311413)
(0.00231385 0.00520318 0.270364)
(-0.000680828 0.00984443 0.251106)
(-0.00630097 0.013812 0.345214)
(0.0013048 0.00436369 0.31331)
(0.00368381 0.00984232 0.328824)
(-0.00447849 0.00759605 0.285143)
(-0.00490783 0.003729 0.260624)
(-0.00148156 -0.00134555 0.298259)
(-0.00329571 0.00598702 0.328563)
(0.00252722 0.00642985 0.26604)
(-0.00332495 0.00602587 0.322834)
(-0.00357387 0.00345799 0.329176)
(-0.00555913 0.0033272 0.283613)
(-0.00412777 0.00492994 0.322351)
(-0.00457081 0.000527826 0.283217)
(0.00252793 0.00544032 0.264543)
(0.00204329 0.00820262 0.294829)
(-0.00409434 0.00557507 0.310529)
(0.00208748 0.0120454 0.297668)
(-0.00468563 0.000125824 0.278063)
(-0.00190595 0.00812122 0.247486)
(-0.00259199 0.0160064 0.323232)
(-0.000314343 0.00473279 0.323382)
(0.00938053 0.00355438 0.230148)
(0.00391915 0.00355897 0.295042)
(0.00341108 0.00132018 0.224715)
(0.00388383 0.0121217 0.335274)
(-0.00317921 0.00549993 0.318911)
(-0.0025006 -0.00169689 0.278456)
(0.000118631 0.00318681 0.285344)
(-0.00275328 0.00629274 0.295514)
(0.000895489 0.00545187 0.324033)
(-0.00321689 0.0054917 0.32076)
(-0.00299582 0.00166955 0.325811)
(-0.00067387 -0.00315251 0.297704)
(0.0138373 0.00695248 0.281294)
(-0.00579549 0.0127778 0.253721)
(-0.0029275 0.00598973 0.314494)
(0.00602343 0.00606074 0.312204)
(-0.00109339 0.00837117 0.297772)
(-0.00198248 -0.003584 0.30097)
(-0.00105892 0.00319126 0.345834)
(-0.00329013 0.00289904 0.330334)
(0.00619724 0.00510064 0.273931)
(-0.00353314 0.00569939 0.331052)
(0.00290886 0.00530919 0.262219)
(0.00922095 -0.00209752 0.187494)
(0.00468647 0.00695819 0.287609)
(-0.00161299 -0.00215899 0.250039)
(-0.00217152 0.00755052 0.283923)
(-0.000455458 0.00893239 0.337829)
(0.0106632 0.00453062 0.269518)
(-0.00312038 0.00578177 0.327331)
(0.00118848 0.00501419 0.302259)
(-0.00386398 0.00377525 0.336804)
(-0.00364941 0.00608305 0.319214)
(-0.00790536 0.00575432 0.267648)
(0.00408063 0.00588366 0.319679)
(-0.00314466 0.00567216 0.328084)
(0.000462936 -0.000103373 0.301764)
(-0.00418536 -0.0145848 0.2739)
(-0.00471571 -0.00189351 0.266899)
(0.000353048 0.00326936 0.297015)
(-0.00233375 0.0136497 0.254079)
(-0.00340319 0.00583425 0.27447)
(-0.00140293 0.00422153 0.309401)
(-0.00320651 0.00266455 0.339962)
(0.00732336 0.00439596 0.278919)
(0.00645903 0.00433913 0.282369)
(-0.00302116 0.00558493 0.251861)
(-0.00202577 0.00307505 0.306265)
(0.00108903 0.00528368 0.299959)
(0.00575517 0.00692895 0.289739)
(0.00242931 0.00676563 0.311529)
(0.00508697 0.00562086 0.266796)
(-0.0091125 0.00749274 0.284219)
(0.00577094 0.00595174 0.315523)
(-0.00441338 0.00325318 0.325385)
(-0.00377584 0.00545555 0.320087)
(-0.005037 0.00275159 0.320438)
(0.0039922 0.00555777 0.267702)
(-0.00568036 0.00282823 0.341462)
(0.00419961 0.00396873 0.269972)
(-0.00439555 0.00241292 0.337327)
(-0.00453992 0.00232021 0.319363)
(-0.0044843 0.00463388 0.309549)
(-0.0070434 0.0058151 0.334358)
(-0.00284011 0.00750664 0.343364)
(0.00456666 0.0038625 0.270718)
(-0.00437271 -0.00275341 0.249478)
(0.00194123 0.00442109 0.294316)
(0.00551192 -0.00158559 0.212444)
(-0.00892254 0.0137432 0.240535)
(0.0129818 0.00653734 0.29948)
(0.00690229 0.00434675 0.281306)
(-0.00408253 -0.00296803 0.246618)
(-0.00490348 0.00193574 0.317819)
(-0.003557 0.00321654 0.327645)
(-0.00356097 0.00187059 0.323158)
(-0.00548619 0.00364422 0.292962)
(-0.00204114 -0.00673442 0.254834)
(-0.00582479 0.00651651 0.284439)
(0.00234135 0.00137561 0.302461)
(-0.000979486 0.00540332 0.310796)
(0.000398416 0.00787023 0.291307)
(-0.00337643 0.0060674 0.29053)
(0.000295072 0.00528049 0.337064)
(-0.00363748 0.00212733 0.321382)
(-0.0019818 0.00856907 0.26269)
(-0.00173556 0.00878409 0.278465)
(0.0016721 -0.0014458 0.298222)
(-0.0140138 -0.00834795 0.274802)
(-0.00319976 0.00488479 0.321398)
(-0.0011041 0.00618679 0.315924)
(0.00740372 0.00617797 0.312536)
(-0.00376289 -0.00127558 0.294487)
(0.00308032 0.00197826 0.33575)
(0.00267326 0.00659969 0.316763)
(0.0072608 0.00653014 0.287229)
(0.00667525 0.00572026 0.297735)
(0.00186093 0.00301669 0.304356)
(0.00886395 0.00628148 0.308707)
(-0.0029019 0.00604177 0.334951)
(0.00149462 0.00738381 0.287487)
(-0.00368399 0.00187333 0.324315)
(-0.00497661 0.00144148 0.319269)
(0.00754288 0.0049744 0.275936)
(0.0140082 0.00501302 0.300076)
(-0.00589016 0.000494318 0.240021)
(0.00421845 0.00352396 0.294403)
(0.00378507 0.00350387 0.294615)
(-0.00502325 0.00350857 0.306931)
(0.00396812 0.00294745 0.292584)
(-0.00313708 0.00854281 0.323356)
(0.0134264 0.0036624 0.281226)
(0.00832513 0.00409232 0.27218)
(0.0148989 0.00361018 0.285148)
(-0.00291199 -0.00637578 0.253333)
(0.0118928 0.00517061 0.300596)
(0.000118473 0.00249566 0.336318)
(0.00261525 0.00415583 0.267826)
(-0.000523404 -0.00296892 0.264716)
(0.0249686 0.0108326 0.284491)
(0.0149691 0.00752978 0.21232)
(-0.00467042 0.00544703 0.257153)
(0.00905788 0.0060037 0.252622)
(0.0141149 0.00255538 0.209267)
(-0.00289896 0.0100511 0.335893)
(-0.00318658 0.0053512 0.335757)
(-0.00388461 -0.00153581 0.269639)
(-0.0050567 0.00348744 0.302131)
(-0.000869868 0.00534295 0.296901)
(0.00973343 0.00523022 0.272736)
(-0.00365908 -0.00600917 0.247251)
(-0.00310694 0.00519292 0.336355)
(-0.00188378 0.00846668 0.351279)
(-0.00506216 0.00608233 0.343335)
(-0.00376848 0.00540992 0.328046)
(0.00045459 0.00901972 0.25728)
(-0.00334308 0.00212615 0.325092)
(-0.0100553 0.0127292 0.25221)
(0.00365082 0.00316619 0.29558)
(0.00462821 0.00494585 0.275524)
(-0.00312387 0.00538102 0.339764)
(0.0185152 0.00514267 0.300439)
(-0.00632526 -0.00179537 0.274964)
(-0.00840231 0.00495735 0.335428)
(-0.00201363 0.0133238 0.253968)
(0.00176465 0.00139892 0.298243)
(0.0194348 0.00448106 0.301349)
(-0.00372859 0.00528185 0.343846)
(-0.00480819 0.00755116 0.28339)
(-0.0124603 0.000704802 0.259103)
(-0.00636488 0.000824507 0.307688)
(0.0029647 0.0024114 0.292041)
(-0.00297837 -0.000787436 0.294365)
(-0.00273528 0.00514111 0.361182)
(0.00768891 -0.00374444 0.239686)
(0.0129437 0.00989402 0.28865)
(0.00311353 -0.00659062 0.208137)
(0.00162229 0.00139042 0.299122)
(-0.0029356 0.00479537 0.330991)
(0.0208251 0.00422353 0.286568)
(-0.0037585 0.00550088 0.307599)
(-0.00449202 0.00311129 0.331501)
(0.00858957 0.00170143 0.224362)
(0.00193206 0.0017548 0.298669)
(-0.000289648 -0.0122462 0.289667)
(-0.0043226 0.0048337 0.324326)
(-0.00807382 0.00263504 0.259341)
(-0.00601431 0.000910908 0.314875)
(0.0199004 0.010345 0.284091)
(0.00328439 0.00259543 0.295391)
(-0.00401048 0.00510585 0.32961)
(0.00552806 0.00797428 0.364298)
(-0.00356492 0.00340672 0.32154)
(-0.00386182 0.00797679 0.310933)
(-0.00940394 -0.00106509 0.296239)
(-0.0027962 0.00540656 0.362396)
(0.00100441 5.68598e-05 0.297939)
(-0.00212392 0.00411422 0.31711)
(0.0076993 0.0113453 0.271267)
(-0.00350245 0.00106238 0.322696)
(-0.00136347 0.0142809 0.361668)
(-0.00122665 0.00415503 0.293523)
(-0.00342104 0.00201875 0.33268)
(0.00297315 0.00190246 0.293827)
(-0.00254319 0.000852395 0.311373)
(-0.00377736 0.0010994 0.32329)
(-0.000773802 -0.00922895 0.295523)
(0.00204811 0.00194151 0.297385)
(-0.00266283 -0.00542379 0.26393)
(-0.00660739 -0.000995528 0.261067)
(-0.000516104 -0.0144095 0.288066)
(-0.00557784 0.000413399 0.313347)
(-0.00265989 0.00564464 0.318123)
(-0.00566272 0.00492114 0.315385)
(0.00628646 -0.0078472 0.224721)
(-0.00207126 0.00244116 0.33179)
(-0.000797132 0.00236388 0.298387)
(0.00955528 0.00350793 0.282268)
(0.00583653 0.00426286 0.264934)
(-0.00091303 0.00501262 0.259684)
(-0.00885317 -0.0036214 0.306974)
(-0.00395461 0.00496357 0.340829)
(-0.00454694 0.00186438 0.309617)
(-0.00506612 0.00372973 0.320944)
(0.00600834 0.00547453 0.178755)
(-0.00680044 -0.000727729 0.272605)
(0.00044637 -0.00121782 0.295473)
(0.000184226 -0.00275257 0.300478)
(-0.00221376 -0.00340629 0.277844)
(-0.00128538 0.00420423 0.295836)
(-0.00221734 0.00395444 0.337288)
(0.000205387 -0.00857282 0.24344)
(-0.00521723 0.00320589 0.3167)
(-0.00379736 0.000242661 0.318716)
(-0.00358594 0.00447804 0.362464)
(-0.0035755 0.00145841 0.333995)
(-0.00354828 0.000343972 0.320036)
(0.00128331 0.000140465 0.298065)
(-0.000951559 0.00159761 0.305772)
(-0.00517512 0.00359151 0.316606)
(-0.00392022 0.00157603 0.333331)
(0.00442696 0.00113622 0.224373)
(0.0199509 0.00990457 0.286713)
(-0.00414828 -0.00753083 0.249442)
(0.00805095 0.00194214 0.244095)
(0.000662599 0.00695391 0.205951)
(-0.00528866 0.00305581 0.317482)
(0.000894619 0.00338178 0.345382)
(-0.00245151 0.0029585 0.310313)
(0.000633325 -0.002269 0.298093)
(-0.00643431 0.0156095 0.37433)
(-0.00387482 -0.000349726 0.316209)
(-0.000936256 0.00892952 0.273381)
(0.000229101 0.00289968 0.302924)
(-0.00460307 4.38567e-06 0.324762)
(-0.00503711 -0.00184166 0.297443)
(0.000184626 0.00526904 0.263758)
(-0.00824669 -0.00694333 0.302598)
(-0.0147212 -0.0056179 0.286041)
(-0.00188936 0.0058959 0.339943)
(0.00965816 0.00346154 0.274306)
(-0.000736441 0.00116355 0.298772)
(-0.00208384 0.0016046 0.332263)
(0.00973454 0.00285035 0.29641)
(-0.00626901 0.00183982 0.334275)
(0.00238879 -0.000628804 0.295605)
(-0.00138853 0.00251755 0.298749)
(-0.00493949 -0.00290851 0.243595)
(0.0105609 0.00332272 0.280338)
(0.00647256 -0.000858252 0.167576)
(-9.19283e-05 -0.000560402 0.304423)
(-0.000986841 0.000130711 0.324217)
(-0.00251208 0.00359246 0.334852)
(-0.000157248 0.00719686 0.202779)
(-0.00300106 0.00449072 0.303817)
(-0.00237967 0.00713821 0.347903)
(-0.0040146 0.00119064 0.338757)
(-0.00348546 0.0130026 0.234153)
(-0.00609372 -0.000516813 0.305443)
(0.0272496 0.00720469 0.29028)
(-0.00140473 0.000949118 0.301673)
(0.0119364 0.00321266 0.279979)
(-0.00613781 0.00103423 0.307488)
(-0.00046218 -0.0157082 0.295132)
(-0.00895501 0.0012811 0.258458)
(0.0263629 0.0055068 0.287104)
(-0.00592611 0.00201743 0.322539)
(0.00128442 -0.0119689 0.292995)
(-0.0118349 0.000600435 0.26049)
(0.00182228 -0.00163209 0.293507)
(-0.00127179 0.00219303 0.298948)
(-0.000346822 -0.00116776 0.306101)
(-0.00567825 0.00277305 0.322464)
(-0.00348276 0.00379032 0.343556)
(-0.00027329 -0.00130743 0.306916)
(-0.00507447 0.00089385 0.287128)
(-0.00408986 0.0039564 0.362268)
(-0.00461767 -0.000176117 0.323381)
(-0.00602759 0.0132042 0.362824)
(-0.000343791 -0.00222209 0.302661)
(-0.00754343 0.0168211 0.389428)
(-0.00176059 -0.00065808 0.318786)
(-0.00127555 0.0109213 0.358692)
(-0.00208085 0.0157001 0.367252)
(-0.00268036 0.00287998 0.316684)
(0.00708376 0.00236327 0.268837)
(-0.00843169 0.00272909 0.294932)
(-0.0065214 0.000799163 0.304936)
(-0.00384174 0.00374476 0.354464)
(5.12574e-05 -0.0101134 0.293351)
(-0.00326446 -0.00448547 0.263356)
(-0.00334175 0.00468958 0.303723)
(0.00795833 0.0037774 0.265589)
(-0.00705906 0.00300301 0.350412)
(-0.00489297 -0.00371548 0.24936)
(0.00125045 -0.00905531 0.308282)
(-0.00103097 0.00016843 0.308643)
(-0.00125523 -0.00436021 0.239115)
(0.00168851 0.000106603 0.200421)
(-0.0040435 -0.000743218 0.318267)
(-0.00434823 -8.41394e-05 0.331265)
(-0.00886377 0.00212838 0.319797)
(-0.0043923 0.00966323 0.268589)
(-0.00186714 0.00473895 0.291799)
(0.00406398 0.00706022 0.364728)
(-0.00432394 -0.00131013 0.315134)
(-0.00130253 -0.00079308 0.307494)
(0.0083998 0.000621123 0.204587)
(-0.00430199 0.0040901 0.351917)
(-0.00211389 0.0151815 0.389396)
(-0.00847101 0.00213184 0.32457)
(-0.00188934 0.00328183 0.323891)
(-0.0120263 0.0104093 0.363076)
(0.00552397 0.00361303 0.267959)
(-0.00380304 -0.000545332 0.327631)
(-0.000338725 0.00527321 0.208165)
(-0.000935438 0.000824053 0.360159)
(1.25109e-05 -0.00458983 0.310602)
(-0.0154023 -0.000481313 0.314147)
(-0.00539617 -0.00406514 0.313291)
(-0.00524673 -0.000440787 0.3215)
(-0.00681188 0.00714997 0.266603)
(-0.00949676 -0.00397095 0.249062)
(-0.0099249 -0.000464888 0.281576)
(0.00480683 -0.00145589 0.168169)
(0.0085742 0.00240038 0.218793)
(0.0109954 0.00501901 0.283592)
(-0.00396035 0.00328523 0.365954)
(-0.00415974 0.00362302 0.361544)
(-0.00896376 -0.00810199 0.307147)
(-0.00154552 -0.000100347 0.304878)
(-0.00288931 0.00466341 0.367509)
(0.00184432 -0.00237166 0.302758)
(-0.0064977 0.00668829 0.290666)
(0.00316028 0.00824312 0.254677)
(-0.00073795 -0.000886333 0.305359)
(-0.00287015 0.00098378 0.3867)
(-0.00192679 -0.00155326 0.284645)
(-0.00624074 -0.000385094 0.327017)
(0.00477866 -0.000407774 0.26194)
(-0.00308732 -0.00377576 0.346648)
(-0.00442184 0.00220572 0.34955)
(-0.0085251 0.00117891 0.295323)
(-0.00429577 0.00353321 0.361179)
(-0.00440276 -0.00272996 0.308821)
(0.00178565 -0.00155588 0.230711)
(-0.00676024 0.00921598 0.234069)
(-0.00641753 -0.00380646 0.294045)
(-0.00305935 -0.00408894 0.298558)
(-0.000669774 -0.00183467 0.313054)
(-0.00544547 0.00260213 0.246723)
(0.0028718 0.0110682 0.251994)
(0.000109537 -0.00247714 0.269601)
(-0.0160755 -0.00110356 0.303538)
(-0.0133459 -0.000652725 0.31891)
(-0.00259364 -0.00530004 0.278782)
(-0.00593466 0.00256678 0.338416)
(-0.00525961 0.00833316 0.317766)
(0.00234363 0.0119377 0.364404)
(0.00375623 0.00413535 0.267799)
(-0.00181539 -0.0109317 0.341537)
(0.00386245 0.00276984 0.288631)
(0.00529099 0.00570502 0.256869)
(0.00540731 0.00174086 0.281782)
(0.00326785 0.0052773 0.259151)
(-0.00936206 0.00445118 0.315825)
(-0.000671482 -0.0004013 0.309781)
(-0.00608667 -0.00412013 0.287731)
(-0.00591804 0.0080476 0.268686)
(-0.011867 0.0033666 0.224087)
(-0.00255881 -0.00146457 0.335878)
(-0.00489709 0.00453118 0.332963)
(-0.00692089 0.000455595 0.320279)
(-0.00337201 0.00942097 0.397602)
(-0.00626647 0.00274429 0.27017)
(-4.67426e-05 -0.00318149 0.3123)
(0.00353667 -0.000856589 0.251912)
(0.00506427 0.00281164 0.272184)
(-0.00145089 -0.00424104 0.229021)
(-0.000978017 -0.0013065 0.313721)
(-0.00585507 0.00247313 0.344817)
(0.000569371 0.00440136 0.274866)
(-0.00358043 -0.000808346 0.331777)
(0.00191833 -0.00980096 0.226633)
(-0.00678088 -0.00340432 0.32319)
(0.00226836 0.0137159 0.380692)
(0.00233318 0.0137713 0.38143)
(-8.30998e-05 0.00187273 0.363788)
(0.00258322 0.00456716 0.278308)
(-0.00121145 -0.000899382 0.314022)
(0.000876023 5.11833e-06 0.364759)
(0.00220321 0.013315 0.380423)
(0.00503262 -0.00226194 0.206122)
(-0.00663161 0.00108791 0.34665)
(-0.00813413 0.00368585 0.310934)
(-0.00614338 0.000657099 0.356863)
(0.00586584 0.00313068 0.271612)
(-0.00767983 0.00570168 0.275573)
(-0.00656124 0.000771172 0.360246)
(0.00185263 0.00231534 0.276584)
(-0.0154446 0.016036 0.231218)
(-0.00746554 0.0120111 0.249179)
(-0.00438385 0.00827224 0.266069)
(-0.0110786 0.0135514 0.260746)
(-0.00126679 0.00222112 0.353341)
(-0.00931057 -0.00899077 0.320986)
(-0.0071605 -0.00414654 0.309719)
(-0.0119243 0.00321418 0.241223)
(0.011348 0.000555327 0.210848)
(-0.00447494 0.00401452 0.366304)
(0.00245337 -0.00151245 0.253613)
(-0.00586215 0.0036456 0.35684)
(-0.00693233 0.000962075 0.351924)
(-0.00140171 0.000249233 0.318207)
(-0.0132014 0.00938682 0.260546)
(-0.00860092 0.00961432 0.27264)
(-0.00318577 -0.000421952 0.301541)
(0.00873749 0.00424471 0.280935)
(-0.00126579 -0.00293904 0.320255)
(0.00176822 0.0148034 0.393785)
(-0.00604571 0.00416195 0.339987)
(-0.00263971 -0.00322222 0.324787)
(0.00197726 -0.00342814 0.347107)
(0.00359604 0.00170007 0.283025)
(-0.00868127 -0.00629617 0.257219)
(0.00465876 0.0075207 0.261664)
(-0.00232248 0.011182 0.394056)
(-0.00688208 0.00151524 0.356952)
(-0.00100346 -0.002448 0.317153)
(-0.00859816 -0.000210372 0.289247)
(-0.00297406 -0.000502869 0.300764)
(-0.00170879 -0.00329151 0.308361)
(-0.0107171 0.00692519 0.391663)
(-0.0014623 0.0147719 0.392085)
(0.00172948 0.014634 0.393569)
(-0.00152048 0.0146494 0.393767)
(-0.0106768 -0.000552684 0.331403)
(-0.0020262 1.01379e-05 0.315792)
(-0.00203707 -3.16453e-05 0.294435)
(-0.00299672 0.0193219 0.400764)
(-0.00923826 -0.00774257 0.288558)
(-0.0161357 0.012858 0.253264)
(-0.00487798 0.00128254 0.345334)
(-0.00185189 0.0179989 0.383972)
(-0.0144389 -0.00128889 0.325344)
(-0.000153496 -0.00692779 0.26052)
(0.00111386 0.00320925 0.222986)
(0.00187033 -0.00274646 0.269515)
(-0.00228295 -0.00285152 0.330376)
(0.0064751 0.00217109 0.275857)
(-0.00163609 0.0155926 0.395628)
(-0.00335396 -0.00412061 0.325926)
(-0.00867617 0.000604994 0.313811)
(-0.012099 0.000458668 0.270769)
(-0.00210538 -0.00570141 0.272413)
(-0.00115451 -0.00520888 0.272251)
(-0.00192247 -0.00427941 0.272568)
(-0.00740883 -0.00749618 0.298869)
(-0.0011283 0.00065495 0.352325)
(-0.000860785 -0.0043613 0.292388)
(-0.00596947 0.00606408 0.354735)
(-0.00456032 -0.00454083 0.254123)
(-0.00844077 0.0158486 0.320246)
(-0.00730686 0.001339 0.371146)
(-0.00158772 -0.0054964 0.241811)
(-0.00847535 0.00156785 0.327962)
(-0.00367809 -0.00557283 0.268984)
(-0.00871861 -0.000120617 0.343084)
(-0.00219024 -0.000173271 0.312373)
(-0.00368352 -0.000530484 0.390601)
(-0.00598086 -0.00496813 0.287224)
(-0.00741934 -0.00211288 0.319429)
(0.00370741 0.00324225 0.263424)
(-0.00280336 0.000636782 0.323487)
(-0.00058947 0.00309064 0.308541)
(-0.00876777 0.000240861 0.360591)
(0.00694595 -0.00469346 0.203301)
(-0.00152795 -0.00693301 0.344716)
(0.00506704 0.00309772 0.268795)
(-0.00339389 0.0158441 0.398496)
(-0.00806185 -0.00261834 0.324224)
(0.015476 -0.00107114 0.213538)
(-0.00884159 -0.0049222 0.33535)
(-0.00107106 -0.0006109 0.274071)
(-0.00371229 -0.000994004 0.316388)
(-0.00552407 0.000600547 0.378352)
(-0.00158993 0.00370438 0.389212)
(-0.00835281 -0.00451638 0.274985)
(-0.00350212 0.0150847 0.399616)
(-0.00527319 -0.00528669 0.279338)
(0.00113926 -0.0040765 0.255007)
(-0.00609949 -0.00518489 0.297411)
(-0.00360223 -0.0110305 0.33796)
(-0.0101626 0.00806751 0.301046)
(0.00134483 -0.00324138 0.243241)
(-0.000668373 0.0110029 0.319961)
(-0.00161448 0.00965935 0.318288)
(0.00582313 0.00189962 0.270668)
(-0.00341546 -0.00342721 0.345272)
(-0.00899359 -0.00302977 0.332539)
(-0.00876733 -0.0038884 0.340127)
(-0.00228612 0.00993939 0.400593)
(-0.00244077 0.00282888 0.383861)
(-0.00131641 -0.00502318 0.297978)
(-0.00838958 -0.00121105 0.357673)
(-0.00109919 -0.00378365 0.313307)
(0.0044759 -0.00145573 0.297628)
(-0.00417031 -0.00431864 0.341079)
(-0.00135631 0.00178871 0.321451)
(0.0047261 -0.000363799 0.294746)
(-0.00379436 -0.00485229 0.336973)
(-0.00430929 0.00519995 0.354993)
(-0.00313396 0.000193323 0.327278)
(-0.00468843 0.00963833 0.317106)
(0.00240424 0.000213191 0.212042)
(0.00438647 0.00218125 0.268572)
(-0.00180228 0.00319993 0.202836)
(0.00442616 0.00225039 0.269223)
(0.00574023 0.00177085 0.266858)
(-0.00162044 -0.00539376 0.310767)
(-0.00386142 -0.00429617 0.346388)
(-0.00702288 -0.00244363 0.276126)
(-0.00168611 -0.00198413 0.19367)
(-0.00752198 -0.0022435 0.345567)
(-0.00322673 -0.00101611 0.309035)
(-0.00910317 -0.000789844 0.375923)
(-0.00580276 -0.00490279 0.337103)
(-0.00151273 -0.0052729 0.307771)
(-0.00640493 -0.00385937 0.315911)
(-0.00573344 -0.000299457 0.379259)
(0.00286514 -0.00442396 0.225683)
(-0.00252351 0.00910777 0.400602)
(0.00137166 0.0106573 0.322006)
(-0.00406125 -5.5649e-05 0.326278)
(-0.0105493 -0.0033357 0.362014)
(-0.0091982 -0.00815931 0.333372)
(0.00370148 0.00530904 0.274496)
(-0.0112895 -0.000975294 0.330341)
(-0.0039963 0.0051146 0.394471)
(-0.00193754 -0.00486718 0.326372)
(0.0124688 -0.00535179 0.201119)
(0.00291732 0.00247774 0.264114)
(-0.00932074 -0.00619178 0.368421)
(0.00522454 0.000626859 0.274785)
(-0.014454 0.0114512 0.242056)
(-0.00674775 -0.00457622 0.287886)
(-0.00307147 0.0042263 0.35805)
(-0.0138555 -0.00881748 0.270194)
(-0.00951454 0.00351463 0.397565)
(-0.00265882 -0.0058379 0.24182)
(0.00178193 -0.00561094 0.277392)
(-0.0121202 0.00582431 0.319801)
(-0.00507757 0.0146253 0.320641)
(-0.000606221 0.00109047 0.278821)
(0.000116328 -0.00999407 0.234198)
(-0.00879218 0.00607547 0.275759)
(-0.00370155 0.00918082 0.398753)
(-0.0120476 -0.00115544 0.375317)
(-0.00231545 -0.00135177 0.32435)
(-0.0049638 -0.00432333 0.24261)
(-0.00483411 -0.00536671 0.326938)
(-0.000891456 -0.00260066 0.21959)
(-0.00533586 -0.00074768 0.400341)
(-0.0112724 -0.00254212 0.35177)
(-0.004316 -0.00600653 0.258649)
(-0.00865278 -0.00362054 0.309883)
(0.00200072 0.00402204 0.377605)
(-0.0102961 -0.00158193 0.336749)
(-0.00981654 -0.00239015 0.282283)
(-0.00567223 -0.00534889 0.2837)
(-0.010196 0.00367577 0.315075)
(-0.00630569 -0.00606485 0.325367)
(-0.00320602 -0.00590392 0.329972)
(-0.0124823 -0.00233529 0.361537)
(-0.0125043 0.00409833 0.312878)
(-0.0106183 -0.002301 0.310604)
(-0.0122169 -0.0023223 0.370833)
(-0.00245425 -0.00617043 0.328815)
(-0.00484636 -0.00357328 0.2527)
(-0.0120757 -0.00172042 0.364613)
(-0.0111179 -0.00203501 0.369436)
(-0.0121861 -0.00147151 0.375056)
(-0.00511851 0.00839503 0.238745)
(-0.00213083 -0.00492909 0.258037)
(-0.00586443 -0.00556421 0.289181)
(-0.00276958 -0.00511224 0.235289)
(0.00500704 -0.000148036 0.281365)
(0.00543324 0.000267907 0.277494)
(-0.0078066 -0.00230731 0.360074)
(-0.0114001 -0.00281491 0.344388)
(-0.0129068 -0.002146 0.367318)
(0.00249647 0.00280987 0.381272)
(-0.00344536 0.000894314 0.40859)
(-0.00726523 -0.000788229 0.363848)
(6.70799e-05 0.00298113 0.248564)
(-0.00814715 -0.00203215 0.375946)
(-0.00534953 -0.00264307 0.284256)
(0.00592931 -0.00135584 0.277472)
(-0.00354185 -0.00191609 0.319234)
(-0.00227796 -0.00636821 0.324417)
(-0.00406729 -0.00390485 0.233916)
(-0.00591246 -0.00704368 0.323652)
(-0.00701158 -0.00309149 0.377311)
(-0.00346541 0.00105418 0.408933)
(-0.00766243 0.00385552 0.259685)
(-0.011163 -0.00460364 0.277647)
(-0.00731062 -0.00257523 0.380904)
(-0.0103664 -0.0133897 0.370671)
(-0.00741731 -0.00439652 0.311983)
(-0.0124162 0.00814345 0.292299)
(-0.00509669 -0.00641606 0.342058)
(0.00270107 -0.00756831 0.25375)
(-0.00749558 0.00476996 0.39683)
(0.00637543 0.00437481 0.274131)
(0.00267925 -0.00304178 0.268075)
(-0.0105229 -0.00454728 0.369163)
(0.00239935 -0.00756409 0.255146)
(-0.00255823 -0.00623214 0.280519)
(-0.000624256 0.00431999 0.361335)
(-0.0139511 -0.00281968 0.372273)
(-0.00736211 -0.00399428 0.381338)
(-0.00474536 -0.00351389 0.235359)
(0.00379346 0.00320875 0.370976)
(-0.00986932 0.00423493 0.390846)
(-0.0106269 -0.00770666 0.357685)
(-0.00087718 -0.00521075 0.267255)
(-0.00697139 -0.00693848 0.325038)
(-0.0230748 0.00430812 0.387646)
(-0.00434204 0.00461516 0.341715)
(-0.00324223 0.0163068 0.319163)
(-0.00468504 0.0030969 0.346933)
(0.00385503 0.00307663 0.370754)
(-0.00456189 -0.00319905 0.381587)
(0.000898005 -0.000311591 0.289404)
(-0.0176606 0.00579478 0.39739)
(-0.0197036 0.00537733 0.394402)
(0.004061 0.00355933 0.268106)
(-0.00805848 0.00770005 0.30576)
(-0.00972759 -0.0104436 0.268609)
(-0.00706327 -0.0022757 0.365375)
(-0.0143157 -0.00114908 0.318192)
(-0.00740875 -0.00361115 0.366855)
(-0.015066 -0.00305282 0.367118)
(-0.0116857 -0.00110098 0.353984)
(0.00247313 0.00270734 0.370269)
(-0.0262544 0.00331426 0.390843)
(0.00340584 -0.00216143 0.286526)
(-0.0226331 0.00369395 0.384505)
(-0.00694213 -0.00345183 0.411022)
(-0.0139943 -0.00324313 0.369393)
(-0.000776365 0.00235847 0.245408)
(0.00427772 -0.00658341 0.237167)
(-0.00442457 0.0236164 0.323722)
(-0.0190798 0.00353713 0.386156)
(-0.0190374 0.0057691 0.373104)
(-0.00512992 -0.00435788 0.263892)
(0.00261591 -0.0064336 0.216055)
(-0.0147814 -0.000222841 0.311359)
(-0.00157367 0.00532134 0.289832)
(-0.00435804 -0.00730668 0.303878)
(-0.00889412 -0.00877249 0.267404)
(-0.00784257 -0.00704409 0.325251)
(-0.00815904 -0.00482032 0.371942)
(-0.0360706 0.00381624 0.382)
(-0.00504504 -0.00633828 0.272513)
(-0.0235842 0.00674178 0.35669)
(-0.00924968 -0.00661095 0.322655)
(-0.0128478 0.0066086 0.288633)
(0.00272573 -0.00797464 0.262094)
(0.00241281 -0.00049883 0.278942)
(-0.00636863 -0.007509 0.32085)
(-0.00553876 -0.00720906 0.308682)
(-0.00227508 -0.00443534 0.322062)
(-0.0179392 -0.0034866 0.375657)
(-0.00173639 -0.00380395 0.326988)
(-0.00179977 -0.0024852 0.23936)
(-0.0433967 0.000937149 0.391857)
(-0.00318393 -0.00350864 0.348913)
(-0.00286669 -0.00608199 0.323967)
(-0.00237692 -0.0146971 0.352545)
(0.00185428 0.000699214 0.282121)
(-0.00306632 -0.00960246 0.325802)
(-0.0037636 -0.00159659 0.394614)
(0.00230672 -0.00646182 0.304372)
(-0.0385682 0.000709535 0.389801)
(-0.0379757 0.000613795 0.390005)
(-0.011877 -0.00347169 0.354719)
(-0.00236525 -0.00491351 0.208527)
(-0.0357478 0.00475041 0.389849)
(-0.00502407 -0.00244587 0.220921)
(-0.0293502 0.000695169 0.397731)
(-0.00641976 -0.00197939 0.277094)
(0.00395273 0.00300584 0.26889)
(-0.00683903 0.00269336 0.291896)
(-0.00382895 -0.00258549 0.396743)
(-0.00737912 -0.00224026 0.299778)
(-0.00624336 -0.00387782 0.26131)
(-0.00133773 -0.00279889 0.313667)
(-0.0321661 0.00535353 0.395197)
(-0.00756496 0.00108968 0.232837)
(0.00366533 -0.00248874 0.29721)
(-0.0108876 -0.00606477 0.378332)
(-0.00732548 -0.00516321 0.374871)
(-0.00539418 -0.00325675 0.257396)
(-0.00787542 -0.00228877 0.305541)
(-0.00269781 -0.0064006 0.353792)
(-0.00800924 0.00236394 0.260996)
(-0.00795244 -0.00222115 0.278224)
(-0.0503665 0.00562636 0.400748)
(-0.00550155 -0.00289019 0.261108)
(-0.00767917 -0.00670582 0.314829)
(-0.00245458 -0.00438327 0.214738)
(-0.0114122 -0.00335752 0.302889)
(-0.0111889 0.00463511 0.304104)
(-0.0129545 0.00180132 0.320359)
(-0.00626199 -0.00566438 0.268388)
(-0.00135459 -0.00653834 0.299955)
(-0.00833462 -0.00575439 0.386421)
(0.000529045 -0.00265283 0.27839)
(-0.00143315 -0.00410878 0.327439)
(-0.00680045 0.051688 0.343409)
(-0.00951096 -0.000255139 0.229376)
(-0.0551036 0.00526323 0.400106)
(-0.0477604 0.0053309 0.391089)
(-0.0186887 0.0107896 0.357451)
(-0.00787012 -0.00273164 0.392)
(-0.00889108 -0.0104805 0.380966)
(-0.00458809 -0.00247928 0.273461)
(-0.00984442 -0.00687173 0.368661)
(-0.00824821 -0.00415033 0.383738)
(-0.00424107 -0.00589707 0.285923)
(-0.011172 -0.00475895 0.370263)
(0.0030899 -0.000809092 0.288679)
(-0.00788807 -0.00646254 0.381693)
(-0.00815137 -0.00406412 0.343884)
(-0.00787489 -0.00659831 0.381682)
(-0.00746167 0.00399813 0.240986)
(-0.00438559 -0.00810456 0.328101)
(-0.0035668 -0.00802754 0.312376)
(-0.0125964 -0.0153357 0.31234)
(-0.00832737 0.0262689 0.35258)
(-0.00206214 -0.00589651 0.326921)
(-0.0121738 0.00123033 0.339119)
(-0.0150253 -0.00212058 0.325439)
(-0.00616447 -0.00649802 0.308261)
(-0.00540305 -0.00362203 0.247617)
(-0.00684313 -0.00461943 0.306001)
(-0.00709285 -0.00414967 0.335459)
(-0.0143153 -0.00237418 0.318254)
(-0.00829345 -0.00261353 0.314267)
(-0.0503533 0.00605675 0.378906)
(-0.00803493 -0.00411974 0.341159)
(-0.00431909 -0.0107262 0.3517)
(-0.0558963 0.00632559 0.37928)
(-0.00663342 -0.0029823 0.299672)
(-0.00744767 -0.0040103 0.401864)
(-0.00824284 -0.000571436 0.310734)
(-0.00805951 -0.00624684 0.383504)
(-0.00165053 -0.000794072 0.265566)
(-0.0542716 0.00556088 0.385523)
(-0.000280916 -0.00212249 0.263917)
(-0.0581557 0.00409708 0.388812)
(-0.0173719 0.00518551 0.316007)
(-0.00811593 0.0423018 0.346484)
(-0.00473173 -0.00351888 0.2708)
(-0.0761461 0.00612315 0.38454)
(-0.0566346 0.00570524 0.380092)
(-0.00475384 -0.00550639 0.286729)
(-0.00655618 -0.00430577 0.257186)
(0.00523144 -0.000994326 0.278377)
(-0.0101367 -0.00588221 0.385401)
(-0.00424276 0.00855065 0.320648)
(-0.00247611 -0.00655393 0.327714)
(-0.00584751 0.00449787 0.29848)
(-0.0622568 0.00937854 0.379721)
(-0.0448746 0.0103167 0.3703)
(-0.0108031 -0.00281695 0.385961)
(-0.0173584 -0.000364363 0.259803)
(-0.00424922 -0.00567216 0.32323)
(0.00164981 -0.0048673 0.281815)
(0.000267556 -0.00105478 0.271977)
(-0.0673856 0.00791086 0.383543)
(-0.0034741 -0.00580347 0.291021)
(-0.0630949 0.00567163 0.388123)
(-0.0107861 -0.00665101 0.381748)
(-0.00410616 -0.010986 0.329543)
(-0.0726038 0.00890532 0.384185)
(-0.00712222 -0.0012144 0.232226)
(-0.00562626 -0.000115083 0.314014)
(-0.0084181 -5.1234e-05 0.265567)
(-0.00343899 -0.00969782 0.354047)
(-0.00263283 0.000146272 0.321265)
(-0.061406 0.00770089 0.38094)
(-0.0102471 -0.00470571 0.392295)
(-0.00730982 -0.00577263 0.270668)
(-0.0166481 -0.00334124 0.344643)
(-0.06826 0.00752128 0.385619)
(-0.00681986 -0.00261509 0.296517)
(-0.00755613 -0.00496128 0.402096)
(0.00383649 -0.00475528 0.221723)
(-0.00630101 -0.00753261 0.328814)
(-0.0122664 0.000132192 0.330323)
(-0.00567389 -0.00733644 0.355182)
(-0.00824738 -0.00173257 0.382601)
(-0.013455 -0.000566762 0.312597)
(-0.0426253 0.00869405 0.375747)
(1.59171e-05 -0.00485893 0.249083)
(-0.0195253 0.0094576 0.366204)
(-0.0166692 0.00336751 0.349673)
(-0.00463907 -0.0138797 0.357601)
(-0.0059828 -0.00503718 0.297732)
(-0.00867535 -0.00554233 0.376362)
(0.000677628 -0.00259577 0.28741)
(-0.00354602 -0.00556655 0.290253)
(0.00160686 -0.00537312 0.2854)
(-0.00503345 -0.000479734 0.272743)
(-0.0346684 0.00804626 0.378383)
(-0.0011064 -0.00243069 0.28854)
(-0.003734 0.000722525 0.326213)
(-0.00346133 -0.00994531 0.347091)
(-0.00353567 -0.00214094 0.305447)
(-0.0126543 0.00395623 0.335748)
(-0.0068666 -0.0072426 0.335041)
(-0.00118027 0.000293467 0.270866)
(-0.00827891 -0.0114507 0.394073)
(-0.019156 0.00941203 0.366712)
(-0.00532615 -0.00228964 0.32538)
(-0.00315841 -0.000299435 0.271635)
(-0.00263039 -0.00278876 0.283694)
(-0.0089547 -0.000211546 0.270308)
(-0.0254177 0.0104944 0.371139)
(-0.00598718 -0.00406149 0.300806)
(-0.0317215 0.0122962 0.372283)
(-0.00689242 -0.00204218 0.364545)
(-0.00608386 -0.00565044 0.315169)
(-0.00830734 -0.0184246 0.334959)
(-0.0332186 0.0101736 0.374267)
(-0.0201521 0.00858531 0.369715)
(-0.0368454 0.00612642 0.376542)
(-0.00613852 -0.00293042 0.281734)
(-0.0287074 0.00729176 0.374819)
(-0.00875596 0.0117228 0.316537)
(-0.0201202 0.00627638 0.354403)
(-0.00773374 -0.00110136 0.289482)
(-0.0157916 -0.00246226 0.384436)
(-0.00955862 0.00477893 0.384015)
(-0.0333665 0.00587192 0.375236)
(-0.00587882 -0.00500671 0.390342)
(-0.0168335 0.0025767 0.381349)
(-0.0179064 -0.0109353 0.345806)
(-0.0361928 0.00591054 0.371624)
(-0.00973586 -0.00494142 0.353054)
(-0.0057537 -0.00822276 0.394601)
(-0.00592929 -0.00548363 0.324846)
(-0.00685627 -0.00453219 0.236055)
(-0.0143403 -0.00726121 0.40863)
(-0.00492733 -0.00733624 0.276283)
(-0.00626599 -0.00341709 0.254916)
(-0.0195338 0.00294517 0.355945)
(-0.0171003 -0.000283499 0.386589)
(-0.00204805 0.000187724 0.24789)
(-0.0336157 0.0123715 0.372779)
(-0.009299 0.00013868 0.286604)
(-0.0346725 0.00471104 0.385175)
(-0.00341048 0.00142841 0.333283)
(-0.0160889 -0.000345202 0.383815)
(-0.0225088 -0.0200483 0.344938)
(-0.000869022 -0.00175222 0.271095)
(-0.0466058 0.00422712 0.366953)
(-0.0091923 0.00176227 0.319326)
(-0.0106146 0.000588307 0.300137)
(-0.0273331 -0.014658 0.349689)
(0.0013579 -0.00451642 0.353037)
(-0.00299472 -0.0035807 0.339875)
(-0.00262379 -0.00122984 0.293759)
(-0.0498032 0.00548122 0.38218)
(-0.00216451 -0.0020861 0.301915)
(-0.00385175 -0.00207799 0.303125)
(-0.0142622 -0.00345286 0.374042)
(-0.00448166 0.000202882 0.331363)
(-0.00550079 -0.0324781 0.378678)
(-0.0227763 -0.00321047 0.348358)
(-0.00901853 -0.0176263 0.371803)
(-0.00497797 -0.00612256 0.27406)
(-0.0667286 0.00428106 0.376834)
(0.00450745 -0.00702508 0.204806)
(-0.00556742 -0.00482989 0.385761)
(-0.025153 -0.0220416 0.345759)
(-0.00337741 0.00235243 0.311678)
(-0.0054164 -0.00630832 0.343486)
(-0.0159728 -0.00180909 0.379687)
(-0.00128183 0.00132475 0.291998)
(-0.00320202 0.0164233 0.318499)
(-0.00516849 -0.0183639 0.337799)
(-0.0108412 -0.00398116 0.328534)
(-0.0095728 0.000148223 0.294139)
(0.00259773 0.00434921 0.279177)
(-0.0124292 -0.00384269 0.349249)
(-0.0482549 0.0045289 0.377697)
(-0.0133932 -0.000722057 0.37846)
(0.0018137 0.00389277 0.281122)
(-0.0367504 0.00465766 0.363802)
(-0.0284146 0.00526008 0.382219)
(-0.00765132 -0.00288694 0.36418)
(-0.0068657 -0.00300255 0.215902)
(-0.015656 0.000150881 0.393434)
(-0.00182959 -0.000457652 0.297765)
(-0.0388396 0.00493803 0.366282)
(-0.0517654 0.00455225 0.369193)
(-0.0168958 0.00454267 0.359247)
(-0.00473268 -0.0039553 0.268439)
(-0.00714623 -0.0030997 0.211641)
(-0.00621504 -0.00157201 0.290603)
(-0.05011 0.00464087 0.38117)
(0.000699003 0.00471372 0.318601)
(-0.0463818 0.00465767 0.369164)
(-0.00571529 -0.00284883 0.332679)
(-0.0118906 -0.0138173 0.338088)
(-0.0144669 -0.00502974 0.280989)
(-0.00442169 -0.00254993 0.305646)
(-0.0290933 -0.0137333 0.355638)
(-0.00674319 -0.00549919 0.339541)
(0.000346001 0.00658693 0.319987)
(-0.0025744 -0.00514754 0.288766)
(-0.0128028 -0.00477233 0.389607)
(-0.0303843 0.00501045 0.364252)
(-0.0213578 0.00972159 0.363202)
(-0.00670447 -0.00270842 0.36877)
(-0.0168392 0.00545627 0.374643)
(-0.00698462 2.74055e-05 0.38308)
(-0.00921763 -0.00134529 0.303273)
(-0.00575812 -0.00377614 0.387022)
(-0.00641407 0.000423042 0.348316)
(-0.0492585 0.00466943 0.372739)
(-0.00481678 -0.00778307 0.392031)
(-0.0104722 0.00114454 0.310869)
(-0.00678202 -0.00502654 0.334954)
(0.00153092 0.0032264 0.284772)
(-0.055738 0.00465474 0.381199)
(-0.02467 0.00573456 0.373181)
(-0.00596217 -0.00581722 0.39756)
(-0.00535229 0.000655972 0.351848)
(-0.00734411 -0.00318519 0.307097)
(-0.0050788 0.00136819 0.363843)
(-0.0286644 -0.00152025 0.364071)
(-0.00444405 0.00212764 0.358219)
(-0.00756592 -0.00187428 0.28468)
(-0.00554649 -0.000463126 0.357908)
(-0.00130377 0.00326266 0.265094)
(-0.0307094 0.0050664 0.372258)
(-0.0204623 0.00578576 0.359104)
(-0.0209054 0.00475142 0.365818)
(-0.0236406 0.00575986 0.364127)
(-0.0247024 0.00550903 0.367814)
(0.00260882 -0.00182009 0.364788)
(-0.00123288 -0.00213598 0.326668)
(-0.00995383 -0.00477699 0.303752)
(-0.00497645 0.000115975 0.363946)
(-0.00640004 -0.0084804 0.404979)
(-0.00969217 -0.00337359 0.267909)
(-0.0260459 0.00577586 0.363688)
(-0.00582587 -0.00101588 0.371028)
(-0.00479764 -0.00790369 0.302163)
(-0.00181379 0.00646721 0.315259)
(-0.00593298 -0.00262946 0.360399)
(-0.0221478 -0.0155182 0.345536)
(-0.00488242 0.00337923 0.360526)
(-0.000322249 -0.00642429 0.302197)
(-0.00762767 -0.00367091 0.325562)
(-0.00456666 0.00296354 0.365333)
(-0.0478391 0.0067958 0.367322)
(-0.00624448 -0.00619934 0.410807)
(-0.00612469 -0.0369085 0.359899)
(-0.00878265 -0.00405129 0.327183)
(-0.00708642 -0.00400297 0.301718)
(-0.00895328 -0.00277074 0.361589)
(-0.0105824 -0.00768582 0.330007)
(-0.00556056 -0.00127759 0.385755)
(-0.00556763 -0.00196097 0.385889)
(-0.00588082 -0.0338052 0.371938)
(-0.00769267 -0.00340843 0.286448)
(-0.00827924 -0.000704675 0.222911)
(-0.0067254 -0.00571109 0.392492)
(-0.00822302 -0.00371608 0.244169)
(-0.0117816 -0.00139331 0.310078)
(-0.0075431 -0.00385408 0.280968)
(-0.0054792 0.00279189 0.366748)
(-0.0264541 0.00567761 0.37593)
(-0.0257784 0.00525297 0.379508)
(-0.00613643 -0.00199174 0.371283)
(-0.00523123 0.00313593 0.367423)
(-0.00440996 -0.00481055 0.251095)
(-0.005869 -0.00405641 0.268071)
(-0.00481265 0.00283075 0.367651)
(-0.00411292 0.000556826 0.278982)
(-0.00615615 -0.00300635 0.365861)
(0.000336607 -0.00697628 0.356793)
(-0.0389393 2.03834e-05 0.36464)
(-0.0065183 -0.00579795 0.352894)
(-0.0408062 0.00648396 0.368121)
(-0.00684585 -0.00419286 0.265906)
(-0.00426245 8.03239e-05 0.320017)
(-0.00800612 -0.00346157 0.314084)
(-0.017528 -0.00389924 0.337718)
(-0.0235871 0.00513452 0.379523)
(-0.0058622 -0.00535442 0.283705)
(-0.00412154 0.00640265 0.371894)
(-0.000622597 0.000645103 0.370376)
(-0.0185478 -0.00184212 0.300954)
(-0.0539255 0.00671099 0.375098)
(-0.0021013 -0.00236263 0.302842)
(-0.00620967 -0.00170369 0.404792)
(-0.0153451 -0.0070326 0.336888)
(-0.00556013 -0.00441821 0.398835)
(-0.00522831 -0.00358961 0.350217)
(-0.00589209 -0.000857859 0.360618)
(-0.00735853 -0.00451917 0.319464)
(-0.00289524 -0.00324949 0.274181)
(-0.00637969 -0.0344527 0.380236)
(-0.00510142 -0.00192194 0.259445)
(-0.0191472 0.0149606 0.294844)
(0.0122566 -0.0139717 0.295609)
(6.87775e-07 -0.0075832 0.244685)
(-0.00315808 0.00649222 0.323218)
(-0.00590613 0.000204828 0.408074)
(0.0040826 0.000808309 0.371909)
(-0.00180586 0.00393577 0.314295)
(-0.00727987 0.00403343 0.339179)
(-0.00804707 0.00383303 0.318758)
(-0.0273047 0.000132867 0.360048)
(-0.00456311 0.00293203 0.371232)
(-0.00480161 0.00102374 0.386887)
(-0.00454677 0.0047822 0.387607)
(-0.00834915 -0.00228888 0.281157)
(-0.00398384 0.00596336 0.367871)
(-0.00435516 0.00779922 0.368181)
(-0.00585054 -0.0179821 0.396703)
(-0.0072926 -0.00917971 0.362175)
(0.0090402 -0.0191205 0.27432)
(-0.00542226 0.00130385 0.281163)
(-0.0109716 2.69233e-05 0.361919)
(-0.00815146 0.000459247 0.282578)
(-0.00587184 -0.0188969 0.402311)
(-0.00151309 0.00827441 0.32483)
(-0.00821456 -0.00154953 0.304472)
(-0.00101966 0.000516826 0.367389)
(-0.00499299 0.00171298 0.381268)
(-0.00326878 0.00610929 0.324618)
(-0.00598359 -0.00114376 0.360386)
(-0.00459205 -0.000234284 0.368546)
(-0.00579465 0.000790845 0.289764)
(-0.0059754 -0.0078777 0.341243)
(-0.00620982 -0.0055443 0.39375)
(-0.0054745 -0.00526333 0.277303)
(-0.0181801 0.0110295 0.285321)
(-0.00503102 -0.000359986 0.375701)
(-0.00481166 -2.66604e-05 0.277925)
(-0.00559539 -0.002442 0.405999)
(-0.00659305 -0.0431239 0.378862)
(-0.00454009 0.000251489 0.361892)
(-0.00170856 -0.00315392 0.306801)
(-0.00704923 0.00289248 0.321457)
(-0.00902419 -0.00634075 0.332514)
(-0.00644658 -0.00757712 0.397258)
(-0.00825133 -0.00188062 0.308768)
(-0.00225298 -0.00837803 0.277228)
(-0.000795906 -0.00454266 0.324955)
(-0.0151442 -0.00275406 0.349907)
(-0.00601544 -0.00788197 0.340771)
(0.000589665 -0.0107674 0.273444)
(-0.00870596 -0.000467018 0.327127)
(-0.00364272 0.00040916 0.366839)
(0.00505033 -0.0147496 0.273603)
(-0.00941965 -0.00393502 0.314866)
(-0.00525414 -0.0165065 0.388949)
(-0.00486778 -0.00014994 0.377379)
(-0.00396441 0.00848235 0.375256)
(-0.0103567 -0.00179127 0.349795)
(-0.00506891 -0.0125248 0.405211)
(0.00317533 0.000792553 0.370682)
(-0.00651694 0.000732474 0.290627)
(-0.00500827 -0.000848087 0.320806)
(-0.000477984 -0.00285511 0.31773)
(-0.00554831 0.000902542 0.414258)
(-0.00494719 -0.0121827 0.403236)
(-0.00989335 -0.000734257 0.353056)
(-0.011206 -0.00455116 0.313877)
(-0.00496678 -0.0172829 0.398487)
(0.00534062 -0.0147532 0.279423)
(-0.00630318 -0.000658768 0.340431)
(-0.0154576 -0.00326866 0.354611)
(0.00432253 0.000618741 0.368243)
(-0.00468518 -0.0015736 0.377594)
(-0.00969033 -0.00164166 0.302615)
(-0.00412577 0.00221817 0.400543)
(-0.00609154 -0.00389531 0.390932)
(-0.00996811 -0.00363592 0.277303)
(-0.00364594 -0.000556154 0.381416)
(-0.0149452 -0.000588387 0.362704)
(-0.0176159 -0.000738707 0.354077)
(0.00282945 -0.000557794 0.345999)
(-0.00507889 -0.0018522 0.391925)
(0.00494686 -0.0148302 0.278689)
(-0.00735118 5.19183e-06 0.339697)
(-0.0118218 0.00265121 0.312191)
(0.00186826 -0.00443629 0.329481)
(-0.00647186 -0.00784403 0.320899)
(0.0033439 0.000853501 0.369603)
(-0.00384635 0.00320333 0.280286)
(-0.0148316 -0.00574369 0.374603)
(-0.0050451 -0.00642653 0.222031)
(-0.0114855 -0.0109038 0.357244)
(-0.0143209 -0.00298241 0.344169)
(-0.0197057 -0.000946413 0.359374)
(0.0019629 -0.00242158 0.347729)
(-0.00268792 0.012514 0.373144)
(-0.00144265 0.000824963 0.390184)
(-0.00177882 -0.00622633 0.314928)
(-0.00536526 -0.0065889 0.258099)
(-0.0242716 -0.000901954 0.358382)
(-0.00513106 -0.00327745 0.409833)
(-0.00190633 0.00275451 0.269342)
(-0.0181334 0.0103627 0.298837)
(-0.00467263 -0.00119209 0.285272)
(-0.0169494 -0.00141695 0.35271)
(-0.00592185 -0.00249397 0.396457)
(-0.00567744 -0.00162774 0.277393)
(-0.00805104 -0.00112676 0.290954)
(-0.00757753 -0.00281574 0.315279)
(-0.00594854 -0.00575777 0.260671)
(-0.00292773 -0.00823154 0.223825)
(-0.00499862 -0.000593453 0.368988)
(-0.0106641 -0.00198846 0.31235)
(-0.0112369 -0.012802 0.372514)
(-0.00562793 -0.00690258 0.382616)
(-0.0103312 -0.00378065 0.321162)
(-0.00555979 -0.00618405 0.382927)
(-0.00873736 -0.00576738 0.321235)
(-0.00598928 -0.000698015 0.327879)
(0.000139177 -0.00221372 0.330216)
(-0.00224856 0.00326835 0.29109)
(-0.0102671 -0.00966361 0.380647)
(-0.00754722 -0.00648601 0.319268)
(-0.0101589 -0.00769576 0.333552)
(-0.00473571 -0.00636512 0.41008)
(-0.002691 -0.00802493 0.259065)
(-0.0117433 -0.0144347 0.34625)
(-0.00294145 -0.00321527 0.34366)
(-0.00606629 -0.00214432 0.35039)
(4.22099e-05 0.00172732 0.345296)
(-0.00474829 -0.00707925 0.253408)
(-0.00843804 -0.00380932 0.318157)
(-0.00560251 -0.00274347 0.279794)
(-0.00699707 -0.00469997 0.334379)
(-0.0104782 -0.00806921 0.332376)
(0.00267504 0.00270318 0.381137)
(-0.00826986 -0.0035466 0.318911)
(-0.00725114 -0.00454427 0.354809)
(-0.0098432 -0.00375094 0.332917)
(-0.00879708 -0.00604238 0.326291)
(-0.00583439 -0.000412935 0.324303)
(-0.00778747 -0.0129618 0.360033)
(-0.00448194 -0.00460558 0.407824)
(-0.00572968 -0.00457978 0.32878)
(-0.00156611 -0.000499766 0.367335)
(-0.00636171 0.00130962 0.3519)
(-0.0101873 -0.00497087 0.354064)
(-0.00470775 0.0010034 0.302836)
(-0.00437016 -0.00758125 0.408911)
(-0.0100064 -0.00440852 0.279435)
(-0.00646656 -0.00537462 0.300726)
(-0.0109116 -0.00543639 0.399712)
(-0.00266613 0.003122 0.384576)
(-0.00924613 -0.00142558 0.354874)
(-0.0141094 0.00264942 0.297548)
(0.00246994 0.00231331 0.389051)
(-0.00795314 -0.00354656 0.336427)
(-0.00468116 0.000474188 0.411197)
(-0.0137971 -0.00564456 0.254564)
(-0.0103964 -0.00979716 0.361766)
(-0.00313811 -0.000567994 0.367645)
(-0.00475859 -0.00017846 0.41231)
(-0.00448593 0.000244783 0.411718)
(-0.00981005 -0.00708275 0.323267)
(-0.00164532 0.00225718 0.302901)
(-0.00869152 -0.00784736 0.337573)
(-0.00737326 -0.00264148 0.359159)
(-0.0068953 -0.00357753 0.366243)
(-0.00680092 -0.0048968 0.328531)
(-0.00668151 -0.00612463 0.330023)
(-0.0121939 -0.00359236 0.261091)
(-0.00806784 0.000456993 0.401737)
(-0.0109531 0.00139012 0.403321)
(-0.00906745 -0.00218272 0.313525)
(-0.00951806 -0.00403846 0.235174)
(-0.00754702 -0.00213724 0.296984)
(0.00314619 0.000139222 0.316898)
(-0.00838165 -0.000780931 0.281202)
(-0.0121093 -0.00553146 0.30896)
(-0.00383877 0.00540666 0.404249)
(-0.00429623 0.0144044 0.389358)
(-0.00190765 -0.00127188 0.378712)
(-0.00321605 -0.00402107 0.321928)
(-0.00658913 -0.00538254 0.294189)
(-0.00450725 0.0020267 0.393318)
(-0.00570708 -0.00413098 0.357128)
(-0.00898548 -0.00283929 0.359321)
(-0.0115535 0.00195101 0.39627)
(-0.0113202 -0.00741272 0.301761)
(0.000576876 -0.00503743 0.37127)
(-0.00750938 -0.00300202 0.36278)
(-0.0032516 0.0119157 0.364235)
(-0.0013539 -0.0019903 0.374821)
(-0.00396518 0.00355252 0.413439)
(-0.00538525 -0.00272913 0.356756)
(-0.00704937 -0.00525729 0.270633)
(-0.0049415 -0.00499857 0.352522)
(-0.00348969 -0.00678764 0.297812)
(-0.0181641 0.00225117 0.331049)
(-0.00437308 0.00191568 0.396709)
(-0.00238966 0.00417469 0.371736)
(-0.0015335 -0.00231229 0.355475)
(-0.00433553 0.00515203 0.351204)
(0.000657673 -0.00689279 0.358504)
(-0.0117719 -0.0018755 0.351779)
(-0.0176328 0.00714982 0.343559)
(-0.00475276 0.00143221 0.388415)
(-0.00437421 0.00549761 0.400072)
(-0.00766347 -0.00117151 0.366207)
(-0.00770392 -0.000365106 0.36442)
(-0.00412019 0.00681351 0.402449)
(0.00111414 -0.00428043 0.282794)
(-0.0104607 -0.00484298 0.353129)
(-0.0219393 0.000292985 0.332184)
(-0.00421822 0.0100386 0.393205)
(-0.00813269 -0.00526936 0.277729)
(-0.00877062 -0.00168548 0.277764)
(0.00224187 0.0046453 0.390476)
(-0.00573614 0.00153724 0.305881)
(-0.00760018 -0.00152393 0.287538)
(0.000711858 -0.00590533 0.352408)
(-0.00511814 -0.00404637 0.373718)
(-0.00477493 -0.0039979 0.370419)
(-0.00345674 -0.00290202 0.378301)
(-0.00394752 0.00737911 0.407175)
(-0.0031534 0.00477524 0.362757)
(-0.00349868 0.000175708 0.379869)
(-0.00723912 -0.00386136 0.370264)
(-0.00671391 -0.00385514 0.292273)
(-0.0039282 0.00514794 0.4062)
(-0.00633308 0.00143882 0.333561)
(-0.000338643 -0.00223405 0.375484)
(-0.0156562 -0.00731748 0.339181)
(-0.00409639 0.00698435 0.401275)
(-0.00807788 -0.00489582 0.307658)
(-0.00641411 -0.00667086 0.348854)
(-0.0111609 -0.00514534 0.32347)
(-0.00222771 -0.0036967 0.319509)
(-0.00498395 0.00425209 0.379726)
(-0.00683853 -0.00595342 0.270481)
(-0.00866921 -0.00425871 0.329662)
(-0.000740039 0.00219984 0.346114)
(-0.00522973 0.00234455 0.389497)
(-0.00538824 -0.0057324 0.291684)
(0.000471165 0.0018283 0.323571)
(-0.00179447 0.00218346 0.364703)
(-0.0132792 -0.0039272 0.30869)
(-0.00428629 0.00579361 0.398424)
(-0.00915198 -0.00469187 0.328275)
(-0.00294614 -0.00435141 0.324159)
(-0.0047014 0.00552853 0.390417)
(0.00739619 -0.0145136 0.256527)
(-0.00519882 0.00214955 0.393696)
(0.000132497 0.00195544 0.359982)
(-0.00992958 -0.00595134 0.236963)
(-0.00224094 0.00197617 0.365546)
(-0.0065101 0.00244887 0.290175)
(-0.00394253 -0.00380411 0.272631)
(-0.00607742 -0.00880434 0.232955)
(-0.00583457 -0.00665351 0.267044)
(-0.0124152 -0.00812311 0.315908)
(-0.00117713 -0.0020044 0.275862)
(-0.000579371 0.0040485 0.365857)
(-0.0112352 -0.00538752 0.259911)
(-0.002918 -0.00208015 0.33715)
(-0.00249413 0.00490945 0.389787)
(-0.00661907 -0.00345604 0.308193)
(-0.0139831 -0.00560277 0.345927)
(-0.0062486 0.00299325 0.364571)
(-0.0014966 0.00148667 0.35687)
(-0.0033112 0.0051749 0.402864)
(-0.0054747 0.00388723 0.36761)
(-0.00876251 0.00314971 0.324839)
(-0.00581692 0.00174962 0.378941)
(-0.00261991 0.00255254 0.390273)
(-0.00961671 -0.00370164 0.326899)
(-0.00514943 0.00290644 0.325192)
(-0.0133623 -0.00761676 0.361369)
(-0.0107341 0.000252648 0.33286)
(-0.0091947 0.00106839 0.315694)
(-0.00915609 -0.00402458 0.333887)
(-0.00823546 -0.00622245 0.331341)
(-0.0100398 -0.00548306 0.315692)
(-0.00563939 0.00352244 0.380568)
(-0.00578795 0.00200984 0.376985)
(-0.00696796 -0.0027209 0.351552)
(-0.00602659 0.000636933 0.307504)
(-0.00366201 -0.000978165 0.34488)
(-0.00518551 -0.000298881 0.376443)
(-0.00167158 0.00322828 0.366069)
(0.00564585 -0.00538388 0.288014)
(-0.00397232 -0.00560241 0.29706)
(-0.000645409 -0.00129434 0.413652)
(-0.00651441 0.000804716 0.356843)
(-0.00756911 -0.000514168 0.359762)
(-0.0105756 -0.000643206 0.329128)
(-0.00608582 0.00215117 0.380147)
(-0.00664482 0.00324244 0.289146)
(-0.00573499 0.00312451 0.348031)
(-0.00845772 0.000528577 0.367429)
(-0.000622715 0.000255626 0.351065)
(-0.00629097 0.000125574 0.37449)
(-0.00935687 -0.00374075 0.335885)
(-0.00713987 -0.003808 0.311184)
(0.010131 -0.0159793 0.2591)
(-0.00757978 -0.000654005 0.356933)
(-0.00609267 0.00173473 0.379311)
(-0.00557684 0.00259596 0.405737)
(-0.012894 -0.00640517 0.284507)
(-0.00708435 -0.00817022 0.35423)
(0.00615245 -0.00546591 0.292549)
(-0.0100715 -0.00635969 0.332081)
(-0.00643289 0.00024511 0.357416)
(-0.001295 -0.00482127 0.303271)
(-0.00368932 0.00154794 0.362363)
(-0.00155232 -0.000132171 0.372782)
(-0.00635202 0.000495964 0.326638)
(0.00311827 -0.00502924 0.290078)
(-0.00703197 -0.000800112 0.35376)
(-0.00567307 0.00127016 0.400498)
(-0.00730116 -0.00059332 0.357891)
(-0.00891914 -0.00496728 0.316734)
(-0.00271207 -0.00095332 0.310015)
(-0.00729018 3.77022e-06 0.363483)
(-0.00675736 -0.00023889 0.358826)
(-0.00762021 -0.00500019 0.340117)
(-0.00286766 -0.000680743 0.384626)
(-0.00601373 -0.000390773 0.390196)
(-0.00875116 0.00034155 0.369287)
(-0.0134383 -0.0026959 0.323007)
(-0.00700327 0.00177649 0.350386)
(-0.00851346 0.000450429 0.371538)
(-0.0129548 -0.00494045 0.324066)
(-0.00698705 -0.00282323 0.368079)
(0.000151058 -0.00403723 0.41446)
(-0.0113257 -0.00384886 0.336193)
(-0.005704 0.000996818 0.373341)
(-0.00697388 -0.000307528 0.35992)
(-0.00675533 0.000998912 0.350366)
(-0.0091287 -0.00952457 0.290391)
(-0.0159715 0.00269481 0.309886)
(0.00319047 -0.0111005 0.310081)
(-0.00542511 0.000832698 0.363798)
(-0.00555502 -0.00268462 0.36695)
(-0.00791241 0.0010642 0.306966)
(-0.00214661 0.00150901 0.366154)
(-0.000183647 0.00131907 0.383206)
(-0.0112757 -0.00661447 0.327777)
(-0.0107261 -0.00805327 0.30315)
(-0.0059073 0.000181856 0.345373)
(-0.00966336 -0.00640963 0.332809)
(0.00356311 -0.013201 0.306425)
(0.00103879 0.00143515 0.344863)
(-0.00617341 -0.0115719 0.338875)
(-0.00535643 -0.000191371 0.356957)
(-0.0048554 -0.00167766 0.285336)
(-0.00645133 -0.00121939 0.328825)
(-0.00369107 0.00206603 0.382912)
(-0.0132943 0.00218485 0.305868)
(-0.0044448 0.000517856 0.360588)
(-0.00694733 -0.0109882 0.332224)
(-0.00587049 0.000988052 0.356235)
(-0.00214656 0.00122423 0.314826)
(-0.00481722 0.000600372 0.36524)
(-0.00878867 -0.00671142 0.33956)
(-0.00208739 -0.00436684 0.27285)
(-0.00493127 0.000374995 0.363507)
(-0.00536925 -0.000936472 0.311338)
(-0.00479114 0.00056788 0.364354)
(-0.00859012 -0.00191593 0.335837)
(-0.0115511 -0.00509115 0.332089)
(-0.00770606 -0.00625965 0.364937)
(-0.00415612 -0.0111061 0.417425)
(-0.00608818 0.00140061 0.361728)
(-0.00921491 -0.00549615 0.34518)
(0.00107885 -0.004698 0.305304)
(-0.00843347 -0.000487623 0.336333)
(-0.010096 -0.0106645 0.284049)
(-0.00234063 -0.00811199 0.300357)
(-0.00656754 -0.00501415 0.378035)
(-0.00652657 -0.00431296 0.334358)
(-0.010198 -0.00755814 0.270305)
(-0.00909843 -0.00301276 0.334645)
(-0.00511859 -0.00550885 0.329368)
(-0.00173932 -0.00200747 0.324938)
(-0.0066699 -0.00593745 0.401813)
(-0.00604174 -0.0040391 0.400383)
(-0.000523839 -0.00346142 0.28571)
(-0.00853201 -0.00503348 0.308938)
(-0.00368554 -0.00592212 0.289373)
(-0.00508334 -0.0132023 0.31363)
(-0.00299513 0.000733893 0.361616)
(-0.00663403 -0.00872818 0.395087)
(-0.00660394 -0.00935326 0.404171)
(0.00224347 -0.0160926 0.311951)
(-0.00973725 -0.0120435 0.336487)
(-0.0109568 -0.0062697 0.337277)
(-0.00718153 -0.00309256 0.294452)
(-0.00467153 -0.00100158 0.333532)
(-0.00734956 -0.00092796 0.351922)
(-0.00129434 -0.00126863 0.378447)
(-0.0080176 0.00171356 0.388172)
(0.0065857 -0.00959692 0.269334)
(-0.0104149 -0.00632903 0.332892)
(0.000255953 0.00257643 0.372255)
(-0.00310274 -0.00464544 0.366466)
(-0.00230427 0.000510677 0.355818)
(-0.0096105 -0.00857243 0.341285)
(-0.0100623 -0.00340378 0.285299)
(0.00186192 -0.0157453 0.311816)
(-0.00590678 -0.00471301 0.367631)
(-0.0019094 -0.00616782 0.291555)
(-0.0114584 -0.00430457 0.338715)
(-0.00203137 -0.00355089 0.351848)
(-0.00137407 -0.00687065 0.32828)
(-0.00512658 -0.0135311 0.237251)
(-0.0103769 -0.0055843 0.329973)
(-0.00538442 0.00127355 0.312678)
(-0.00567184 0.00114342 0.368606)
(-0.0160077 -0.0051217 0.318265)
(-0.00969085 -2.5458e-05 0.340527)
(-0.00458132 -0.0103552 0.38258)
(-0.0117201 -0.00283312 0.326948)
(0.00249805 -0.0150372 0.311458)
(-0.00164904 -0.00743951 0.304893)
(-0.0108346 -0.00798295 0.340368)
(-0.0109081 -0.00840958 0.337722)
(-0.0114447 -0.00476886 0.340037)
(-0.0104683 -0.00218822 0.368507)
(-0.0145566 -0.00573914 0.301303)
(-0.0118948 -0.00045119 0.336105)
(-0.00532884 -0.0137216 0.235565)
(-0.00188482 0.000487145 0.346)
(-0.0147601 -0.0049915 0.311512)
(-0.00954756 -0.00361449 0.342651)
(-0.0160293 -0.000508435 0.30387)
(-0.00246348 -0.00649329 0.343545)
(-0.0164242 0.00255632 0.352825)
(0.00112091 -0.00498752 0.33772)
(-0.00566506 -0.00627804 0.297411)
(-0.00388765 -0.00833016 0.292253)
(-8.46741e-05 0.00196349 0.374657)
(0.00540896 -0.00108931 0.380923)
(-0.0159606 -0.00118036 0.290856)
(-0.00699555 0.000940756 0.362677)
(-0.00212146 -0.0117882 0.252976)
(-0.00473673 0.00099192 0.351467)
(-0.00844539 -0.00692865 0.31589)
(-0.00593673 -0.0432469 0.414522)
(-0.015134 0.00333714 0.345707)
(-0.0117433 -0.00348272 0.338964)
(-0.00471701 -0.00607826 0.330233)
(-0.00182321 -0.00667677 0.352188)
(-0.00388938 -0.0133589 0.293949)
(-0.0111658 -5.74515e-05 0.349084)
(-0.00830959 -0.0530125 0.400448)
(-0.0124288 -0.0388091 0.405926)
(-0.0291847 0.00371502 0.382076)
(-0.0117478 -0.00427624 0.334055)
(-0.00160848 -0.0138649 0.322316)
(0.00481259 -0.0118361 0.290936)
(-0.0157674 -0.000843144 0.343572)
(-0.00869785 -0.000400883 0.329824)
(-0.00696181 0.00307283 0.356438)
(-0.00563323 -0.00520013 0.365164)
(-0.0117253 -0.00391493 0.334182)
(-0.0140492 -0.00120427 0.317884)
(-0.00552718 -0.0523447 0.406315)
(-0.00273409 -0.00640299 0.339697)
(-0.00756852 -0.0106227 0.374433)
(-0.00547641 -0.0264209 0.378134)
(-0.00256505 -0.00599729 0.342718)
(-0.0116438 -0.00467949 0.338556)
(-0.013264 -0.00564402 0.342309)
(-0.006488 -0.00844928 0.299359)
(-0.00528523 -0.0580424 0.402327)
(-0.01732 -0.00214504 0.306919)
(-0.014486 4.30061e-05 0.358925)
(-0.0115943 -0.00426951 0.338376)
(-0.0135787 -0.00183522 0.327369)
(-0.0124427 -0.00230514 0.323941)
(0.00689283 0.00141206 0.36835)
(-0.00905267 -0.00514001 0.319755)
(-0.017545 -0.00327943 0.288886)
(-0.00285556 -0.0296572 0.357301)
(-0.0121155 -0.00137912 0.320202)
(-0.0114079 0.0024405 0.316661)
(-0.0141743 -0.000228576 0.353724)
(-0.0136322 0.000114762 0.360965)
(-0.0118112 -0.00351881 0.33321)
(-0.00940492 0.00428818 0.339062)
(-0.015059 -0.00425038 0.328102)
(-0.0180217 -0.055331 0.389373)
(-0.00948492 -0.0105697 0.324373)
(0.00327991 -0.00564238 0.286355)
(-0.00496954 -0.0117731 0.323299)
(-0.0117079 -0.00714325 0.339421)
(-0.00802909 0.000561685 0.376332)
(0.00238275 0.00306889 0.376692)
(-0.01801 -0.00241456 0.331044)
(-0.00833421 0.00312071 0.382178)
(-0.00608299 0.00353468 0.393771)
(-0.00448169 -0.00612718 0.321366)
(-0.00607326 0.00146839 0.339571)
(-0.0126688 0.000517078 0.314653)
(-0.0195112 0.00451639 0.347592)
(-0.00634725 -0.0726804 0.39188)
(-0.00504546 -0.00235441 0.341684)
(-0.00487746 -0.00538047 0.335708)
(-0.00487673 -0.00554742 0.33394)
(0.00183826 0.0026812 0.381851)
(0.00210507 0.0042083 0.376182)
(-0.00524434 -0.00864368 0.325118)
(-0.00351978 -0.00114117 0.371218)
(-0.0116903 -0.0795079 0.379069)
(-0.0146701 -0.00518608 0.335994)
(-0.00120601 0.00286188 0.391409)
(-0.0146009 -0.00672353 0.334185)
(-0.00704572 0.000349493 0.346185)
(-0.0123548 -0.00132123 0.311273)
(-0.00105922 -0.00990994 0.327116)
(-0.000885429 -0.0103464 0.295561)
(-0.0248699 0.00723851 0.314322)
(-0.00114659 -0.00170281 0.305868)
(-0.00989673 -0.00501852 0.341502)
(0.00227791 0.00288214 0.368025)
(-0.0427944 0.00391267 0.362513)
(-0.0108211 -0.00821656 0.334975)
(0.00151336 0.0022132 0.371506)
(-0.00433053 -0.00988735 0.378778)
(-0.0130397 -0.000547063 0.33198)
(0.000787692 -0.00679339 0.38235)
(-0.00636756 -0.0680574 0.374322)
(0.0148877 -0.00121941 0.386256)
(-0.000978166 -0.0106812 0.259779)
(-0.00926386 -0.0156693 0.325915)
(-0.00609525 -0.0318597 0.355267)
(-0.0316065 0.00556701 0.305845)
(-0.0126904 0.00126598 0.328761)
(-0.000559256 -0.016349 0.322273)
(0.00236753 0.00295348 0.370746)
(-0.0119419 -0.0028583 0.335241)
(-0.00920088 0.00334189 0.308521)
(-0.00740916 0.000691925 0.352789)
(-0.00339955 -0.0186213 0.323662)
(-0.00391336 0.00346709 0.389924)
(-0.0120078 -0.00552701 0.341307)
(-0.0139069 -0.00278835 0.371714)
(-0.00362964 0.00143668 0.328784)
(-0.00791537 0.00533727 0.332006)
(0.000740879 0.00270021 0.365959)
(0.00236038 -0.0045062 0.332255)
(-0.00912417 -0.0599732 0.355105)
(0.00571073 -0.00734347 0.380041)
(-0.00835961 -7.51848e-05 0.36322)
(-0.0116692 -0.00684398 0.336483)
(-0.0115913 -0.00195368 0.31086)
(-0.0059395 -0.00112872 0.332197)
(-0.00192127 -0.011744 0.327679)
(-0.0119493 6.51707e-07 0.336809)
(-0.00327541 -0.00334881 0.30962)
(-0.00116171 0.00544235 0.385592)
(-0.0052502 -0.013055 0.28124)
(-0.015119 -0.00918692 0.326156)
(-0.00264982 0.00214231 0.365429)
(-0.000106951 -0.00326779 0.314617)
(-0.010001 -0.0413053 0.353165)
(-0.000964574 -0.00844471 0.324394)
(-0.000125639 -0.0143905 0.278728)
(-0.00217144 -0.0114246 0.33193)
(-0.0119894 5.54796e-05 0.340383)
(-0.00615415 -0.0137416 0.338252)
)


// ************************************************************************* //
