/*--------------------------------*- C++ -*----------------------------------*\
| =========                 |                                                 |
| \\      /  F ield         | OpenFOAM: The Open Source CFD Toolbox           |
|  \\    /   O peration     | Version:  plus.master.MPPICInterFoam            |
|   \\  /    A nd           | Web:      www.OpenFOAM.com                      |
|    \\/     M anipulation  |                                                 |
\*---------------------------------------------------------------------------*/
FoamFile
{
    version     2.0;
    format      ascii;
    class       volScalarField;
    location    "9";
    object      rho;
}
// * * * * * * * * * * * * * * * * * * * * * * * * * * * * * * * * * * * * * //

dimensions      [1 -3 0 0 0 0 0];

internalField   nonuniform List<scalar> 
11822
(
939.58
902.074
904.503
973.476
999.662
1000
1000
544.318
494.003
498.634
651.208
929.397
1000
1000
418.497
417.377
417.071
432.261
773.527
1000
1000
422.164
582.991
591.764
440.085
734.978
999.83
1000
426.573
578.276
575.334
444.038
742.066
1000
1000
458.985
443.224
437.074
523.086
861.062
1000
1000
818.197
737.926
708.707
848.446
983.89
1000
1000
957.5
931.192
929.848
981.997
999.751
999.999
1000
618.993
549.845
552.947
714.991
942.89
1000
1000
461.569
417.255
417.053
495.608
816.574
1000
1000
425.225
608.81
607.363
479.753
771.555
1000.01
1000
442.444
528.505
457.934
459.494
775.649
1000.01
1000
487.775
438.669
436.432
561.269
884.731
1000
1000
845.046
762.13
735.884
866.745
986.51
1000
1000
972.554
949.748
942.166
987.267
999.928
999.999
1000
687.487
624.307
600.904
761.077
949.805
1000
1000
586.696
419.081
416.989
553.99
837.019
1000
1000
585.531
608.355
584.525
477.962
795.403
1000
1000
524.203
419.292
417.858
477.066
796.238
1000
1000
555.47
448.098
436.194
616.472
900.577
1000
1000
884.026
807.937
779.241
887.856
988.973
1000
1000
975.566
948.926
940.459
987.049
999.99
1000
1000
680.94
614.616
583.982
756.65
948.49
1000
1000
555.805
416.891
416.952
520.299
831.258
1000
1000
564.728
481.724
416.99
426.422
784.892
1000.01
1000
502.144
417.834
417.285
453.331
788.455
1000.01
1000
560.082
442.526
429.497
614.22
899.386
1000
1000
897.518
817.284
786.073
892.387
989.793
1000
1000
975.826
945.963
938.631
986.086
999.97
1000
1000
667.424
579.704
569.579
751.603
946.248
1000
1000
430.385
416.82
416.921
449.259
826.373
1000
1000
422.79
416.921
417.003
417.922
775.564
1000.01
1000
428.254
417.261
417.511
417.06
778.472
1000.01
1000
548.734
425.393
423.176
607.128
898.177
1000
1000
903.713
817.266
790.115
897.461
990.604
1000
1000
978.722
951.579
946.854
987.13
999.971
1000
1000
700.074
603.393
630.785
782.881
951.193
1000
1000
416.897
416.765
417.994
479.101
848.592
999.998
1000
417.427
416.984
417.441
480.077
823.447
999.997
1000
418.479
573.988
577.618
435.199
802.765
999.997
1000
576.737
437.481
439.892
645.805
910.588
999.999
1000
925.98
846.221
833.402
922.343
993.126
1000
1000
1000
1000
1000
1000
999.401
999.538
999.933
997.381
1000
1000
1000
1000
1000
1000
1000
999.973
1000
1000
1000
1000
1000
1000
1000
1000
1000
1000
1000
1000
1000
1000
1000
1000
1000
1000
1000
1000
1000
1000
1000
1000
1000
1000
1000
1000
1000
1000
1000
1000
1000
1000
1000
1000
1000
999.993
999.999
1000
1000
1000
1000
1000
999.429
999.822
999.891
998.643
1000
1000
1000
1000
1000
1000
1000
999.995
1000
1000
1000
1000
1000
1000
1000
1000
1000
1000
1000
1000
1000
1000
1000
1000
1000
1000
1000
1000
1000
1000
1000
1000
1000
1000
1000
1000
1000
1000
1000
1000
1000
1000
1000
999.999
1000
1000
1000
1000
1000
1000
1000
999.999
999.59
999.95
999.767
999.526
1000
1000
1000
1000
1000
1000
1000
1000
1000
1000
1000
1000
1000
1000
1000
1000
1000
1000
1000
1000
1000
1000
1000
1000
1000
1000
1000
1000
1000
1000
1000
1000
1000
1000
1000
1000
1000
1000
1000
1000
1000
1000
1000
999.999
1000
1000
1000
1000
1000
1000
1000
999.996
999.846
999.995
999.68
999.538
1000
1000
1000
1000
1000
1000
1000
1000
1000
1000
1000
1000
1000
1000
1000
1000
1000
1000
1000
1000
1000
1000
1000
1000
1000
1000
1000
1000
1000
1000
1000
1000
1000
1000
1000
1000
1000
1000
1000
1000
1000
1000
1000
1000
999.993
1000
1000
1000
1000
1000
1000
999.971
999.995
999.639
999.691
999.494
1000
1000
1000
1000
1000
1000
1000
1000
1000
1000
1000
1000
1000
1000
1000
1000
1000
1000
1000
1000
1000
1000
1000
1000
1000
1000
1000
1000
1000
1000
1000
1000
1000
1000
1000
1000
1000
999.998
999.998
1000
1000
1000
1000
1000
999.974
1000
999.997
999.997
1000
1000
1000
999.943
1000
998.952
999.612
999.552
1000
1000
1000
1000
1000
1000
1000
1000
1000
1000
1000
1000
1000
1000
1000
1000
1000
1000
1000
1000
1000
1000
1000
1000
1000
1000
1000
1000
1000
1000
1000
1000
1000
1000
1000
1000
1000
999.998
999.998
1000
1000
1000
1000
1000
999.976
999.969
999.98
999.997
988.687
1000
1000
1000
1000
1000
1000
1000
779.664
998.115
1000
1000
999.997
999.999
999.998
999.999
522.455
921.118
1000
1000
999.976
999.987
999.915
999.988
468.728
869.429
1000
1000
999.998
1000
999.915
999.986
560.833
939.374
1000
1000
1000
1000
999.933
999.995
864.49
998.887
1000
1000
1000
1000
999.995
999.999
998.691
999.969
1000
1000
1000
1000
1000
1000
991.995
1000
1000
1000
1000
1000
1000
1000
816.287
999.297
1000
999.999
999.998
1000
999.999
1000
572.061
938.756
1000
999.995
999.976
999.993
999.949
999.996
511.42
896.153
1000
1000
999.998
1000
999.915
999.996
624.363
955.445
1000
1000
1000
1000
999.987
999.999
892.922
998.94
1000
1000
1000
1000
999.998
999.999
999.043
999.967
1000
1000
1000
1000
1000
999.999
996.613
1000
1000
1000
1000
1000
1000
1000
870.027
999.989
1000
999.999
999.999
1000
999.999
1000
669.835
964.581
1000
999.988
999.981
999.999
999.997
1000
615.082
936.715
1000
1000
999.999
1000
999.94
999.998
706.276
976.12
1000
1000
1000
1000
1000
999.998
922.468
999.281
1000
1000
1000
1000
999.999
999.999
999.586
999.971
1000
1000
1000
1000
1000
999.999
998.549
1000
1000
1000
1000
1000
1000
1000
886.92
1000
1000
999.999
1000
1000
999.999
1000
684.818
976.067
1000
999.992
999.997
1000
1000
1000
631.08
954.489
1000
1000
999.999
1000
999.998
999.98
708.987
985.411
1000
1000
1000
1000
1000
999.987
924.308
999.864
1000
1000
1000
1000
999.999
999.999
999.769
999.981
1000
1000
1000
1000
1000
999.999
999.011
1000
1000
1000
1000
1000
1000
1000
892.17
1000
1000
1000
1000
1000
999.999
1000
674.148
980.188
1000
1000
1000
999.999
999.998
1000
617.246
960.06
1000
1000
1000
1000
999.996
999.977
700.776
989.356
1000
1000
1000
1000
1000
999.979
923.241
1000
1000
1000
1000
1000
999.999
999.999
999.738
999.989
1000
1000
1000
1000
1000
1000
999.641
1000
1000
1000
1000
1000
1000
1000
913.218
1000
1000
1000
1000
1000
999.999
1000
700.235
986.632
1000
1000
1000
999.991
999.992
1000
648.479
970.736
1000
1000
1000
999.999
999.946
999.984
732.413
995.391
1000
1000
1000
1000
999.973
999.985
934.068
1000
1000
1000
1000
1000
999.999
999.999
999.76
999.994
1000
1000
1000
1000
1000
1000
1000
1000
1000
1000
999.957
1000
999.942
999.999
1000
1000
1000
999.999
1000
999.354
999.98
999.968
1000
1000
1000
1000
1000
999.224
999.971
999.165
1000
1000
999.992
999.927
999.934
999.99
999.932
996.916
1000
1000
999.989
999.685
999.942
999.248
999.631
996.848
1000
1000
999.781
999.811
999.813
995.933
999.916
996.83
1000
1000
999.954
1000
996.305
995.898
999.932
996.868
1000
1000
1000
1000
999.997
999.99
999.939
999.998
1000
1000
1000
1000
999.999
999.971
999.996
999.999
1000
1000
1000
1000
999.996
999.954
999.996
999.984
1000
1000
999.995
999.944
999.925
999.997
999.904
996.884
1000
1000
999.912
999.973
999.973
999.845
999.801
996.872
1000
1000
999.781
999.93
999.006
995.937
999.649
996.804
1000
1000
999.972
1000
996.301
996.583
999.126
996.853
1000
1000
1000
1000
1000
999.976
999.946
999.999
1000
1000
1000
1000
999.991
999.999
999.999
999.999
1000
1000
1000
1000
999.91
1000
999.263
999.999
1000
1000
999.995
999.98
999.933
1000
998.786
998.221
1000
1000
999.857
999.972
999.973
999.834
999.833
998.604
1000
1000
999.864
999.999
996.86
995.941
997.281
996.803
1000
1000
999.993
1000
996.331
998.708
996.884
996.803
1000
1000
1000
1000
1000
999.974
999.988
999.999
1000
1000
1000
1000
999.972
999.998
999.951
999.999
1000
1000
1000
999.999
999.896
1000
997.401
999.177
1000
1000
999.994
999.997
999.983
1000
997.424
999.409
1000
999.996
999.857
999.971
999.487
999.731
999.831
999.766
1000
1000
999.984
999.977
996.531
996.461
996.733
998.258
1000
1000
1000
999.988
998.288
999.026
996.759
996.775
1000
1000
1000
1000
1000
999.974
1000
999.999
1000
1000
1000
1000
999.972
1000
998.296
999.244
1000
1000
1000
999.998
999.896
999.987
997.355
997.345
1000
1000
999.991
999.998
1000
1000
998.079
999.21
1000
999.994
999.857
999.999
997.507
999.427
997.938
999.732
1000
1000
999.997
999.998
996.547
999.261
996.747
999.292
1000
1000
1000
999.931
999.776
998.771
997.08
996.777
1000
1000
1000
1000
1000
999.996
1000
999.84
1000
1000
1000
1000
999.983
1000
997.656
997.345
1000
1000
1000
1000
999.896
1000
997.357
997.345
1000
1000
999.988
999.998
1000
999.992
999.603
999.104
1000
999.997
999.902
999.999
998.125
999.436
996.812
999.6
1000
1000
1000
1000
998.668
999.467
996.815
997.456
1000
1000
1000
999.922
1000
998.809
997.987
996.781
1000
1000
1000
999.999
999.986
999.714
999.834
999.162
999.999
1000
1000
1000
999.941
999.645
999.592
997.655
1000
1000
1000
1000
999.969
999.919
999.466
999.695
1000
1000
1000
1000
1000
999.946
999.475
1000
997.868
1000
1000
1000
999.998
1000
1000
1000
1000.01
1000
1000
1000
1000
1000
999.997
1000
1000
1000
1000
1000
1000
1000
1000
1000
1000
1000
1000
999.998
999.989
999.792
999.801
999.748
1000
1000
1000
1000
999.939
999.566
999.573
997.655
1000
1000
1000
1000
999.961
999.917
999.557
998.097
1000
1000
1000
1000
1000
999.942
999.475
1000
998.998
1000
1000
1000
999.999
999.996
1000
1000
1000.01
1000
1000
1000
1000
1000
999.997
1000
1000
1000
1000
1000
1000
1000
1000
1000
1000
1000
1000
999.997
999.997
999.867
999.805
999.956
1000
1000
1000
1000
999.941
999.486
999.487
997.784
1000
1000
1000
1000
999.96
999.856
999.675
997.689
1000
1000
1000
1000
1000
999.941
999.736
1000
999.978
1000
1000
1000
1000
999.936
1000
1000
1000
1000
1000
1000
1000
1000
999.998
1000
1000
1000
1000
1000
1000
1000
1000
1000
1000
1000
1000
999.996
999.991
999.922
999.873
1000
1000
1000
1000
1000
999.946
999.486
999.493
999.066
1000
1000
1000
1000
999.959
999.63
999.688
997.689
1000
1000
1000
1000
1000
999.96
999.935
999.053
1000
1000
1000
1000
999.999
999.926
999.999
1000
1000
1000
1000
1000
1000
1000
999.999
999.999
1000
1000
1000
1000
1000
1000
1000
1000
999.999
1000
1000
999.995
999.873
999.962
999.976
999.998
999.998
1000
1000
1000
999.942
999.543
999.855
999.797
1000
1000
1000
1000
999.954
999.576
999.685
997.689
1000
1000
1000
1000
999.986
999.974
999.97
997.923
1000.01
1000
1000
1000
999.999
999.926
999.996
1000
1000
1000
1000
1000
1000
1000
1000
999.999
1000
1000
1000
1000
1000
1000
1000
1000
999.999
1000
1000
999.995
999.865
999.894
999.956
999.989
999.994
1000
1000
1000
999.918
999.709
999.866
999.928
1000
1000
1000
1000
999.972
999.597
999.656
998.168
1000
1000
1000
1000
999.975
999.87
999.964
998.279
999.998
1000
1000
1000
999.994
999.929
999.994
1000
1000
1000
1000
1000
1000
1000
1000
999.999
1000
1000
1000
1000
1000
1000
1000
1000
1000
1000
1000
1000
1000
1000
1000
1000
1000
1000
1000
1000
1000
1000
1000
1000
1000
1000
1000
1000
1000
1000
1000
1000
1000
1000
1000
1000
1000
1000
1000
1000
1000
1000
1000
1000
1000
1000
1000
1000
1000
1000
1000
1000
1000
1000
1000
1000
1000
1000
1000
1000
1000
1000
1000
1000
1000
1000
1000
1000
1000
1000
1000
1000
1000
1000
1000
1000
1000
1000
1000
1000
1000
1000
1000
1000
1000
1000
1000
1000
1000
1000
1000
1000
1000
1000
1000
1000
1000
1000
1000
1000
1000
1000
1000
1000
1000
1000
1000
1000
1000
1000
1000
1000
1000
1000
1000
1000
1000
1000
1000
1000
1000
999.999
999.999
1000
1000
1000
1000
1000
1000
1000
1000
1000
1000
1000
1000
1000
1000
1000
1000
1000
1000
1000
1000
1000
1000
1000
1000
1000
1000
1000
1000
1000
1000
1000
1000
1000
1000
1000
1000
1000
1000
1000
1000
1000
1000
1000
1000
1000
1000
1000
1000
1000
1000
1000
1000
1000
1000
999.995
999.998
1000
1000
1000
1000
1000
1000
1000
1000
1000
1000
1000
1000
1000
1000
1000
1000
1000
1000
1000
1000
1000
1000
1000
1000
1000
1000
1000
1000
1000
1000
1000
1000
1000
1000
1000
1000
1000
1000
1000
1000
1000
1000
1000
1000
1000
1000
1000
1000
1000
1000
1000
1000
1000
999.973
999.993
1000
1000
1000
1000
999.999
999.999
1000
1000
1000
1000
1000
1000
999.999
999.999
1000
1000
1000
1000
1000
1000
999.999
999.999
1000
1000
1000
1000
1000
1000
999.999
999.999
1000
1000
1000
1000
1000
1000
999.999
999.999
1000
1000
1000
1000
1000
1000
999.999
999.999
1000
1000
1000
1000
1000
1000
999.999
999.999
999.996
999.994
999.999
999.999
999.995
999.997
979.933
931.608
1000
1000
1000
999.999
999.995
999.997
978.798
930.774
1000
1000
1000
999.998
999.995
999.997
979.106
931.526
1000
1000
1000
999.998
999.995
999.997
978.352
931.406
1000
1000
1000
999.998
999.995
999.997
979.039
931.934
1000
1000
1000
999.998
999.995
999.997
979.576
929.369
1000
1000
1000
999.999
999.995
999.997
980.627
931.897
1000
1000
1000
1000
1000
1000
1000
1000
1000
1000
1000
1000
1000
1000
1000
1000
1000
1000
1000
1000
1000
1000
1000
1000
1000
1000
1000
1000
1000
1000
1000
1000
1000
1000
1000
1000
1000
1000
1000
1000
1000
1000
1000
1000
1000
1000
1000
1000
1000
1000
1000
1000
1000
1000
1000
1000
1000
1000
1000
1000
1000
1000
1000
1000
1000
1000
1000
1000
1000
1000
1000
1000
1000
1000
1000
1000
1000
1000
1000
1000
1000
1000
1000
1000
1000
1000
1000
1000
1000
1000
1000
1000
1000
1000
1000
1000
1000
1000
1000
1000
1000
1000
1000
1000
1000
1000
1000
1000
1000
1000
1000
1000
1000
1000
1000
1000
1000
1000
1000
1000
1000
1000
1000
1000
1000
1000
1000
1000
1000
1000
1000
1000
1000
1000
1000
1000
1000
1000
1000
1000
1000
1000
1000
1000
1000
1000
1000
1000
1000
1000
1000
1000
1000
1000
1000
1000
1000
1000
1000
1000
1000
1000
1000
1000
1000
1000
1000
1000
1000
1000
1000
1000
1000
1000
1000
1000
1000
1000
1000
1000
1000
1000
1000
1000
1000
1000
1000
1000
1000
1000
1000
1000
1000
1000
1000
1000
1000
1000
1000
1000
1000
1000
1000
1000
1000
1000
1000
1000
1000
1000
1000
1000
1000
1000
1000
1000
1000
1000
1000
1000
1000
1000
1000
1000
1000
1000
1000
1000
1000
1000
999.999
999.999
1000
1000
1000
1000
1000
1000
999.999
999.999
1000
1000
1000
1000
1000
1000
999.999
999.999
1000
1000
1000
1000
1000
1000
999.999
999.999
1000
1000
1000
1000
1000
1000
999.999
999.999
1000
1000
1000
1000
1000
1000
999.999
999.999
1000
1000
1000
1000
1000
1000
1000
999.999
1000
1000
1000
1000
999.996
999.996
985.341
943.661
1000
1000
1000
1000
999.997
999.996
985.218
943.044
1000
1000
1000
1000
999.998
999.996
985.917
941.81
999.993
1000
1000
1000
999.998
999.996
986.435
940.05
999.995
1000
1000
1000
999.998
999.996
986.892
941.354
1000
1000
1000
1000
999.998
999.996
987.643
943.332
1000
1000
1000
1000
999.998
999.996
988.249
945.392
1000
1000
1000
1000
1000
1000
1000
1000
1000
1000
1000
999.982
999.996
1000
1000
1000
1000
1000
1000
999.969
999.994
1000
1000
1000
1000
1000
999.999
999.999
1000
1000
1000
1000
1000
1000
999.996
999.996
1000
1000
1000
1000
1000
1000
999.998
999.975
999.993
1000
1000
1000
1000
1000
1000
999.992
999.998
1000
1000
1000
1000
1000
1000
1000
1000
1000
1000
1000
1000
1000
999.942
999.948
999.996
1000
1000
1000
1000
1000
999.949
999.941
999.992
1000
1000
1000
1000
1000
999.994
999.998
1000
1000
1000
1000
1000
999.993
999.985
999.994
1000
1000
1000
1000
1000
999.985
999.848
999.891
999.993
1000
1000
1000
1000
1000
999.953
999.963
999.997
1000
1000
1000
1000
1000
1000
1000
1000
1000
1000
1000
1000
999.927
999.723
999.962
1000
1000
1000
1000
1000
999.899
999.678
999.941
1000
1000
1000
1000
1000
999.992
999.992
999.998
1000
1000
1000
1000
999.999
999.978
999.984
999.996
1000
1000
1000
1000
1000
999.828
999.75
999.891
1000
1000
1000
1000
1000
999.923
999.846
999.959
1000
1000
1000
1000
1000
1000
1000
1000
1000
1000
1000
1000
999.948
999.423
999.692
999.995
1000
1000
1000
1000
999.96
999.392
999.58
999.987
1000
1000
1000
1000
1000
999.959
999.991
1000
1000
1000
1000
1000
1000
999.977
999.995
999.999
1000
1000
1000
1000
999.971
999.764
999.777
999.976
1000
1000
1000
1000
999.995
999.783
999.855
999.99
1000
1000
1000
1000
999.99
999.999
1000
1000
1000
1000
1000
999.999
999.946
999.393
999.839
1000
1000
1000
1000
999.999
999.857
999.392
999.785
999.999
1000
1000
999.999
999.999
999.907
999.936
999.996
1000
1000
1000
999.999
999.999
999.949
999.982
999.998
999.999
1000
1000
999.999
999.999
999.893
999.834
999.956
999.998
1000
1000
999.999
999.999
999.84
999.884
999.952
999.998
1000
1000
999.999
999.999
999.871
999.999
1000
1000
999.997
999.996
988.246
944.846
998.523
999.577
999.983
999.999
999.996
999.996
988.26
945.095
998.412
999.466
999.972
999.998
999.995
999.997
987.034
949.408
999.533
999.963
999.996
999.999
999.995
999.997
985.289
946.76
999.826
999.982
999.998
999.998
999.995
999.997
983.008
939.622
999.565
999.972
999.973
999.997
999.995
999.997
980.594
934.743
999.569
999.976
999.972
999.997
999.995
999.997
979.338
930.429
1000
1000
1000
1000
1000
1000
1000
1000
1000
1000
1000
1000
1000
1000
1000
1000
1000
1000
1000
1000
1000
1000
1000
1000
1000
1000
1000
1000
1000
1000
1000
1000
1000
1000
1000
1000
1000
1000
1000
1000
1000
1000
1000
1000
1000
1000
1000
1000
1000
1000
1000
1000
1000
1000
1000
1000
1000
1000
1000
1000
1000
1000
1000
1000
1000
1000
1000
1000
1000
1000
1000
1000
1000
1000
1000
1000
1000
1000
1000
1000
1000
1000
1000
1000
1000
1000
1000
1000
1000
1000
1000
1000
1000
1000
1000
1000
1000
1000
1000
1000
1000
1000
1000
1000
1000
1000
1000
1000
1000
1000
1000
1000
1000
1000
1000
1000
1000
1000
1000
1000
1000
1000
1000
1000
1000
1000
1000
1000
1000
1000
1000
1000
1000
1000
1000
1000
1000
1000
1000
1000
1000
1000
1000
1000
1000
1000
1000
1000
1000
1000
1000
1000
1000
1000
1000
1000
1000
1000
1000
1000
1000
1000
1000
1000
1000
1000
1000
1000
1000
1000
1000
1000
1000
1000
1000
1000
1000
1000
1000
1000
1000
1000
1000
1000
1000
1000
1000
1000
1000
1000
1000
1000
1000
1000
1000
1000
1000
1000
1000
1000
1000
1000
1000
1000
1000
1000
1000
1000
1000
1000
1000
1000
1000
1000
1000
1000
1000
1000
1000
1000
1000
1000
1000
1000
1000
1000
1000
1000
1000
1000
999.999
999.999
1000
1000
1000
1000
1000
1000
999.999
999.999
1000
1000
1000
1000
1000
1000
999.999
999.999
1000
1000
1000
1000
1000
1000
999.999
999.999
1000
1000
1000
1000
1000
1000
999.999
999.999
1000
1000
1000
1000
1000
1000
999.999
999.999
1000
1000
1000
1000
1000
1000
999.999
999.999
1000
1000
1000
999.999
999.995
999.997
980.895
934.899
1000
1000
1000
999.999
999.996
999.997
981.379
933.151
1000
1000
1000
1000
999.995
999.997
982.206
935.845
1000
1000
1000
1000
999.995
999.997
983.225
938.059
1000
1000
1000
1000
999.995
999.997
984.148
939.686
1000
1000
1000
1000
999.995
999.997
985.362
939.294
1000
1000
1000
1000
999.996
999.996
985.983
943.096
1000
1000
1000
1000
1000
1000
1000
1000
1000
1000
1000
1000
1000
1000
1000
1000
1000
1000
1000
1000
1000
1000
1000
1000
1000
1000
1000
1000
1000
1000
1000
1000
1000
1000
1000
1000
1000
1000
1000
1000
1000
1000
999.998
1000
1000
1000
1000
1000
1000
1000
1000
1000
1000
1000
1000
1000
1000
1000
1000
1000
1000
1000
1000
1000
1000
1000
1000
1000
1000
1000
1000
1000
1000
1000
999.745
1000
1000
1000
1000
1000
1000
1000
999.878
1000
1000
1000
1000
1000
1000
1000
999.944
1000
1000
1000
1000
1000
1000
1000
999.825
1000
1000
1000
1000
1000
1000
1000
999.795
1000
1000
1000
1000
1000
1000
1000
999.648
1000
1000
1000
1000
1000
1000
1000
999.999
1000
1000
1000
1000
1000
1000
996.216
999.219
1000
1000
1000
1000
1000
1000
997.255
999.698
1000
1000
1000
1000
1000
1000
997.904
999.836
1000
1000
1000
1000
1000
1000
995.843
999.626
1000
1000
1000
1000
1000
1000
996.38
999.45
1000
1000
1000
1000
1000
1000
996.906
999.114
1000
1000
1000
1000
1000
997.932
1000
1000
1000
1000
1000
999.724
1000
996.263
988.383
999.525
1000
1000
1000
999.58
999.994
993.976
989.209
999.828
1000
1000
1000
999.571
999.914
990.476
991.864
999.836
1000
1000
1000
999.496
999.894
988.945
988.551
999.828
1000
1000
1000
999.386
999.315
988.152
984.508
999.816
1000
1000
1000
998.767
998.968
989.194
981.262
999.389
996.142
992.302
983.012
975.665
975.487
967.364
994.821
993.172
998.517
996.48
978.299
969.398
973.915
962.221
991.61
994.549
999.77
998.283
976.831
971.951
967.945
955.888
991.831
991.845
1000
998.618
976.805
972.002
965.05
952.851
991.864
991.736
1000
998.986
979.825
969.802
964.52
955.092
991.829
990.41
999.937
1000
985.892
968.041
972.773
961.984
987.209
991.952
998.837
1000
985.643
973.638
971.68
956.762
981.552
995.685
876.672
852.205
880.096
927.089
935.462
953.293
928.549
919.745
890.621
848.73
887.892
952.615
927.842
943.156
954.674
918.616
901.557
857.944
897.289
957.706
930.535
943.183
958.561
919.183
906.422
857.463
901.467
956.484
933.03
948.307
957.939
918.566
912.503
871.271
893.626
952.844
936.743
953.947
961.136
920.379
905.886
907.792
870.733
956.127
967.074
958.529
948.658
927.073
898.411
904.141
881.395
967.891
964.08
955.434
959.54
926.601
1000
1000
1000
1000
1000
1000
1000
1000
1000
1000
1000
1000
1000
1000
1000
1000
1000
1000
1000
1000
1000
1000
1000
1000
1000
1000
1000
1000
1000
1000
1000
1000
1000
1000
1000
1000
1000
1000
1000
1000
1000
1000
1000
1000
1000
1000
1000
1000
1000
1000
1000
1000
1000
1000
1000
1000
1000
1000
1000
1000
1000
1000
1000
1000
1000
1000
1000
1000
1000
1000
1000
1000
1000
1000
1000
1000
1000
1000
1000
1000
1000
1000
1000
1000
1000
1000
1000
1000
1000
1000
1000
1000
1000
1000
1000
1000
1000
1000
1000
1000
1000
1000
1000
1000
1000
1000
1000
1000
1000
1000
1000
1000
1000
1000
1000
1000
1000
1000
1000
1000
1000
1000
1000
1000
1000
1000
1000
1000
1000
1000
1000
1000
1000
1000
1000
1000
1000
1000
1000
1000
1000
1000
1000
1000
1000
1000
1000
1000
1000
1000
1000
1000
1000
1000
1000
1000
1000
1000
1000
1000
1000
1000
1000
1000
1000
1000
1000
1000
1000
1000
1000
1000
1000
998.389
1000
1000
1000
1000
1000
1000
1000
999.666
1000
1000
1000
1000
1000
1000
1000
1000
1000
1000
1000
1000
1000
1000
1000
1000
1000
1000
1000
1000
1000
1000
1000
1000
1000
1000
1000
1000
1000
1000
1000
1000
1000
1000
1000
1000
1000
1000
1000
1000
1000
1000
997.158
996.678
992.097
975.369
977.231
973.237
993.037
997.08
997.716
995.82
993.452
979.353
978.12
977.161
994.559
997.726
998.144
997.277
993.214
981.065
987.566
981.122
993.181
998.848
998.839
997.782
990.976
987.037
990.543
979.422
993.851
999.263
999.266
997.403
988.987
990.392
991.842
978.217
993.709
999.476
999.321
996.635
986.454
991.819
992.638
976.778
992.772
999.497
999.219
995.821
984.12
992.679
992.634
975.508
992.657
999.426
883.25
898.85
873.46
916.002
953.133
956.75
923.601
914.703
886.03
894.962
882.912
906.156
946.596
951.703
925.153
916.985
886.137
899.525
879.597
923.751
946.395
946.189
924.885
919.617
886.532
894.007
883.26
931.34
939.572
946.586
928.202
922.196
887.384
884.987
887.521
934.987
936.522
947.854
930.817
924.048
888.01
874.552
888.621
936.538
934.734
948.825
933.178
924.929
889.232
865.874
890.329
937.197
930.967
949.822
934.224
925.098
1000
1000
1000
1000
1000
1000
1000
1000
1000
1000
1000
1000
1000
1000
1000
1000
1000
1000
1000
1000
1000
1000
1000
1000
1000
1000
1000
1000
1000
1000
1000
1000
1000
1000
1000
1000
1000
1000
1000
1000
1000
1000
1000
1000
1000
1000
1000
1000
1000
1000
1000
1000
1000
1000
1000
1000
1000
1000
1000
1000
1000
1000
1000
1000
1000
1000
1000
1000
1000
1000
1000
1000
1000
1000
1000
1000
1000
1000
1000
1000
1000
1000
1000
1000
1000
1000
1000
1000
1000
1000
1000
1000
1000
1000
1000
1000
1000
1000
1000
1000
1000
1000
1000
1000
1000
1000
1000
1000
1000
1000
1000
1000
1000
1000
1000
1000
1000
1000
1000
1000
1000
1000
1000
1000
1000
1000
1000
1000
1000
1000
1000
1000
1000
1000
1000
1000
1000
1000
1000
1000
1000
1000
1000
1000
1000
1000
1000
1000
1000
1000
1000
1000
1000
1000
1000
1000
1000
1000
1000
1000
1000
1000
1000
1000
1000
1000
1000
1000
1000
1000
1000
1000
1000
999.584
1000
1000
1000
1000
1000
1000
1000
999.399
1000
1000
1000
1000
1000
1000
1000
999.736
1000
1000
1000
1000
1000
1000
1000
998.461
1000
1000
1000
1000
1000
1000
1000
999.452
1000
1000
1000
1000
1000
1000
1000
1000
1000
1000
1000
1000
1000
1000
1000
1000
1000
1000
998.887
994.616
982.663
991.818
991.641
973.082
991.629
999.09
998.052
992.534
984.046
987.25
990.438
972.327
990.53
998.582
994.43
984.754
988.574
978.019
983.163
974.644
989.66
997.822
993.23
987.971
988.448
980.354
981.938
970.138
992.118
997.009
995.945
992.312
986.469
977.819
979.131
972.133
998.254
996.06
997.083
994.035
988.27
972.918
979.326
976.028
995.109
996.282
996.87
992.257
987.665
971.589
976.083
976.532
998.284
995.899
887.495
861.191
889.374
934.137
932.869
950.569
934.009
924.657
882.078
861.254
883.1
925.076
946.326
949.064
930.518
925.095
867.558
867.651
881.481
909.038
965.336
948.741
927.753
923.396
867.319
873.749
873.925
920.883
957.777
950.14
926.156
922.903
874.288
860.232
874.261
924.541
931.17
947.299
926.477
920.402
879.665
853.364
875.339
929.246
928.595
936.323
933.698
919.852
876.82
851.463
872.541
928.257
925.952
936.552
929.951
919.129
1000
1000
1000
1000
1000
1000
1000
1000
1000
1000
999.974
1000
1000
1000
1000
1000
1000
1000
1000
1000
1000
1000
1000
1000
1000
1000
1000
1000
1000
1000
1000
1000
1000
1000
999.997
1000
1000
1000
1000
1000
1000
1000
1000
1000
1000
1000
1000
1000
1000
1000
1000
1000
1000
1000
1000
1000
1000
1000
1000
1000
1000
1000
1000
1000
1000
1000
999.262
1000
1000
1000
1000
1000
1000
1000
999.873
1000
1000
1000
1000
1000
1000
1000
999.951
1000
1000
1000
1000
1000
1000
1000
999.967
1000
1000
1000
1000
1000
1000
1000
999.998
1000
1000
1000
1000
1000
1000
1000
1000
1000
1000
1000
1000
1000
1000
1000
1000
1000
1000
1000
1000
1000
1000
993.16
998.612
1000
1000
1000
1000
1000
1000
998.341
999.507
1000
1000
1000
1000
1000
1000
999.856
999.896
1000
1000
1000
1000
1000
1000
999.973
999.953
1000
1000
1000
1000
1000
1000
1000
999.996
1000
1000
1000
1000
1000
1000
1000
1000
1000
1000
1000
1000
1000
1000
1000
1000
1000
1000
1000
998.294
999.425
987.661
981.261
999.044
1000
1000
1000
999.28
999.319
991.028
983.762
999.669
1000
1000
1000
999.805
998.817
993.482
989.437
999.986
1000
1000
1000
999.941
998.597
993.709
991.929
999.993
1000
1000
1000
999.754
998.144
993.924
996.611
999.998
1000
1000
1000
999.827
997.906
995.258
998.249
1000
1000
1000
1000
1000
999.318
996.712
999.893
1000
999.065
1000
989.007
969.327
974.266
957.773
984.701
996.763
1000
1000
984.76
972.938
975.185
951.322
981.969
995.269
1000
999.97
981.897
976.291
974.968
948.817
981.727
994.523
999.765
999.093
981.604
977.181
976.482
948.744
982.873
994.05
999.069
998.413
980.308
975.063
982.243
949.369
980.599
995.641
998.567
998.499
981.649
978.978
986.434
945.771
978.965
997.886
997.594
998.06
989.602
976.553
983.42
960.6
985.785
997.58
900.179
910.921
879.709
964.096
962.877
960.737
960.953
928.049
907.57
906.625
878.167
964.703
965.03
956.452
958.788
925.458
905.89
894.556
876.764
963.545
969.861
947.87
951.02
923.917
901.9
892.348
873.169
960.997
973.406
946.086
945.588
921.402
897.233
887.66
871.095
966.336
982.014
943.492
937.324
918.332
892.564
889.245
871.282
971.456
986.415
936.376
933.678
918.166
885.318
903.617
862.253
938.901
975.144
950.087
924.851
913.227
990.789
975.088
969.199
994.754
1000
1000
1000
830.009
732.367
779.765
861.96
968.059
1000
1000
545.441
416.576
596.391
669.171
902.627
999.998
1000
442.503
417.232
498.326
817.041
910.6
999.998
1000
516.175
643.115
642.396
637.113
860.422
999.997
1000
697.754
555.658
556.057
757.886
933.491
999.999
1000
959.364
909.017
905.186
956.179
998.522
1000
1000
960.312
967.256
959.699
975.851
998.172
1000
1000
870.748
845.721
800.24
852.029
923.558
999.994
1000
774.395
485.19
610.379
790.527
881.32
994.487
999.999
675.582
574.869
706.971
823.368
864.569
989.448
999.999
661.137
466.356
462.197
717.944
838.031
986.308
999.998
748.353
618.56
607.151
775.157
880.247
995.257
999.999
935.017
896.748
886.147
919.06
977.221
999.999
1000
546.303
634.228
617.759
576.906
675.47
927.843
1000.01
431.157
615.296
557.633
429.312
467.439
748.04
997.042
707.505
558.817
388.194
546.847
450.42
659.549
973.896
727.861
730.199
728.872
443.93
393.04
655.044
974.718
591.194
363.919
364.285
533.727
435.784
660.828
977.489
474.5
461.796
458.028
423.228
461.346
750.263
998.777
557.44
593.206
561.338
535.956
652.923
928.295
1000.01
143.529
208.097
189.805
168.901
220.26
564.396
967.338
124.544
150.29
142.714
109.534
134.237
264.559
819.511
449.441
518.261
372.346
164.36
137.879
223.532
770.453
671.225
729.577
691.467
250.832
154.429
259.361
822.633
394.133
369.615
371.369
188.059
159.461
235.142
772.315
181.25
184.312
165.936
135.892
146.507
277.104
820.017
196.517
227.467
212.825
182.829
221.172
550.292
958.285
377.742
254.881
225.868
240.838
295.74
492.146
558.193
95.8821
73.8758
92.1802
96.783
147.709
371.169
622.813
121.287
194.684
180.961
58.8156
127.172
357.367
660.972
222.87
363.121
262.926
102.892
173.682
415.161
671.407
137.956
220.07
216.669
65.8986
165.955
416.57
667.207
158.844
173.135
168.772
123.954
126.515
304.619
557.047
433.781
385.029
292.396
280.819
237.711
231.088
354.157
6.70003
10.0955
11.4769
5.4813
0.999578
0.999996
1
48.5357
41.7909
45.9188
42.2764
14.0746
0.999716
0.999998
63.1013
44.9587
49.0742
56.0697
32.864
0.994259
0.999986
53.0962
34.7303
33.7056
47.2939
36.2087
1.85176
0.999975
63.4979
48.0646
52.0644
56.8139
32.5444
0.993875
0.999983
58.1754
54.0149
55.9812
50.0697
18.8922
0.999367
0.999996
21.3221
24.1567
23.5016
11.2913
0.998683
1.00004
1.00003
1
1
1
1
1
1
1
1
1
1
1
1
1
1
1
1
1
1
1
1
1
1
1
1
1
1
1
1
1
1
1
1
1
1
1
1
1
1
1
1
0.999999
1
1
1
1
1
0.999993
0.999999
1
1
1
1
1
1.00002
1.00002
1.00001
1
1
1
1
1
1
1
1
1
1
1
1
1
1
1
1
1
1
1
1
1
1
1
1
1
1
1
1
1
1
1
1
1
1
1
1
1
1
1
1.00031
1.00185
1.00106
1
1
1
1
1.00001
1.00001
1
1
1
1
1
1
1
1
1
1
1
1
1
1
1
1
1
1
1
1
1
1
1
1
1
1
1
1
1
1
1
1
1
1
1
1
1
1
1
1
1
1
1.00021
1
1
1
1
1
1
1
1
1
1
1
1
1
1
1
1
1
1
1
1
1
1
1
1
1
1
1
1
1
1
1
1
1
1
1
1
1
1
1
1
1
1
1
1
1
1
1
1
1
1000
1000
1000
999.985
1000
999.866
999.614
999.593
1000
1000
1000
1000
1000
1000
1000
1000
1000
1000
1000
1000
1000
1000
1000
1000
1000
1000
1000
1000
1000
1000
1000
1000
1000
1000
1000
1000
1000
1000
1000
1000
1000
1000
1000
1000
1000
1000
1000
1000
1000
1000
1000
1000
999.998
999.977
999.986
1000
1000
1000
1000
1000
1000
1000
999.977
999.947
1000
1000
1000
1000
1000
1000
1000
1000
1000
1000
1000
1000
1000
1000
1000
1000
1000
1000
1000
1000
1000
1000
1000
1000
1000
1000
1000
1000
1000
1000
1000
1000
1000
1000
1000
1000
1000
1000
1000
1000
1000
1000
1000
1000
1000
1000
999.999
1000
1000
1000
1000
997.367
964.512
959.478
991.824
987.537
1000
1000
1000
999.289
996.14
999.347
993.598
947.838
1000
1000
1000
1000
1000
999.869
983.948
919.03
1000
1000
1000
1000
1000
999.714
980.156
884.669
1000
1000
1000
1000
1000
999.706
987.564
920.767
999.999
1000
1000
1000
1000
999.5
982.612
934.205
1000
1000
1000
1000
1000
998.858
989.506
947.648
982.029
968.181
956.703
697.762
117.815
145.636
587.294
518.874
999.717
986.115
943.339
642.156
432.716
588.507
524.315
164.882
999.204
986.524
932.447
739.384
655.205
613.977
353.554
7.672
999.242
987.468
934.229
782.6
702.307
610.015
256.479
0.787096
999.285
985.147
937.899
785.521
678.12
609.206
351.953
12.6296
999.763
982.191
940.41
823.838
681.445
590.131
394.911
41.8188
988.941
967.638
928.061
848.736
704.344
570.936
435.052
153.022
347.77
25.4974
0.98268
0.98252
0.999985
1.00214
1.00067
1.00029
482.95
116.897
0.88241
0.997435
1.00003
1.00018
1.00047
1.00019
551.318
172.9
0.867757
0.998094
0.999976
1
1
1.02783
564.937
189.905
0.870363
0.998238
0.999976
1
1
1.03729
554.331
182.999
0.851621
0.998004
0.999998
1.00005
1.00002
2.87761
489.203
211.5
0.792346
0.99655
1.00036
1.00408
1.00217
1.69099
338.28
155.67
0.833325
0.995904
1.00137
1.00835
1.00618
1.00673
1
1
0.999996
1
0.999985
1.00505
1.02386
1.01327
1
1
0.999973
1
1
1
1.00144
1.00034
1
1
0.999959
1
1
1
1
1
1
1
0.999949
1
1
1
1
1
1
1.00001
1.00002
1
1
0.999999
1
1
1
1.00001
1.00025
1.00003
1.00002
1.00818
1.00505
1
1.00001
1.00012
1.00029
1.00015
1.00016
1.02031
1.05994
1.01903
1
1
1
1
1.00331
1.07506
1.08994
1.08994
1
1
1
1.00002
1.00277
1.01168
1.01082
1.00254
1
1
1.00001
1.00003
1.00005
1
1
1
1
1
1.00016
1.00032
1.00008
1
1
1.00001
1
1
1.00076
1.00177
1.001
1.00108
1.00053
1
1
1
1.00058
1.00652
1.01961
1.0594
1.01913
1.00749
1
1.0002
1.00071
1.00364
1.07447
1.15459
1.15456
1.15236
1
1
1
1
0.999999
1.00722
1.08246
1.08946
1
1
1
1.00026
1.00093
1.00082
1.00048
1.00049
1
1.00002
1.00005
1.00006
1.00001
1.00001
1
1
1
1.0001
1.00042
1.00067
1.00037
1
1
1
0.999999
1.00048
1.00228
1.0017
1.00024
1.0002
1
1
1
1.00001
1.00635
1.01804
1.00944
1.0021
1.00672
1.00909
1.00001
1.00001
1.00008
1.01851
1.13243
1.15475
1.15448
1.15363
1
1
1
1
1
1
1
1.00447
1
1
1
1
1
1.00002
1.00112
1.00136
1
1
1.00003
1.00005
1.00004
1.00002
1
1.00001
1
1
1
1.00075
1.00203
1.00073
1.00025
1.00013
1
1
1
1.0004
1.00368
1.00374
1.00001
1.00024
1
1.00012
1.00025
1.00006
1.00031
1.00096
1.0032
1.004
1.00055
1
1.00014
1.00014
1.00001
1.00001
1.0002
1.00387
1
1
1
1
1
1
1.00012
1.00209
1
1
1
1
1
1
1.0015
1.00408
1
1
1
1
1
1
1
1.00011
1
1
1
1
1.00022
1.0038
1.00461
1.00461
1
1
1
1
1.00157
1.0046
1.00461
1.00461
1
1
1
1.00002
1.00282
1.00459
1.0046
1.00447
1
1
1
1.00007
1.00311
1.00457
1.00458
1.0022
999.996
1000
1000
1000
1000
1000
1000
1000
950.944
999.997
1000
1000
1000
1000
1000
1000
814.3
998.795
1000
1000
1000
999.998
999.977
999.988
817.648
996.495
999.999
1000
1000
1000
999.974
999.995
861.587
999.993
1000
1000
1000
1000
999.973
999.995
965.548
999.998
1000
1000
1000
1000
999.999
999.999
999.998
1000
1000
1000
1000
1000
1000
1000
997.471
999.999
1000
1000
1000
1000
1000
1000
939.395
999.993
1000
1000
1000
1000
1000
1000
880.097
999.964
1000
1000
1000
1000
999.993
1000
953.334
999.987
1000
1000
1000
1000
1000
1000
938.456
999.968
1000
1000
1000
1000
999.998
1000
938.785
999.992
1000
1000
1000
1000
1000
1000
992.466
999.998
1000
1000
1000
1000
1000
1000
834.164
996.213
1000
1000
1000
1000
1000
1000
630.033
832.907
996.75
1000
1000
1000
1000
1000
562.687
648.863
902.737
1000.02
1000
1000
999.999
1000
548.97
585.79
841.153
1000.03
1000
1000
1000
1000
495.577
611.78
892.587
1000.02
1000
1000
999.999
1000
555.861
774.398
989.147
1000
1000
1000
1000
1000
781.839
977.644
1000.01
1000
1000
1000
1000.01
1000
407.674
842.577
999.731
984.319
982.872
979.159
935.638
847.961
212.601
393.066
885.285
999.779
999.987
989.125
941.321
851.326
215.749
236.676
606.293
991.398
999.894
988.4
966.332
903.97
243.509
225.39
487.623
962.673
999.847
992.611
982.637
863.84
195.023
213.996
580.169
988.232
999.879
989.822
976.422
880.839
181.977
364.372
868.121
999.555
999.937
985.16
937.073
872.05
409.41
857.25
999.246
986.051
983.222
971.279
919.722
833.791
397.246
249.033
95.8396
101.153
305.426
334.182
95.7796
0.914456
204.367
342.043
480.737
669.565
675.588
413.876
9.94763
0.976752
202.2
417.665
683.053
786.789
728.66
388.58
2.2622
0.980201
196.136
413.852
674.986
796.192
746.935
422.315
7.29937
0.970356
199.348
437.357
688.464
784.209
728.337
396.699
3.68191
0.9744
183.225
363.684
517.011
679.981
664.283
382.075
4.4573
0.983454
389.41
244.6
102.447
128.114
298.246
264.821
38.5871
0.973989
2.33431
0.999776
1.00001
1.00001
1
1
1
1
40.2606
2.07893
0.999946
0.999999
1
1
1
1
53.4752
12.6827
0.999594
0.999995
1
1
1
1
54.418
19.7905
0.99907
0.999992
1
1
1
1
51.1148
10.6455
0.999723
0.999997
1
1
1
0.999997
30.6624
0.997614
0.999983
1
1
1
1
1
0.998719
0.999973
1
1
1
1
1
1
1
0.999999
1
1
1
1
1
1
1
1
1
1
1
1
1
1
1
1
1
1
1
1
1
1
1
1
1
1
1
1
1
1.00021
1
1
1
1
1
1
1
1.00021
1
1
1
1
1
1
1
1
1
1
1
1
1
1
1
1
1
1.00022
1.00051
1.00019
1.00002
1.00002
1
1
1
1.00001
1.00001
1
1
1
1
1
1
1
1
1
1
1
0.999999
1
1
1
1
1
1
1
1.00012
1.00038
1
1
1
1
1
1
1
1.00068
1
1
1
1
1
1
1
1
1
1.00002
1.00001
1
1
1
1
0.999999
1
1.0001
1.00056
1.00036
1.00017
1.00017
1.00001
1.00001
1
1.00002
1.00001
1
1.00001
1
1
1
1
1
1
1
1
1
1
1
1
1
1
1
1
1
1
1
1
1
1
1
1
1
1
1
1
1
1
1
1
1
1
1
1
1.00002
1.00002
1
1
1
1
1
1
1
1
1
1.00017
1.00025
1.00005
1.00005
1
1
1
1.00001
1.00001
1
1
1
1
1
1
1
1
1
1
1
1
1
1
1
1
1
1
1
1
1
1
1
1
1
1
1
1
1
1
1
1
1
1
1
1
1
1
1
1
1
1
1
999.999
1000
1000
1000
1000
1000
1000
999.941
999.998
1000
1000
1000
999.997
1000
999.564
999.246
999.998
1000
1000
1000
999.961
1000
999.795
998.074
1000
1000
999.992
999.998
1000
999.992
1000
999.815
1000
1000
999.999
999.999
999.92
999.994
998.846
999.291
1000
1000
1000
999.981
999.999
999.972
999.589
998.525
1000
1000
1000
999.969
1000
999.725
999.673
999.487
999.991
1000
1000
1000
1000
1000
1000
1000
999.996
1000
1000
1000
1000
1000
1000
999.988
999.997
1000
1000
1000
1000
1000
1000
999.94
999.998
1000
1000
1000
1000
1000
1000
1000
1000
1000
1000
1000
1000
1000
999.996
999.989
1000
1000
1000
1000
1000
999.999
999.999
999.987
1000
1000
1000
1000
1000
999.994
999.995
999.966
877.525
1000.02
1000
1000
1000
1000
1000
1000
868.254
1000.01
1000
1000
1000
1000
999.995
999.791
854.841
1000.02
1000
1000
999.999
1000
999.997
999.816
880.583
1000.01
1000
1000
1000
1000
1000
999.552
965.719
1000.01
1000
1000
999.998
1000
999.916
993.286
1000.01
1000
1000
1000
999.514
998.063
998.959
988.531
1000
1000
1000
998.389
974.919
970.535
994.941
988.056
501.479
961.995
999.798
989.824
977.556
946.294
884.12
764.556
602.102
989.727
999.808
996.582
972.773
920.443
808.877
653.701
561.512
982.593
999.874
992.632
951.842
850.395
742.122
629.377
577.11
984.13
999.873
979.79
907.869
775.535
702.601
549.163
744.656
998.91
990.926
954.872
842.844
684.408
621.379
471.24
963.161
987.065
964.524
884.597
658.626
500.837
532.361
432.544
981.505
974.001
965.629
715.523
163.161
185.321
605.883
524.118
525.275
400.33
124.132
171.035
216.578
96.4414
0.913217
0.998017
497.733
474.904
490.513
443.873
165.709
0.838582
0.996396
1.00008
470.279
696.723
663.189
389.586
13.535
0.986548
0.999777
0.999995
550.574
725.193
588.574
167.981
0.866024
0.997924
0.999964
1
607.565
633.535
424.503
29.5504
0.977857
0.999703
1.00018
1.0006
493.352
415.635
162.682
0.845034
0.994372
1.00002
1.0008
1.00061
343.964
110.573
0.896005
0.965456
0.999355
1.00013
1.00058
1.0002
1.61135
0.999965
1
1
1
1
1
1
0.997259
0.999989
1
1
1
1
0.999998
0.999999
0.998921
0.999996
1
1
1
0.999996
1
1
0.999901
1
1
1
0.999992
1
1
1
0.999999
1
1
1
1
1
1
1.00094
1
1
1
1
1.00001
1.00001
1.00054
1.00376
1
1.00001
1.00001
1
0.999992
1.00004
1.00076
1.00036
1
1
1
1
1
1
1
0.999989
0.999999
1
1
1
1
1
1.00016
1.00772
0.999999
1
1
1
1
1
1
1
1
1
1
1
1
1.00002
1.00002
1.00018
1
1
1
1
1
1.0005
1.01102
1.0161
1
1
1
1
1.00003
1.00424
1.02855
1.02852
1
1.00001
1.00002
1
1.00188
1.00831
1.00848
1.00198
1.00001
1.00004
1.00003
1
1
1
1
1.00001
1.00002
1.00001
1
1
1
1
1.00218
1.00951
1.00002
1.00004
1.00001
1
1
1
1
1
1.00003
1.00005
1.00003
1.00001
1.00002
1.00002
1
1
1.00007
1.00001
1
1
1
1.00202
1.00963
1.01125
1.00009
1.00007
1
1
1
1.0091
1.02862
1.02855
1.00009
1.00009
1.00002
1
1
1.00292
1.00719
1.00745
1.00002
1.00004
1.00003
1.00001
1
1
1
1
1.00002
1.00001
1
1
1
1
1
1
1.00002
1.00004
1.00002
1
1
1
1.00001
1.00002
1.00004
1.00005
1.00005
1.00002
1
1
1
1
1.00008
1.00003
1
1
1
1
1
1
1.00009
1.00009
1.00005
1
1
1
1
1.00009
1.00008
1.00009
1.00009
1.00004
1
1
1
1
1
1
1
1
1
1
1
1
1
1
1
1
1
1
1
1
1
1
1
1.00001
1
1
1
1
1
1
1.00001
1.00002
1.00001
1
1
1
1
1
1.00001
1
1
1
1
1
1
1.00003
1.00006
1.00001
1
1
1
1
1
1.00004
1.00009
1.00009
1.00003
1
1.00003
1.00005
1000
1000
1000
1000
999.979
999.944
999.836
999.954
999.994
1000
1000
1000
999.978
999.991
999.764
999.839
1000
1000
1000
1000
1000
999.965
999.695
999.535
999.999
1000
1000
1000
999.994
999.979
999.908
999.434
999.997
1000
1000
1000
1000
999.967
999.963
999.98
999.995
1000
1000
1000
1000
1000
999.999
999.999
999.996
1000
1000
1000
1000
1000
1000
1000
1000
1000
1000
1000
1000
999.999
1000
999.975
1000
1000
1000
1000
1000
1000
1000
999.982
999.999
1000
1000
1000
1000
1000
999.954
999.978
999.996
1000
1000
1000
1000
1000
999.987
999.995
998.532
1000
1000
1000
999.999
1000
1000
1000
999.983
1000
1000
1000
1000
1000
1000
1000
999.991
1000
1000
1000
1000
1000
1000
1000
1000
1000
1000
1000
1000
999.291
989.603
946.436
1000.01
1000
1000
1000
1000
997.909
988.445
970.466
960.918
1000
1000
1000
1000
1000
999.905
994.718
860.683
1000.01
1000
1000
1000
1000
999.992
999.592
824.376
999.988
1000
1000
1000
1000
1000
999.906
858.91
1000
1000
1000
1000
1000
1000.01
1000
890.884
1000.03
1000
1000
1000
1000
1000
1000
978.507
959.198
918.965
842.583
729.134
599.554
445.91
154.429
958.915
983.142
969.08
938.973
852.087
629.444
435.324
293.033
730.576
998.47
993.898
969.91
894.149
741.301
643.961
501.459
595.37
989.364
999.793
988.878
937.446
819.553
728.093
599.439
588.603
989.268
999.863
996.839
967.368
887.932
780.249
673.218
592.434
991.74
999.867
996.496
983.635
937.412
842.443
707.556
463.445
945.116
999.844
986.299
980.589
960.345
904.41
794.05
206.295
43.876
0.945693
0.998476
1.00213
1.00824
1.00673
1.0041
189.122
214.742
180.822
25.5097
0.989674
1.00077
1.00579
1.00145
397.123
513.855
431.388
136.483
0.898859
0.998412
1.0001
1.00013
487.617
627.537
552.268
306.67
4.52496
0.992829
0.999875
1
423.158
491.06
564.108
454.214
127.237
0.905499
0.998383
1
454.232
306.9
265.201
378.864
290.7
33.6554
0.9787
0.999726
495.052
391.509
84.7366
78.0593
248.206
190.323
9.66869
0.99249
1.00033
1.00026
1.00001
1.00012
1.00039
1.0186
1.07346
1.02255
1.00082
1.00034
1.00029
1.0002
0.999973
1.00003
1.02124
1.01696
1.00004
1.00009
1.0002
1.0001
1.00007
1
0.999998
1
0.999548
1.00001
1.00006
1.00009
1.00001
0.999997
1.00001
1.00001
0.995562
0.999988
1.00006
1.00018
1.00002
0.999995
1.00001
1.00001
0.987908
0.999918
1.00005
1.00021
1.00004
1.00001
1.00001
0.999998
2.09864
0.999655
1.00005
1.00008
1.00003
1.00001
1
1
1.00344
1.0073
1.00943
1.02041
1.10221
1.15459
1.15441
1.04894
1.00284
1.00757
1.00308
1.0037
1.01822
1.05118
1.14938
1.0442
1
1.00002
1.00045
1.00083
1.00054
1.00116
1.00779
1.01112
1
1
1.00001
1.00159
1.00111
1.0001
1.00001
1.00001
1
1
1.00001
1.0008
1.00096
1.00017
1.00006
1.00038
1
1
1.00001
1.00025
1.00095
1.0002
1.00003
1.00845
1
1
1.00001
1.00003
1.00076
1.0003
1
1
1.00879
1.00874
1.0044
1.0843
1.13941
1.13603
1.00535
1.00005
1.00882
1.00686
1.00125
1.0232
1.06948
1.02712
1.00023
1.00021
1.00166
1.00272
1.00111
1.00035
1.00065
1.00102
1.00056
1.00029
1
1.00024
1.00187
1.00219
1.00125
1.0002
1.00008
1.00001
1
1.00026
1.0019
1.00224
1.00102
1.00001
1.00001
1.00001
1
1.0002
1.00168
1.00224
1.00073
1.00002
1.00001
1.01509
1
1.00025
1.0018
1.00219
1.00081
1.00001
1.00001
1.00004
1.00303
1.00894
1.00891
1.00148
1.00001
1.00001
1.00001
1.00006
1.00072
1.00394
1.00397
1.00001
1.00001
1.00002
1.00024
1.0002
1.00005
1.00041
1.0007
1.00025
1.00142
1.00284
1.00228
1.00018
1
1
1.00013
1.00147
1.00272
1.00281
1.00166
1.00016
1
1
1.00062
1.00225
1.00269
1.00081
1.00001
1.00004
1
1
1.00065
1.00227
1.00257
1.00058
1.00001
1
1
1
1.00076
1.00221
1.00248
1.00105
1.00031
1.00009
1
1
1
1
1.00005
1.0001
1.00004
1
1
1
1
1
1.00052
1.00253
1.00301
1.00148
1
1
1
1
1.00072
1.00285
1.00303
1.00258
1
1
1
1
1
1.00162
1.00305
1.00304
1
1
1
1
1.00065
1.00167
1.00081
1
1
1
1
1
1.0006
1.00167
1.0013
1
1
1
1
1
1.00011
1.00156
1.00156
1.00086
999.88
1000
1000
1000
1000
1000
999.999
999.93
999.999
999.992
999.313
999.319
999.999
999.999
943.43
883.653
753.571
666.382
724.722
864.045
909.511
108.728
1.13073
1.20202
1.15017
1.28926
1.7118
1.63558
1.0002
1.0908
1.33639
1.43638
4.76263
7.32359
2.12947
1.00067
1
1
1
1
1
1.00004
1.05376
1.0011
1
1.00001
1.00003
1.01143
1.023
1.08897
1.00057
1
1
1
1.00794
1.09904
1.01167
1
1
1.00001
1.00005
1.00046
1.01051
1.00321
1.00408
1.00123
1.00461
1.00461
1.00098
1.00152
1000
1000
999.991
999.902
999.996
999.997
1000
1000
1000
1000
1000
1000
1000
1000
999.999
1000
991.766
986.959
985.026
1000
1000
742.383
741.838
611.404
471.173
493.876
758.487
737.8
0.999894
1.00012
0.99998
0.999806
0.99988
1.00058
1.0005
1
0.999994
0.999997
1.00002
1
0.999981
0.999979
0.999993
1.01145
1.0109
1.00022
1.00466
1.03344
1.02922
0.999991
0.999993
1.00946
1.0002
1.0023
0.999989
0.99999
1
1
1
1
1
1
1
1.00001
1
1
1
1
1
1
999.863
998.564
998.079
999.681
999.78
998.533
998.821
1000
999.985
999.957
999.986
999.942
999.908
999.872
999.876
999.42
989.565
958.679
958.82
954.35
940.794
637.218
517.106
396.218
151.769
101.087
93.6006
100.756
1.00147
1.00099
1.00001
1
1.00005
1.00019
1.00013
1
1.00081
1
1
1.00003
1.00148
1.00012
1.08542
1.032
1
1
1.00073
1.02846
1.0018
1.00106
1.00813
1
1
1.00326
1.02832
1.00668
1
1
1.00004
1
1.00011
1.00185
1.00064
1
1
1.00005
1
1
1
1.00006
999.999
999.994
999.889
999.818
1000
1000
1000
999.997
999.989
999.944
999.982
999.999
1000
1000
910.866
945.349
970.934
980.923
998.723
999.989
999.995
0.989603
57.8211
150.848
246.095
456.052
577.65
672.004
0.996874
1.00137
1.00002
1.00001
1.00001
1.00101
1.00017
1.00008
1.0037
1.00001
1.00001
1.00001
1
1
1.00005
1.00009
1.00084
1.00005
1.00008
1.05904
1.00866
1.00005
1.00124
1.0005
1.00002
1.00001
1.03227
0.999999
1.00011
1.00039
1.00019
1.00047
1.00032
1
1
1.00067
1
1.00165
1.00305
1.00066
1.00001
1
999.996
999.985
999.985
992.389
943.701
940.267
791.792
732.68
1000
999.991
999.985
989.589
942.332
934.787
784.941
732.756
999.999
999.992
999.984
988.12
942.021
931.479
783.555
738.665
999.999
999.992
999.983
987.104
941.312
928.655
779.588
740.089
999.999
999.992
999.983
987.347
941.208
927.062
780.233
741.661
1000
999.991
999.984
988.438
940.601
927.741
784.535
744.063
1000
999.989
999.984
990.584
941.637
933.32
789.343
743.808
989.047
932.639
890.941
700.623
479.505
565.535
714.387
778.382
981.937
942.657
891.315
679.517
475.853
572.239
718.264
774.786
988.555
954.743
882.049
667.499
476.018
576.58
721.1
772.829
992.633
954.876
874.759
662.214
474.888
578.416
721.997
773.842
987.021
956.474
879.485
663.214
473.447
577.807
720.674
773.797
975.345
941.091
888.495
673.912
469.575
571.045
722.384
777.445
981.323
918.946
883.563
692.3
472.62
569.164
716.944
778.055
643.595
222.272
191.516
307.174
415.167
466.447
494.213
484.251
523.421
225.343
206.656
321.491
421.288
467.079
495.273
484.928
446.318
273.396
203.895
331.838
427.085
469.123
495.899
485.18
448.971
293.514
189.642
335.173
429.652
469.761
496.782
484.65
423.488
285.712
188.375
329.961
427.19
467.617
496.782
485.063
470.729
228.078
188.362
317.469
420.271
465.711
498.219
487.462
602.301
201.768
173.349
302.795
413.997
460.342
496.712
488.346
1.2155
1.04158
8.02712
59.7281
73.1212
59.0375
37.6063
21.4215
1.14992
1.02213
9.08389
62.1274
74.2665
59.6211
37.8572
21.2367
1.0233
1.00201
7.65283
63.9656
74.5092
59.6154
37.9456
22.1058
1.0333
1.00268
11.1155
66.3748
75.8801
60.6928
38.6027
23.1877
1.0609
1.01073
14.1792
69.069
78.6638
63.2568
40.6024
24.4487
1.29577
1.0608
19.1002
71.0128
82.1076
66.6299
42.6585
26.119
1.71665
1.41812
21.4496
70.6692
83.2111
68.8613
45.4074
27.4698
1.34979
1.00258
1.00497
1.00021
1.00012
1.00007
1.00007
1.00013
1.23971
1.00093
1.00475
1.00012
1.00007
1.00007
1.00006
1.00006
1.06487
1.00012
1.00187
1.00012
1.00007
1.00006
1.00006
1.00006
1.0556
1.00013
1.0025
1.00012
1.00006
1.00005
1.00005
1.00006
1.30595
1.001
1.00634
1.00012
1.00003
1.00005
1.00005
1.00005
3.93199
1.01057
1.00754
1.00013
1.00003
1.00004
1.00004
1.00005
4.27465
1.65491
1.0095
1.00018
1.00004
1.00004
1.00004
1.00005
1.01171
1.00032
1.00038
1.00075
1.01789
1.06563
1.04192
1.00009
1.00618
1.00014
1.00028
1.00146
1.00096
1.00198
1.00208
1.00006
1.00117
1.00004
1.00011
1.00166
1.00038
1.00467
1.00275
1.0001
1.00096
1.00002
1.00013
1.00208
1.0005
1.0046
1.0024
1.00012
1.01095
1.00102
1.00028
1.00211
1.00002
1.00086
1.00383
1.00013
1.09165
1.01637
1.00028
1.00158
1.00001
1.00143
1.00352
1.00033
1.19958
1.06814
1.00032
1.00021
1.00051
1.00004
1.00979
1.00748
1.00008
1.00006
1.00013
1.00378
1.02952
1.02796
1.00447
1
1.0004
1.00001
1.00001
1.0001
1
1.00358
1.0032
1.00005
1
1
1.00001
1.00012
1
1.00467
1.00403
1.00009
1
1
1.00001
1.00013
1
1.00358
1.00389
1.0002
1.00004
1.00007
1.00001
1.00011
1
1.00141
1.00532
1.00066
1.00664
1.00114
1.00001
1.00006
1
1.00212
1.00384
1.0005
1.00005
1.00003
1.00001
1.00001
1.00003
1.00003
1.04247
1.02061
1.05669
1.00008
1.00418
1.01441
1.01787
1.01042
1.00131
1
1.00042
1.00007
1
1
1
1.01019
1.0033
1
1
1
1
1
1
1.00985
1.00511
1
1
1
1
1
1
1.00917
1.00548
1.00003
1.00003
1.00006
1
1
1
1.00861
1.00675
1.00023
1.00494
1.00054
1
1
1
1.00859
1.00683
1.00021
1.00003
1.00001
1.00001
1
1
1.02863
1.02643
1.00354
1.01543
1.00819
1.0046
1.00697
1.00666
1.00608
1.00004
1
1
1
1
1.0017
1.00416
1.00852
1.00086
1
1
1
1
1
1.00292
1.00993
1.00305
1
1
1
1
1
1.00059
1.00993
1.00458
1
1
1.00001
1
1
1.00046
1.00993
1.00546
1.00001
1.00085
1.00087
1
1
1.00071
1.00933
1.00452
1
1.01226
1.0052
1.00148
1.00796
1.01366
1.01389
1.00037
1
1.0023
1.00106
1.00104
1.00142
1.00146
1.00036
1
1
1.00408
1.00339
1.00342
1.0046
1.0046
1.00083
1
1
1.00262
1.00336
1.00268
1.00353
1.00461
1.00393
1.00011
1
1.00377
1.00005
1.00021
1.00227
1.00461
1.00473
1.00067
1
1.00142
1
1
1.00057
1.00194
1.00433
1.00092
1
1
1.00005
1.00012
1.00039
1.0008
1.00107
1.00062
1
1.0038
1.00431
1.00298
1.006
1.00368
1
1
1
1000
1000
999.992
999.982
971.256
944.174
791.384
732.461
1000
1000
999.996
999.983
979.688
944.45
786.637
732.467
1000
1000
999.998
999.983
984.551
945.426
782.913
732.481
999.731
999.999
999.997
999.983
987.603
944.992
780.961
732.503
999.832
1000
999.998
999.983
988.531
945.347
781.028
732.528
1000
1000
999.998
999.984
986.517
945.007
785.443
732.56
1000
1000
999.993
999.983
982.185
943.824
791.676
732.606
999.999
999.965
963.741
885.676
608.685
480.964
664.662
777.799
1000
999.964
985.927
907.454
638.841
469.056
655.787
775.303
1000
999.976
999.921
908.277
651.167
467.714
649.911
776.374
999.999
999.98
993.145
903.853
665.873
464.045
646.777
777.323
1000
999.979
998.275
906.696
669.71
460.075
645.053
777.999
1000
999.963
997.435
915.403
667.766
455.875
646.701
779.576
999.999
999.965
969.127
894.402
653.31
457.315
652.408
780.583
983.135
740.533
349.418
185.61
340.015
439.497
500.864
512.217
970.757
751.977
444.092
209.02
319.605
440.387
502.618
515.333
924.854
864.197
633.417
239.782
312.269
443.104
504.682
515.818
964.531
919.172
615.783
216.167
312.37
440.325
503.927
514.418
942.632
898.476
639.456
230.327
309.237
440.265
503.679
513.182
929.001
753.962
524.973
236.968
311.191
439.697
502.974
511.35
974.426
734.454
373.511
189.144
328.435
438.262
501.013
507.587
343.766
2.42234
2.12556
5.28815
72.58
77.5627
56.5783
33.104
329.292
1.7595
1.4002
8.32368
69.1482
79.9067
56.2486
32.8767
166.165
60.3269
1.03626
4.73512
67.7573
80.271
54.9568
31.8441
232.675
139.366
8.26109
2.06847
66.1822
79.1212
53.7036
31.2077
179.447
103.883
8.35948
2.76587
65.9574
79.9794
53.7458
31.5426
228.435
1.0041
1.01414
5.88806
65.9552
80.0967
54.0437
32.3476
319.764
1.62895
1.38841
2.00556
67.0014
76.4395
52.4037
31.248
1.00449
4.09689
6.73383
1.74797
1.00444
1.00012
1.00011
1.00012
1.01242
1.76957
1.7006
1.0076
1.00029
1.00015
1.00012
1.00015
1.00311
1.00178
1.00101
1.00833
1.00136
1.00012
1.0001
1.00009
1.00002
1.00004
1.00067
1.00776
1.00214
1.0001
1.00007
1.0001
1.00025
1.00062
1.00099
1.00729
1.00228
1.00007
1.00005
1.00007
1.00383
1.00231
1.00696
1.01217
1.00968
1.00005
1.00005
1.00005
1.01141
5.20128
6.84082
2.15562
1.00254
1.00006
1.00003
1.00006
1.00657
1.00784
1.98038
1.0908
1.00642
1.05511
1.08076
1.0049
1.02217
1.01025
1.12536
1.00696
1.0057
1.03922
1.03721
1.00052
1.00596
1.00348
1.00019
1.00071
1.00463
1.01248
1.00713
1.00003
1.00003
1.00004
1.00003
1.00023
1.00012
1.01023
1.00705
1.00028
1.00003
1.00113
1.00013
1.00022
1.00025
1.01018
1.00405
1.00032
1.02547
1.03883
1.00663
1.00469
1.00505
1.0098
1.00369
1.00017
1.01895
1.01231
1.68556
1.11036
1.00063
1.00099
1.00011
1.00012
1.0984
1.24148
1.22101
1.09239
1.11145
1.11219
1.01971
1
1.16325
1.2418
1.08018
1.04093
1.09856
1.06331
1.0052
1
1.05611
1.05612
1.00008
1.00035
1.00672
1.01353
1.00445
1.00001
1.00001
1.00002
1.00002
1.00003
1.00006
1.00597
1.00709
1.00103
1.01297
1.01542
1.00008
1.00004
1.00019
1.003
1.00268
1.00032
1.21038
1.21447
1.11669
1.06437
1.03853
1.00294
1.00063
1.00017
1.18198
1.21447
1.09258
1.03698
1.00683
1.00003
1.00002
1.00015
1.0152
1.09811
1.15699
1.15062
1.09605
1.03372
1
1
1.05491
1.193
1.1924
1.14845
1.09092
1.01911
1.00158
1
1.02157
1.02583
1.00807
1.00649
1.01023
1.00642
1.00218
1.00028
1
1.00001
1.00001
1.00002
1.00005
1.00011
1.00336
1.00076
1.00238
1.00344
1.00197
1.00003
1.0006
1.00009
1.00183
1.0004
1.08517
1.21447
1.21441
1.08303
1.03318
1.00005
1.00124
1.00033
1.07998
1.21439
1.16608
1.01452
1.00287
1.00003
1.00118
1.00043
1
1
1.0014
1.01187
1.01292
1.00867
1
1
1
1
1.01458
1.0263
1.01761
1.00848
1.00135
1
1
1.00119
1.00376
1.00445
1.00886
1.0083
1.00214
1.00009
1
1.00001
1.00001
1.00015
1.00466
1.00829
1.00195
1.00015
1
1.00029
1.00053
1.00021
1.00449
1.00821
1.00105
1.00009
1
1.0004
1.01097
1.02027
1.00688
1.00168
1.00087
1.00007
1
1
1.00767
1.00942
1.0007
1.00178
1.00152
1.00008
1
1.00003
1.00113
1.0017
1.00112
1.00114
1
1
1
1
1
1.0029
1.00492
1.00252
1.00003
1
1
1
1
1.00255
1.00766
1.00438
1.00025
1
1
1
1
1.00141
1.00614
1.00521
1
1
1
1
1
1.00127
1.00458
1.00423
1
1
1
1
1
1.00063
1.00124
1.00097
1.00001
1
1
1
1.00003
1.00078
1.00122
1.00039
1.00029
1
999.957
999.998
999.991
999.981
975.441
943.803
795.868
732.655
998.407
999.935
999.969
999.977
965.139
944.304
800.424
732.7
998.177
999.737
999.957
999.973
957.557
948.703
805.717
732.721
999.784
999.963
999.983
999.974
953.061
950.494
805.517
732.691
999.834
999.978
999.984
999.973
950.209
948.996
799.35
732.682
999.679
999.965
999.958
998.915
947.89
946.001
794.348
732.68
999.801
999.967
999.957
995.66
945.889
944.174
791.205
732.682
999.99
999.96
950.957
871.332
623.689
465.4
659.289
784.359
999.957
995.924
937.068
851.685
583.304
477.974
666.685
788.196
999.865
995.784
936.48
816.866
537.257
503.301
677.545
790.225
999.853
989.94
928.665
788.515
511.905
530.209
689.872
789.957
999.846
973.702
916.02
764.312
499.254
548.121
699.366
787.116
999.394
957.735
904.043
739.533
491.242
559.61
708.256
778.686
993.683
944.098
898.161
719.73
485.016
566.741
713.085
778.861
971.244
724.703
311.116
184.987
348.08
446.636
500.211
503.012
930.169
612.17
239.847
198.824
370.786
453.121
499.827
499.199
817.263
527.322
247.236
206.429
386.021
456.107
497.132
494.028
726.726
446.583
214.782
229.722
393.199
463.615
495.149
490.642
723.452
361.414
182.318
253.224
399.867
466.903
493.74
487.598
726.767
310.554
176.789
277.335
406.746
466.021
492.813
486.188
671.17
255.705
186.99
294.176
410.687
464.526
491.721
483.504
257.623
2.48247
2.00556
1.68454
66.8052
70.9268
49.2883
29.1595
134.922
1.86884
2.41434
11.412
66.4269
66.915
46.6451
27.4396
8.17022
1.04365
1.15466
30.4042
68.4255
64.3803
44.7576
25.5332
1.56032
1.20212
1.06918
43.5181
71.1138
60.7136
41.6912
23.412
1.56173
1.31281
1.09911
50.2626
71.3384
58.0581
38.8686
21.1812
1.2334
1.11081
1.10703
53.9489
70.7395
57.0691
37.21
19.9259
1.017
1.01479
4.20687
56.7047
71.4583
57.7002
37.2857
20.1922
1.00284
5.4546
6.83571
1.55244
1.00207
1.00003
1.00002
1.00003
1.00037
3.98507
2.53709
1.01057
1.00021
1.00003
1.00003
1.00003
1.00001
1.02231
1.00154
1.0054
1.00009
1.00003
1.00003
1.00003
2.53436
1.32602
1.00297
1.00321
1.00009
1.00004
1.00003
1.00004
2.8085
1.45739
1.00436
1.00214
1.00009
1.00004
1.00004
1.00004
1.58184
1.1835
1.00486
1.00086
1.00011
1.00007
1.00004
1.00006
0.999884
1.00058
1.00372
1.00045
1.0002
1.00011
1.00007
1.00067
1.03925
1.01217
2.00364
1.09881
1.00006
1.00002
1.00002
1.00002
1.00329
1.0168
1.29524
1.00091
1.00025
1.00027
1.00003
1.00003
1
1.0026
1.00007
1.00018
1.01257
1.00624
1.00242
1.00018
1
1.01443
1.00024
1.00009
1.01357
1.01565
1.00413
1.00033
1
1.03144
1.00042
1.00006
1.01083
1.01588
1.00438
1.00024
1.01194
1.02092
1.00043
1.00012
1.00705
1.01659
1.01438
1.00024
1.00008
1.00009
1.00028
1.00058
1.1523
1.26703
1.26671
1.07899
1.20974
1.20458
1.00372
1.02038
1.00056
1.00002
1.00002
1.00003
1.02015
1
1.00005
1.00003
1.00031
1.00006
1.00025
1.00038
1
1
1
1.00001
1.00134
1.01441
1.01017
1.00037
1
1
1.00001
1.00001
1.00685
1.01567
1.01092
1.00033
1.001
1.00001
1.00001
1.00001
1.00374
1.01579
1.01006
1.00022
1.01216
1.00006
1.00006
1.00011
1.00389
1.01012
1.00769
1.00023
1.00008
1.00008
1.00009
1.06685
1.19876
1.12512
1.00091
1.00088
1.10331
1.21347
1.03549
1.00002
1.00003
1.00002
1.00092
1.00019
1
1
1
1.00001
1.00003
1.00002
1.00153
1.00041
1
1
1
1
1.001
1.01549
1.00985
1.00014
1
1
1
1.00001
1.00351
1.01556
1.00959
1.00008
1.00062
1
1.00001
1.00001
1.0033
1.01564
1.00825
1.00001
1.02701
1.00257
1.00002
1.00047
1.0028
1.01398
1.00499
1
1.0148
1.0368
1.05924
1.08259
1.04878
1.00598
1.00003
1
1
1.00001
1.01463
1.00134
1.00015
1.00125
1.00119
1.00004
1.00011
1.00041
1
1
1.00286
1.00934
1.00094
1.00004
1.00001
1
1
1.00032
1.00748
1.01437
1.00412
1
1
1
1
1.00029
1.00756
1.01375
1.0042
1
1.00019
1.00006
1
1.00082
1.00889
1.01281
1.0027
1
1.00423
1.00502
1.00062
1.00165
1.01009
1.01083
1.00027
1
1.00693
1.0157
1.01627
1.00982
1.00521
1.00142
1
1
1.00008
1.00087
1.0014
1.00175
1.0009
1.00061
1.00017
1
1.00003
1.00044
1.00079
1.00152
1.00449
1.00409
1
1
1.00014
1.00015
1.00003
1.00145
1.00578
1.00313
1.00015
1
1
1
1
1.00088
1.00454
1.00288
1.00023
1
1
1.00001
1.00001
1.00109
1.00458
1.00263
1
1
1
1.00007
1.00013
1.00131
1.00341
1.00184
1
1
1
1
1.00002
1.00006
1.00008
1.00013
1.00001
1
1000
999.991
999.985
994.06
942.692
935.141
789.888
743.761
1000
999.992
999.984
996.446
945.327
935.044
786.382
744.401
1000
999.994
999.985
999.752
946.874
937.692
786.523
739.849
1000
999.997
999.985
999.972
948.15
940.501
789.143
736.133
1000
999.998
999.987
999.973
950.367
943.948
793.097
733.674
1000
999.999
999.988
999.977
954.153
945.375
795.873
732.461
1000
1000
999.99
999.98
961.914
945.137
795.275
732.458
989.814
930.788
888.01
710.544
475.462
567.188
714.359
778.729
999.706
946.063
890.327
720.32
479.377
566.288
709.416
778.673
999.974
962.257
904.63
741.328
481.425
561.664
701.45
780.873
999.975
981.957
920.382
768.066
490.448
552.532
693.388
784.904
999.987
991.182
934.115
796.635
505.693
541.898
685.552
784.949
999.996
991.04
933.078
834.201
530.754
526.982
677.929
783.589
999.999
999.961
943.413
858.76
570.341
502.105
671.729
781.796
639.941
230.359
166.051
289.535
411.548
461.624
497.013
489.504
736.582
295.649
148.722
273.293
408.179
463.35
498.572
491.55
731.446
328.228
157.868
249.054
399.09
463.259
498.776
492.345
739.759
403.76
190.491
211.881
392.169
463.028
500.097
494.908
818.951
489.247
233.057
167.857
382.692
458.864
501.267
499.315
930.018
583.387
226.549
169.865
373.908
450.244
500.39
504.006
971.458
704.099
277.502
180.291
360.598
442.895
498.846
507.674
1.50544
1.07778
19.3815
70.2892
83.5561
69.1776
46.6015
28.7444
1.73995
1.5938
16.2766
70.2666
84.778
70.0982
48.111
29.7189
1.94592
1.7312
12.2201
68.6877
87.0056
71.7375
50.5242
31.2628
2.10377
1.57149
12.0129
65.538
87.9825
72.8373
52.2873
32.4411
18.4596
1.24173
14.1388
54.0402
87.8298
74.6808
54.2675
33.1543
140.827
2.27664
2.9775
35.3289
83.4491
75.0363
55.7788
33.2453
260.172
3.46123
3.01051
12.3412
77.1634
75.6809
56.8365
33.4028
1.97424
1.02807
1.00923
1.00017
1.00004
1.00004
1.00004
1.00004
3.19836
1.79424
1.01306
1.00102
1.00005
1.00004
1.00004
1.00004
6.14163
2.88194
1.01331
1.00235
1.00009
1.00005
1.00005
1.00005
4.00977
1.84979
1.0099
1.00333
1.00011
1.00006
1.00006
1.00006
1.17164
1.20715
1.00694
1.0058
1.00018
1.00008
1.00006
1.00006
1.00288
5.10843
2.92559
1.01611
1.00041
1.0001
1.00008
1.00008
1.00577
4.94613
6.7234
1.74213
1.00092
1.00011
1.0001
1.00011
1.0978
1.00892
1.00033
1.00064
1.0007
1.00012
1.00004
1.08688
1.10291
1.19581
1.00085
1.00003
1.0014
1.00032
1.00479
1.00024
1.00001
1.23644
1.0011
1.00006
1.00275
1.00509
1.00399
1.00006
1.00001
1.06545
1.00074
1.00008
1.00318
1.00872
1.00578
1.00009
1.00001
1.02612
1.00049
1.00014
1.00477
1.01852
1.01003
1.00003
1.00235
1.22404
1.452
1.00117
1.00482
1.01774
1.01682
1.00006
1.0183
1.0092
2.51581
1.12461
1.00431
1.06081
1.10694
1.04601
1.00004
1.0001
1.00003
1.00003
1.00003
1.00783
1.088
1.09582
1.0001
1.00007
1.00003
1.00002
1.00003
1.00089
1.01329
1.00367
1.0001
1.00005
1.00002
1.00002
1.00002
1.00857
1.00633
1.00005
1.00008
1.00002
1.00002
1.00002
1.00002
1.00936
1.0068
1.00007
1.00001
1.00002
1.00002
1.00002
1.00002
1.02193
1.01102
1
1.09122
1.00002
1.00009
1.00004
1.0063
1.02601
1.01295
1
1.1349
1.24147
1.0223
1.07077
1.11204
1.11215
1.02923
1.00177
1.00004
1.00003
1.00001
1.00431
1.03978
1.05622
1.02614
1.00016
1.00129
1.00003
1.00002
1.00002
1.00002
1.01702
1.01141
1.00051
1.0003
1.00001
1.00001
1.00002
1.00002
1.02101
1.00628
1
1.00001
1.00001
1.00001
1.00002
1.00002
1.02118
1.00608
1
1.00002
1.00001
1.00002
1.00002
1.00002
1.02126
1.0075
1
1.02465
1.00002
1.00002
1.00002
1.00555
1.02192
1.00587
1
1.03569
1.11162
1.13377
1.06849
1.0759
1.03035
1
1
1.00004
1.0045
1.02717
1.0367
1.0367
1.0033
1
1
1.00097
1.00174
1.00228
1.00457
1.00791
1.00818
1.00067
1
1.0002
1.00001
1.00001
1.00001
1.0056
1.01437
1.00228
1
1.00024
1.00001
1.00001
1.0002
1.00805
1.01773
1.00075
1
1.00037
1.00001
1.00002
1.00373
1.00917
1.00963
1.00079
1
1
1.00068
1.00052
1.00555
1.00915
1.00817
1.00017
1
1
1
1.00476
1.01043
1.00807
1.00351
1
1
1.0038
1.00688
1.00689
1.00349
1.00102
1
1
1
1
1.0001
1.0027
1.00461
1.00279
1
1
1
1.00306
1.00306
1.00231
1.00019
1.00176
1.00073
1.00014
1
1.00306
1.00148
1.00001
1.00459
1.0081
1.00216
1
1
1.00297
1.00428
1.00429
1.0043
1.00122
1.00007
1
1
1.00203
1.00422
1.00124
1.00138
1.00201
1
1
1
1.00007
1.00025
1.00037
1.00059
1.00015
1
1
1
807.213
858.858
906.006
899.915
907.691
888.549
832.763
874.387
780.229
833.838
908.166
929.841
920.689
869.865
810.297
872.592
768.465
809.914
898.312
941.405
933.525
885.937
804.932
875.457
761.272
802.399
901.129
941.658
933.705
894.05
805.22
876.629
755.478
795.687
897.726
942.204
935.59
892.973
803.106
877.888
804.952
789.225
850.457
943.49
926.047
881
819.061
888.277
817.691
782.719
843.633
949.331
919.176
868.037
821.549
887.366
770.679
777.003
791.861
775.067
721.497
726.672
785.247
747.01
780.679
831.02
812.705
692.828
705.635
767.574
789.96
767.583
771.782
830.104
826.543
685.829
679.908
758.044
787.224
768.287
777.538
829.275
827.948
686.799
671.385
752.053
784.59
768.247
777.009
829.81
830.289
686.391
668.825
747.722
782.183
763.85
725.132
756.826
844.102
774.216
642.087
720.578
781.476
737.196
719.964
763.121
844.956
770.958
643.933
733.736
779.942
730.811
463.547
444.111
415.307
414.253
435.105
437.858
417.914
432.1
455.475
413.581
410.977
444.851
446.135
422.413
411.741
419.11
458.05
414.354
404.932
445.863
451.751
425.231
411.111
415.64
455.023
413.593
403.449
445.9
453.628
427.399
412.156
414.77
455.852
414.111
403.676
446.394
454.698
430.149
414.833
417.664
480.755
454.245
395.423
418.001
457.41
446.49
414.725
428.797
483.033
453.518
394.382
417.754
457.192
441.97
414.306
433.942
19.5778
21.9391
28.0182
27.7293
22.2867
20.1512
24.6129
22.2529
21.5175
28.3195
28.1186
20.0764
17.0928
24.1484
25.8476
25.197
22.2628
29.4769
29.9878
21.2786
16.5806
24.5941
26.9537
26.9633
24.2108
30.9097
31.196
22.2134
16.7923
24.6239
27.2853
27.5822
25.3642
31.8921
32.144
23.2885
17.7056
24.9174
27.5737
27.9191
21.8667
25.558
34.1798
31.4005
20.3345
21.8147
29.361
27.4127
22.8631
27.4134
36.1633
33.3215
22.5077
24.8135
30.8603
27.5934
1.00013
1.00004
1
1
1
1.00007
1.00001
1
1.00009
1
1
1
1.00025
1.00001
1
1
1.00008
1
1
1
1.00035
1.00002
1
1
1.00006
1
1
1
1.00038
1.00006
1
1
1.00007
1
1
1
1.00036
1.00009
1.00001
1
1.00016
1.00004
1
1
1.00001
1.00029
1.00001
1
1.00059
1.00014
1
1
1
1.00012
1
1.00001
1
1
1
1
1
1
1.00002
1
1
1
1
1
1
1
1
1
1
1
1
1
1
1
1
1
1
1
1
1
1
1
1
1
1
1
1
1
1
1
1
1
1
1
1
1
1
1
1.00002
1
1.00051
1.00172
1.0002
1
1
1
1
1
1
1
1
1
1
1
1
1
1
1
1
1
1
1
1
1
1
1
1
1
1
1
1
1
1
1
1
1
1
1
1
1
1
1
1
1
1
1
1
1
1
1
1
1
1
1
1
1
1.00051
1.00011
1.00001
1
1
1
1
1
1
1
1
1
1
1
1
1
1
1
1
1
1
1
1
1
1
1
1
1
1
1
1
1
1
1
1
1
1
1
1
1
1
1
1
1
1
1
1
1
1
1
1
1
1
1
1
1
1
1
1
1
1
1
1
1
1
1
1
1
1
1
1
1
1
1
1
1
1
1
1
1
1
1
1
1
1
1
1
1
1
1
1
1
1
1
1
1
1
1
1
1
1
1
1
1
1
1
1
1
1
1
1
1
1
1
1
1
1
1
1
1
1
1
1
1
1
1
1
1
1
1
1
1
1
1
1
1
1
1
1
1
1
1
1
1
1
1
1
1
1
1
1
1
1
1
1
1
1
1
1
1
1
1
1
1
1
1
1
1
1
1
1
1
1
1
1
1
755.174
799.562
861.465
899.562
907.805
882.691
832.584
871.388
749.299
793.046
850.895
914.727
919.528
874.331
828.869
862.203
747.253
792.965
834.73
918.032
902.923
864.784
830.413
856.074
747.265
797.363
841.279
912.991
897.775
860.316
830.22
852.411
744.903
802.77
853.645
907.043
895.083
858.855
829.206
851.557
742.256
811.424
868.468
899.836
890.886
858.071
829.778
853.393
743.799
817.519
882.232
890.665
884.556
858.54
831.102
856.123
782.431
789.496
825.343
795.321
694.426
712.209
775.965
750.495
781.193
791.929
821.871
780.524
691.321
718.921
776.595
751.219
780.196
778.934
815.178
778.715
704.059
724.234
775.886
754.731
782.629
766.694
785.352
775.852
731.644
720.52
770.217
749.914
786.072
757.181
758.283
778.721
749.402
715.326
764.56
745.087
790.091
760.86
734.691
779.247
762.971
713.847
760.41
743.783
790.433
764.617
723.788
779.899
772.743
715.825
758.512
745.413
491.027
463.026
427.319
434.877
465.734
467.475
442.538
450.306
493.386
465.448
434.905
443.265
468.207
468.041
445.802
455.315
495.496
474.182
443.584
446.282
467.972
469.288
449.087
456.724
495.419
481.849
459.622
445.609
460.278
470.089
455.325
462.147
495.25
486.945
471.373
443.762
452.953
471.077
459.338
465.441
493.479
487.223
478.626
444.5
447.329
470.576
460.673
464.877
490.671
485.294
480.412
444.73
442.922
468.312
459.435
461.394
28.9896
33.5323
38.644
37.1822
30.1521
29.0617
34.7963
33.6274
28.7715
32.8474
36.8708
35.4066
29.4327
28.6615
33.6545
32.0743
27.9075
30.2551
34.6804
34.121
28.9248
27.6678
32.4893
31.3165
27.8679
28.5725
32.2523
34.738
31.7536
28.2333
31.4219
30.6767
28.0829
27.603
30.0601
35.4752
33.856
28.9887
31.0182
30.5892
28.6798
27.4317
28.5663
35.4888
34.8071
29.7064
31.2162
31.2054
28.0587
26.6164
27.2792
34.8597
34.8275
29.8657
31.3722
31.7198
1.00029
1.00008
1
1
1
1.0002
1
1
1.00023
1.00007
1
1
1
1.0001
1
1
1.00022
1.0001
1
1
1
1.00009
1
1
1.00018
1.00011
1.00012
1
1
1.00001
1
1
1.00017
1.00014
1.00003
1
1
1.00001
1.00001
1.00007
1.00017
1.00016
1.00007
1
1
1.00002
1.00003
1.00001
1.00025
1.00019
1.00011
1
1
1.00002
1.00001
1
1
1
1
1
1
1
1.00002
1
1
1
1
1
1
1
1.00001
1
1.00001
1
1
1
1
1
1
1
1.00001
1
1
1
1
1
1
1
1
1
1
1
1
1
1
1
1
1
1
1
1
1
1
1
1.00008
1
1
1
1
1
1
1
1
1
1
1
1
1
1
1
1
1
1
1
1
1
1
1
1.00001
1
1
1
1
1
1
1
1
1
1
1
1
1
1
1
1
1
1
1
1
1
1
1
1
1
1
1
1
1
1
1
1.00008
1
1
1
1
1
1
1
1
1
1
1
1
1
1
1
1
1
1
1
1
1
1
1
1
1
1
1
1
1
1
1
1
1
1
1
1
1
1
1
1
1
1
1
1
1
1
1
1
1
1
1
1
1
1
1
1
1
1
1
1
1
1
1
1
1
1
1
1
1
1
1
1
1
1
1
1
1
1
1
1
1
1
1
1
1
1
1
1
1
1
1
1
1
1
1
1
1
1
1
1
1
1
1
1
1
1
1
1
1
1
1
1
1
1
1
1
1
1
1
1
1
1
1
1
1
1
1
1
1
1
1
1
1
1
1
1
1
1
1
1
1
1
1
1
1
1
1
1
1
1
1
1
1
1
1
1
1
1
1
1
1
1
1
1
1
1
1
1
1
1
1
1
1
1
1
752.217
830.437
884.348
888.35
888.013
858.878
832.664
860.243
763.713
845.243
868.188
897.465
903.142
860.422
836.094
865.902
784.95
867.662
830.721
896.631
919.198
866.401
839.049
873.181
806.228
857.045
842.903
900.3
912.287
873.873
837.91
871.968
794.962
847.576
901.001
906.887
892.11
880.024
834.563
867.488
786.532
846.401
913.086
920.477
893.724
872.125
830.302
868.804
789.656
860.227
919.045
919.344
890.649
875.226
832.613
868.315
790.456
757.957
719.936
787.658
774.201
714.932
760.995
745.661
790.467
747.11
734.111
796.753
750.653
711.839
766.866
742.321
790.456
721.962
759.35
841.12
729.088
707.764
768.041
744.518
770.992
717.96
801.71
826.548
710.067
719.303
778.205
738.4
775.554
771.528
795.09
776.495
733.224
738.001
784.285
751.445
782.298
811.714
798.958
734.587
737.335
761.357
792.128
758.526
788.29
816.576
793.117
732.315
743.361
759.018
791.07
757.618
488.207
484.416
479.372
438.626
439.038
465.38
454.88
457.341
485.817
482.523
472.181
429.438
442.1
462.109
445.767
452.155
484.466
482.914
457.813
404.71
439.712
455.635
435.767
441.782
481.412
478.07
431.084
403.811
444.106
449.966
428.87
444.071
469.672
453.786
423.406
420.841
438.682
440.311
424.516
437.524
460.976
429.229
418.255
434.11
436.878
426.185
414.155
428.54
455.411
421.927
417.091
432.416
432.831
424.555
413.235
428.095
26.2129
24.5606
25.5017
34.0353
33.8182
28.4488
30.6184
30.8583
24.3641
22.7047
24.8895
33.1556
31.5005
26.0992
30.1613
29.4341
21.0751
19.4101
25.7815
33.6096
29.6003
23.6344
29.2368
28.2909
18.6193
17.8948
28.4841
31.3657
25.0932
21.0118
26.2921
23.6744
18.3619
20.2162
26.6988
26.5798
21.7097
20.1809
23.6824
21.5018
18.6135
24.3259
25.8227
21.82
19.3249
22.6534
24.763
22.3369
19.7622
25.739
26.1792
22.1972
20.4684
23.0354
24.9321
22.2977
1.00017
1.00019
1.00012
1
1
1.00004
1.00001
1
1.00021
1.00018
1.00008
1
1
1.00009
1
1
1.00022
1.00023
1.00002
1
1
1.00016
1
1
1.00022
1.00019
1
1
1
1.00008
1.00001
1.00001
1.00019
1.00008
1
1
1
1.00007
1.00001
1.00008
1.00017
1
1
1
1.00009
1
1
1.00005
1.00038
1
1
1
1.00006
1
1
1.00006
1
1
1
1
1
1
1
1
1.0001
1
1
1
1
1
1
1
1
1
1
1
1
1
1
1
1
1
1.00001
1
1
1
1.00001
1
1
1
1
1
1
1
1.00002
1
1
1.00001
1
1
1
1
1
1
1
1
1
1
1
1
1.00001
1
1
1
1
1
1
1
1
1
1.0001
1
1
1
1
1
1
1
1
1
1
1
1
1
1
1
1
1
1
1
1
1
1
1
1
1
1
1
1
1
1
1
1
1
1
1
1
1
1
1
1.00001
1
1
1
1
1
1
1
1
1
1
1
1
1
1
1
1
1
1
1
1
1
1
1
1
1
1
1
1
1
1
1
1
1
1
1
1
1
1
1
1
1
1
1
1
1
1
1
1
1
1
1
1
1
1
1
1
1
1
1
1
1
1
1
1
1
1
1
1
1
1
1
1
1
1
1
1
1
1
1
1
1
1
1
1
1
1
1
1
1
1
1
1
1
1
1
1
1
1
1
1
1
1
1
1
1
1
1
1
1
1
1
1
1
1
1
1
1
1
1
1
1
1
1
1
1
1
1
1
1
1
1
1
1
1
1
1
1
1
1
1
1
1
1
1
1
1
1
1
1
1
1
1
1
1
1
1
1
1
1
1
1
1
1
1
1
1
1
1
1
1
1
1
1
1
1
817.323
782.196
831.119
950.587
924.111
866.721
815.877
883.098
784.378
786.427
848.454
945.804
922.883
873.034
821.785
885.004
764.92
796.371
855.508
931.669
923.507
896.233
827.993
879.098
762.962
798.963
853.164
922.584
922.033
904.486
831.794
877.604
763.93
798.358
854.645
920.546
904.492
897.836
841.641
879.379
765.513
795.454
852.59
909.848
891.656
903.35
842.004
874.518
765.918
800.141
846.972
895.267
911.265
899.344
840.544
873.347
722.916
760.115
846.318
772.628
639.259
732.255
779.504
736.706
739.175
784.695
847.609
760.364
643.28
730.004
779.898
736.454
773.686
808.208
846.027
759.607
644.487
716.907
779.472
741.394
786.682
813.017
835.383
763.007
650.387
710.09
777.388
741.766
786.467
810.222
836.82
768.91
659.868
713.716
773.832
738.65
785.024
802.729
842.193
785.25
665.754
710.075
773.74
752.384
782.367
779.183
838.665
808.014
675.075
701.184
772.746
758.67
483.624
455.9
396.67
420.448
459.978
445.254
416.738
433.352
480.605
442.854
396.119
427.681
461.764
447.277
418.241
435.223
468.684
428.233
396.532
432.509
463.64
452.042
422.146
437.209
466.436
430.35
406.707
436.036
465.536
456.267
427.52
441.576
472.227
436.113
409.474
436.579
466.806
458.266
430.789
446.647
480.417
445.214
410.256
433.526
467.251
461.379
430.884
439.403
488.261
462.459
416.389
427.338
465.557
466.51
436.777
440.248
24.3776
28.5432
37.1258
34.1256
23.3251
25.2754
31.7331
28.9993
25.9836
32.6576
37.8369
33.3824
22.7762
25.1942
31.6152
28.7981
30.1002
36.7402
39.2765
33.3256
22.6071
24.2816
30.9422
28.6103
32.1329
37.3497
38.821
33.2111
23.3025
24.1968
30.3606
28.27
32.0115
37.5608
39.6937
34.6572
25.2301
26.213
32.0548
29.4776
30.5328
36.7923
40.6422
36.6567
27.6735
28.8229
35.5314
34.079
29.0873
33.5772
40.3762
38.4771
29.9623
28.9949
36.1965
35.4198
1.02034
1.00017
1
1
0.999999
1.0002
1.00001
1.00001
1.00018
1
1
1
0.999999
1.00017
1
1.00002
1.0001
1
1
1
0.999998
1.00019
1
1.00007
1.00006
1
1
1
0.999999
1.00016
1
1.00015
1.00009
1
1
1
0.999999
1.00014
1
1.00002
1.00018
1.0001
1
1
0.999999
1.00025
1.00002
1
1.00052
1.00008
1
1
0.999999
1.00032
1
1
1.11515
1.10176
1.01519
1
1
1
1.00001
1
1.00001
1.00002
1
1
1
1
1
1
1
1.00003
1
1.00001
1
1
1
1
1
1.00002
1
1
1
1
1
1
1
1.00003
1
1
1
1
1
1
1
1.00004
1
1
1
1
1.00003
1
1.00001
1
1
1
1
1
1.00006
1
1.05165
1.00419
1.00013
1
1
1
1
1
1
1
1
1
1
1
1
1
1
1
1
1
1
1
1
1
1
1
1
1
1
1
1
1
1
1
1
1
1
1
1
1
1
1
1
1
1
1
1
1
1
1
1
1
1
1
1
1
1
1
1
1
1
1
1
1
1
1
1
1
1
1
1
1
1
1
1
1
1
1
1
1
1
1
1
1
1
1
1
1
1
1
1
1
1
1
1
1
1
1
1
1
1
1
1
1
1
1
1
1
1
1
1
1
1
1
1
1
1
1
1
1
1
1
1
1
1
1
1
1
1
1
1
1
1
1
1
1
1
1
1
1
1
1
1
1
1
1
1
1
1
1
1
1
1
1
1
1
1
1
1
1
1
1
1
1
1
1
1
1
1
1
1
1
1
1
1
1
1
1
1
1
1
1
1
1
1
1
1
1
1
1
1
1
1
1
1
1
1
1
1
1
1
1
1
1
1
1
1
1
1
1
1
1
1
1
1
1
1
1
1
1
1
1
1
1
)
;

boundaryField
{
    base
    {
        type            calculated;
        value           nonuniform 0();
    }
    outlet
    {
        type            calculated;
        value           nonuniform List<scalar> 
749
(
1
1
1
1
1
1
1
1
1
1
1
1
1
1
1
1
1
1
1
1
1
1
1
1
1
1
1
1
1
1
1
1
1
1
1
1
1
1
1
1
1
1
1
1
1
1
1
1
1
1
1
1
1
1
1
1
1
1
1
1
1
1
1
1
1
1
1
1
1
1
1
1
1
1
1
1
1
1
1
1
1
1
1
1
1
1
1
1
1
1
1
1
1
1
1
1
1
1
1
1
1
1
1
1
1
1
1
1
1
1
1
1
1
1
1
1
1
1
1
1
1
1
1
1
1
1
1
1
1
1
1
1
1
1
1
1
1
1
1
1
1
1
1
1
1
1
1
1
1
1
1
1
1
1
1
1
1
1
1
1
1
1
1
1
1
1
1
1
1
1
1
1
1
1
1
1
1
1
1
1
1
1
1
1
1
1
1
1
1
1
1
1
1
1
1
1
1
1
1
1
1
1
1
1
1
1
1
1
1
1
1
1
1
1
1
1
1
1
1
1
1
1
1
1
1
1
1
1
1
1
1
1
1
1
1
1
1
1
1
1
1
1
1
1
1
1
1
1
1
1
1
1
1
1
1
1
1
1
1
1
1
1
1
1
1
1
1
1
1
1
1
1
1
1
1
1
1
1
1
1
1
1
1
1
1
1
1
1
1
1
1
1
1
1
1
1
1
1
1
1
1
1
1.00408
1.00262
1.00377
1.00142
1
1
1.00106
1.00339
1.00336
1.00005
1
1.00005
1
1.00104
1.00342
1.00268
1.00021
1
1.00012
1.00298
1.00142
1.0046
1.00353
1.00227
1.00057
1.00039
1.006
1.00146
1.0046
1.00461
1.00461
1.00194
1.0008
1.00368
1.00036
1.00083
1.00393
1.00473
1.00433
1.00107
1
1
1
1.00011
1.00067
1.00092
1.00062
1
1
1
1
1
1
1
1
1
1
1
1
1
1
1
1
1
1
1
1
1
1
1
1
1
1
1
1
1
1
1
1.00255
1.00141
1.00127
1
1
1.00112
1.00492
1.00766
1.00614
1.00458
1.00124
1.00122
1.00114
1.00252
1.00438
1.00521
1.00423
1.00097
1.00039
1
1.00003
1.00025
1
1
1.00001
1.00029
1
1
1
1
1
1
1
1
1
1
1
1
1
1
1
1
1
1
1.00001
1.00007
1
1
1.00079
1.00003
1
1.00001
1.00013
1.00002
1.00175
1.00152
1.00145
1.00088
1.00109
1.00131
1.00006
1.0009
1.00449
1.00578
1.00454
1.00458
1.00341
1.00008
1.00061
1.00409
1.00313
1.00288
1.00263
1.00184
1.00013
1.00017
1
1.00015
1.00023
1
1
1.00001
1
1
1
1
1
1
1
1
1
1
1
1
1
1
1
1
1
1
1
1
1
1.00689
1.0027
1.00231
1.00001
1.00429
1
1
1.00349
1.00461
1.00019
1.00459
1.0043
1.00138
1
1.00102
1.00279
1.00176
1.0081
1.00122
1.00201
1.00015
1
1
1.00073
1.00216
1.00007
1
1
1
1
1.00014
1
1
1
1
1
1
1
1
1
1
1
1
1
1
1
1
1
1
1
1
1
1
1
1
1
1
1
1
1
1
1
1
1
1
1
1
1
1
1
1
1
1
1
1
1
1
1
1
1
1
1
1
1
1
1
1
1
1
1
1
1
1
1
1
1
1
1
1
1
1
1
1
1
1
1
1
1
1
1
1
1
1
1
1
1
1
1
1
1
1
1
1
1
1
1
1
1
1
1
1
1
1
1
1
1
1
1
1
1
1
1
1
1
1
1
1
1
1
1
1
1
1
1
1
1
1
1
1
1
1
1
1
1
1
1
1
1
1
1
1
1
1
1
1
1
1
1
1
1
1
1
1
1
1
1
1
1
1
1
1
1
1
1
1
1
1
1
1
1
1
1
1
1
1
1
1
1
1
1
1
1
1
1
1
1
1
1
1
1
1
1
1
1
1
1
1
1
1
1
1
1
1
1
1
1
1
1
1
1
1
1
1
1
1
1
1
1
1
1
1
1
1
1
1
1
1
1
1
1
1
1
1
1
1
1
)
;
    }
    walls
    {
        type            calculated;
        value           nonuniform List<scalar> 
816
(
997.381
999.973
1000
1000
1000
1000
1000
998.643
999.995
1000
1000
1000
1000
1000
999.526
1000
1000
1000
1000
1000
1000
999.538
1000
1000
1000
1000
1000
1000
999.494
1000
1000
1000
1000
1000
999.997
999.552
1000
1000
1000
1000
1000
999.997
1000
999.999
999.988
999.986
999.995
999.999
1000
1000
1000
999.996
999.996
999.999
999.999
999.999
1000
1000
1000
999.998
999.998
999.999
999.999
1000
1000
1000
999.98
999.987
999.999
999.999
1000
1000
1000
999.977
999.979
999.999
1000
1000
1000
1000
999.984
999.985
999.999
1000
999.999
999.968
999.165
996.916
996.848
996.83
996.868
999.998
999.999
999.984
996.884
996.872
996.804
996.853
999.999
999.999
999.999
998.221
998.604
996.803
996.803
999.999
999.999
999.177
999.409
999.766
998.258
996.775
999.999
999.244
997.345
999.21
999.732
999.292
996.777
999.84
997.345
997.345
999.104
999.6
997.456
996.781
999.162
997.655
999.695
1000
1000
1000
1000
999.748
997.655
998.097
1000
1000
1000
1000
999.956
997.784
997.689
1000
1000
1000
1000
1000
999.066
997.689
999.053
1000
999.999
1000
999.998
999.797
997.689
997.923
1000
999.999
1000
999.989
999.928
998.168
998.279
1000
999.999
1000
1000
1000
1000
1000
1000
1000
1000
1000
1000
1000
1000
1000
1000
1000
1000
1000
1000
1000
1000
1000
1000
1000
1000
1000
1000
1000
1000
1000
999.973
1000
1000
1000
1000
1000
1000
999.996
1000
1000
1000
1000
1000
1000
1000
1000
1000
1000
1000
1000
1000
1000
1000
1000
1000
1000
1000
1000
1000
1000
1000
1000
1000
1000
1000
1000
1000
1000
1000
1000
1000
1000
1000
1000
1000
1000
1000
1000
1000
1000
1000
1000
999.993
999.995
1000
1000
1000
1000
1000
1000
1000
1000
1000
1000
1000
1000
1000
1000
1000
1000
1000
1000
1000
1000
999.999
1000
1000
1000
999.948
999.96
1000
1000
999.971
999.995
999.99
999.946
999.857
999.907
999.949
999.893
999.84
999.871
998.523
998.412
999.533
999.826
999.565
999.569
1000
1000
1000
1000
1000
1000
1000
1000
1000
1000
1000
1000
1000
1000
1000
1000
1000
1000
1000
1000
1000
1000
1000
1000
1000
1000
1000
1000
1000
1000
1000
1000
1000
1000
1000
1000
1000
1000
1000
1000
1000
1000
1000
1000
1000
1000
1000
1000
999.998
1000
1000
1000
999.745
999.878
999.944
999.825
999.795
999.648
999.999
999.219
999.698
999.836
999.626
999.45
999.114
1000
999.525
999.828
999.836
999.828
999.816
999.389
993.172
994.549
991.845
991.736
990.41
991.952
995.685
919.745
918.616
919.183
918.566
920.379
927.073
926.601
1000
1000
1000
1000
1000
1000
1000
1000
1000
1000
1000
1000
1000
1000
1000
1000
1000
1000
1000
1000
1000
1000
1000
1000
1000
1000
1000
1000
997.08
997.726
998.848
999.263
999.476
999.497
999.426
914.703
916.985
919.617
922.196
924.048
924.929
925.098
1000
1000
1000
1000
1000
1000
1000
1000
1000
1000
1000
1000
1000
1000
1000
1000
1000
1000
1000
1000
1000
1000
1000
1000
1000
1000
1000
1000
999.09
998.582
997.822
997.009
996.06
996.282
995.899
924.657
925.095
923.396
922.903
920.402
919.852
919.129
1000
1000
999.974
1000
1000
999.997
1000
1000
1000
999.262
999.873
999.951
999.967
999.998
1000
1000
998.612
999.507
999.896
999.953
999.996
1000
1000
999.044
999.669
999.986
999.993
999.998
1000
1000
996.763
995.269
994.523
994.05
995.641
997.886
997.58
928.049
925.458
923.917
921.402
918.332
918.166
913.227
999.88
1000
1000
1000
1000
1000
999.999
1000
1000
999.991
999.902
999.996
999.997
1000
999.863
998.564
998.079
999.681
999.78
998.533
998.821
999.999
999.994
999.889
999.818
1000
1000
1000
874.387
872.592
875.457
876.629
877.888
888.277
887.366
747.01
767.583
768.287
768.247
763.85
737.196
730.811
432.1
419.11
415.64
414.77
417.664
428.797
433.942
22.2529
25.197
26.9633
27.5822
27.9191
27.4127
27.5934
1
1
1
1
1
1
1.00001
1
1
1
1
1
1
1
1
1
1
1
1
1
1
1
1
1
1
1
1
1
1
1
1
1
1
1
1
1
1
1
1
1
1
1
871.388
862.203
856.074
852.411
851.557
853.393
856.123
750.495
751.219
754.731
749.914
745.087
743.783
745.413
450.306
455.315
456.724
462.147
465.441
464.877
461.394
33.6274
32.0743
31.3165
30.6767
30.5892
31.2054
31.7198
1
1
1
1
1.00007
1.00001
1
1
1
1
1
1
1
1
1
1
1
1
1
1
1
1
1
1
1
1
1
1
1
1
1
1
1
1
1
1
1
1
1
1
1
1
860.243
865.902
873.181
871.968
867.488
868.804
868.315
745.661
742.321
744.518
738.4
751.445
758.526
757.618
457.341
452.155
441.782
444.071
437.524
428.54
428.095
30.8583
29.4341
28.2909
23.6744
21.5018
22.3369
22.2977
1
1
1
1.00001
1.00008
1.00005
1.00006
1
1
1
1
1
1
1
1
1
1
1
1
1
1
1
1
1
1
1
1
1
1
1
1
1
1
1
1
1
1
1
1
1
1
1
883.098
885.004
879.098
877.604
879.379
874.518
873.347
736.706
736.454
741.394
741.766
738.65
752.384
758.67
433.352
435.223
437.209
441.576
446.647
439.403
440.248
28.9993
28.7981
28.6103
28.27
29.4776
34.079
35.4198
1.00001
1.00002
1.00007
1.00015
1.00002
1
1
1
1
1
1
1
1
1
1
1
1
1
1
1
1
1
1
1
1
1
1
1
1
1
1
1
1
1
1
1
1
1
1
1
1
1
)
;
    }
    inlet
    {
        type            calculated;
        value           nonuniform 0();
    }
    procBoundary3to2
    {
        type            processor;
        value           nonuniform List<scalar> 
729
(
934.407
893.224
895.622
970.99
999.726
1000
1000
539.778
548.94
523.678
638.568
925.992
1000
1000
486.702
436.97
444.204
485.394
762.428
1000.01
1000
481.034
412.974
429.748
475.169
732.987
999.286
1000
515.956
483.553
507.979
489.306
740.259
999.937
1000
544.592
488.642
499.269
552.218
856.056
1000
1000
817.535
753.46
718.824
848.831
983.46
1000
1000
1000
1000
1000
1000
999.561
999.101
999.912
996.894
1000
1000
1000
1000
1000
1000
1000
999.943
1000
1000
1000
1000
1000
1000
1000
1000
1000
1000
1000
1000
1000
1000
1000
1000
1000
1000
1000
1000
1000
1000
1000
1000
1000
1000
1000
1000
1000
1000
1000
1000
1000
1000
1000
1000
1000
999.977
999.997
999.973
988.401
1000
1000
1000
1000
1000
1000
1000
780.346
997.767
1000
1000
999.996
999.998
999.998
999.999
574.726
920.038
1000
1000
999.979
999.985
999.915
999.981
572.342
868.637
1000
1000
999.999
1000
999.915
999.973
569.276
937.302
1000
1000
1000
1000
999.915
999.987
860.341
998.962
1000
1000
1000
1000
999.992
999.998
998.673
999.977
1000
1000
1000
1000
1000
1000
1000
1000
1000
1000
999.945
1000
999.984
1000
1000
1000
1000
999.998
1000
999.029
999.777
998.793
1000
1000
1000
1000
1000
999.03
999.829
997.541
1000
1000
999.991
999.928
999.986
999.966
999.922
998.387
1000
1000
999.999
998.949
999.833
997.644
999.447
998.058
1000
1000
999.787
999.747
999.879
995.898
999.697
997.876
1000
1000
999.949
1000
997.542
995.898
999.312
996.868
1000
1000
1000
1000
999.982
999.711
999.851
998.287
999.997
1000
1000
1000
999.944
999.814
999.593
997.657
1000
1000
1000
1000
999.983
999.914
999.466
1000
1000
1000
1000
1000
1000
999.932
999.817
1000
998.062
1000
1000
1000
999.998
1000
1000
1000
999.987
1000
1000
999.999
1000
1000
999.998
1000
1000
1000
1000
1000
1000
1000
1000
1000
1000
1000
1000
1000
1000
1000
1000
1000
1000
1000
1000
1000
1000
1000
1000
1000
1000
1000
1000
1000
1000
1000
1000
1000
1000
1000
1000
1000
1000
1000
1000
1000
1000
1000
1000
1000
1000
1000
1000
1000
1000
1000
1000
1000
1000
1000
1000
1000
1000
1000
1000
1000
1000
1000
1000
1000
1000
1000
1000
1000
1000
1000
1000
1000
1000
1000
1000
1000
1000
1000
1000
1000
1000
1000
1000
1000
1000
1000
1000
1000
1000
1000
1000
1000
1000
1000
1000
1000
1000
1000
1000
1000
1000
1000
1000
1000
1000
1000
1000
1000
1000
1000
1000
1000
1000
1000
1000
1000
1000
1000
1000
1000
1000
1000
1000
1000
1000
1000
1000
1000
1000
1000
1000
1000
999.999
1000
1000
1000
1000
1000
1000
1000
999.998
1000
1000
1000
1000
1000
1000
1000
1000
1000
1000
1000
1000
1000
1000
1000
1000
1000
1000
1000
1000
1000
1000
1000
999.998
1000
1000
1000
1000
1000
1000
1000
1000
1000
1000
1000
1000
1000
1000
1000
1000
1000
1000
1000
1000
1000
1000
1000
1000
1000
1000
1000
1000
1000
1000
1000
1000
1000
1000
1000
1000
1000
1000
1000
1000
1000
1000
1000
1000
1000
1000
1000
1000
1000
1000
1000
1000
1000
1000
1000
1000
1000
1000
1000
1000
1000
1000
1000
1000
1000
1000
1000
1000
1000
1000
1000
1000
1000
1000
1000
1000
1000
1000
1000
1000
1000
1000
1000
1000
1000
1000
1000
1000
1000
1000
1000
1000
1000
1000
1000
1000
1000
1000
1000
1000
1000
1000
1000
1000
1000
1000
1000
1000
1000
1000
1000
1000
1000
1000
1000
1000
1000
1000
1000
1000
1000
1000
1000
1000
1000
1000
1000
1000
1000
1000
1000
1000
1000
1000
1000
1000
1000
1000
1000
1000
1000
1000
1000
1000
1000
1000
1000
1000
1000
1000
1000
1000
1000
1000
1000
1000
1000
1000
1000
1000
1000
1000
1000
1000
1000
1000
1000
1000
1000
1000
1000
1000
1000
1000
1000
1000
1000
1000
1000
1000
1000
1000
1000
1000
1000
1000
1000
1000
1000
1000
1000
1000
1000
1000
1000
1000
1000
1000
1000
1000
1000
1000
1000
1000
1000
1000
1000
1000
1000
1000
1000
1000
1000
1000
1000
1000
1000
1000
1000
1000
1000
1000
1000
1000
1000
1000
1000
1000
1000
1000
1000
1000
1000
1000
1000
1000
1000
1000
1000
1000
1000
1000
1000
1000
1000
1000
1000
1000
1000
1000
1000
1000
1000
1000
1000
1000
1000
1000
1000
1000
1000
1000
1000
1000
1000
1000
1000
1000
1000
1000
1000
1000
1000
1000
1000
1000
1000
1000
1000
1000
1000
1000
1000
1000
1000
1000
1000
1000
1000
1000
1000
1000
1000
1000
1000
1000
1000
1000
1000
)
;
    }
}


// ************************************************************************* //
