/*--------------------------------*- C++ -*----------------------------------*\
| =========                 |                                                 |
| \\      /  F ield         | OpenFOAM: The Open Source CFD Toolbox           |
|  \\    /   O peration     | Version:  plus.master.MPPICInterFoam            |
|   \\  /    A nd           | Web:      www.OpenFOAM.com                      |
|    \\/     M anipulation  |                                                 |
\*---------------------------------------------------------------------------*/
FoamFile
{
    version     2.0;
    format      ascii;
    class       volScalarField;
    location    "11.8";
    object      rho;
}
// * * * * * * * * * * * * * * * * * * * * * * * * * * * * * * * * * * * * * //

dimensions      [1 -3 0 0 0 0 0];

internalField   nonuniform List<scalar> 
11821
(
1000
1000
1000
1000
1000
1000
1000
994.94
258.534
437.847
421.458
298.375
315.774
1000
1000
224.86
0.964078
2.67666
1
442.166
1000
1000
409.647
1.48328
1
7.91126
469.261
1000
1000
310.101
0.815338
0.915396
2.58235
502.948
1000
1000
264.742
358.529
371.565
184.694
339.443
1000
1000
1000
1000
1000
1000
991.858
1000
1000
1000
1000
1000
1000
1000
1000
994.498
776.029
841.169
767.821
772.92
896.912
1000
998.251
500.933
21.1323
17.8395
96.4392
942.353
1000
1000
715.471
17.076
2.5757
59.4454
937.654
1000
1000
617.337
7.38957
2.55562
60.7922
943.292
1000
999.77
618.358
716.694
622.809
562.163
941.271
1000
1000
1000
1000
1000.01
999.125
996.466
1000
1000
1000
999.999
999.991
1000
1000
1000
999.831
997.451
940.68
850.169
989.911
1000
1000
1000
748.891
106.247
44.4663
429.033
998.733
1000
999.995
761.378
23.0036
4.12899
210.779
993.111
1000
1000
778.307
57.7163
4.17198
268.487
993.723
1000
999.905
920.599
837.176
684.813
871.931
1000
1000
1000
1000
1000
999.994
1000
999.796
1000
1000
1000
1000
999.999
999.999
1000
1000
999.982
1000
979.965
902.206
999.999
1000
1000
1000
852.491
255.518
112.83
753.178
1000
1000
1000
775.908
39.7903
4.17349
483.019
1000
1000
1000
831.669
154.999
18.3832
550.723
1000
1000
1000
983.965
873.805
739.583
962.67
1000
1000
1000
1000
1000
1000
1000
1000
1000
1000
1000
1000
999.999
999.99
1000
1000
1000
1000
1000
959.787
1000
1000
1000
1000
921.738
423.914
250.446
904.617
1000
1000
999.965
803.595
73.3809
16.5368
747.45
1000
1000
1000
883.702
256.105
80.0004
762.7
1000
1000
1000
999.982
913.492
814.014
994.481
1000
1000
1000
1000
1000
999.982
1000
1000
1000
1000
1000
1000
1000
1000
1000
1000
1000
1000
1000
1000
1000
1000
1000
1000
1000
1000
1000
1000
1000
1000
1000
1000
1000
1000
1000
1000
1000
1000
1000
1000
1000
1000
1000
1000
1000
1000
1000
1000
1000
1000
1000
1000
1000
1000
1000
1000
1000
1000
1000
1000
1000
1000
1000
1000
1000
1000
1000
1000
1000
1000
1000
1000
1000
1000
1000
1000
1000
1000
1000
1000
1000
1000
1000
1000
1000
1000
1000
1000
1000
1000
1000
1000
1000
1000
1000
1000
1000
1000
1000
1000
1000
1000
1000
1000
1000
1000
1000
1000
1000
1000
1000
1000
1000
1000
1000
1000
1000
1000
1000
1000
1000
1000
1000
1000
1000
1000
1000
1000
1000
1000
1000
1000
1000
1000
1000
1000
1000
1000
1000
1000
1000
1000
1000
1000
1000
1000
1000
1000
1000
1000
1000
1000
1000
1000
1000
1000
1000
1000
1000
1000
1000
1000
1000
1000
1000
1000
1000
1000
1000
1000
1000
1000
1000
1000
1000
1000
1000
1000
1000
1000
1000
1000
1000
1000
1000
1000
1000
1000
1000
1000
1000
1000
1000
1000
1000
1000
1000
1000
1000
1000
1000
1000
1000
1000
1000
1000
1000
1000
1000
1000
1000
1000
1000
1000
1000
1000
1000
1000
1000
1000
1000
1000
1000
1000
1000
1000
1000
1000
999.999
999.986
999.98
999.966
999.962
1000
1000
1000
1000
1000
1000
1000
1000
1000
1000
1000
1000
1000
1000
1000
1000
1000
1000
1000
1000
1000
1000
1000
1000
1000
1000
1000
1000
1000
1000
1000
1000
1000
1000
1000
1000
1000
1000
1000
1000
1000
1000
1000
1000
1000
1000
1000
1000
1000
999.995
999.994
1000
999.999
999.998
999.996
999.999
1000
1000
1000
1000
1000
1000
1000
1000
1000
999.999
999.999
1000
1000
1000
1000
1000
1000
999.999
999.999
1000
1000
1000
1000
1000
1000
1000
1000
1000
1000
1000
1000
1000
1000
1000
1000
1000
1000
1000
1000
1000
1000
1000
1000
1000
1000
1000
1000
1000
1000
1000
1000
1000
1000
1000
1000
1000
1000
1000
1000
1000
1000
1000
999.995
999.989
1000
1000
1000
1000
1000
1000
1000
1000
1000
1000
1000
1000
1000
999.997
999.996
999.996
1000
1000
1000
1000
1000
1000
1000
1000
1000
1000
1000
1000
1000
1000
1000
1000
1000
1000
1000
1000
1000
1000
1000
1000
1000
1000
1000
1000
1000
1000
1000
1000
1000
1000
999.999
1000
999.999
999.999
1000
1000
1000
1000
1000
1000
1000
1000
1000
1000
1000
1000
999.996
999.995
999.995
999.999
1000
1000
1000
1000
1000
1000
1000
1000
1000
1000
1000
1000
1000
1000
1000
1000
1000
1000
1000
999.999
1000
1000
1000
1000
1000
1000
1000
999.994
999.993
1000
999.999
1000
1000
1000
1000
999.996
999.993
1000
1000
1000
1000
1000
1000
999.999
1000
1000
1000
1000
1000
1000
1000
999.997
999.993
999.999
1000
1000
1000
1000
1000
1000
1000
1000
1000
1000
1000
999.994
1000
1000
1000
1000
1000
1000
1000
1000
1000
1000
1000
1000
1000
1000
1000
999.985
999.998
999.996
1000
1000
1000
1000
999.98
999.97
999.997
999.991
999.997
1000
999.997
999.994
999.998
1000
1000
1000
1000
1000
999.988
999.967
999.967
999.967
1000
999.995
999.992
1000
999.999
999.999
1000
1000
1000
1000
1000
999.972
999.864
999.965
1000
1000
1000
1000
999.996
999.994
1000
999.999
999.999
999.999
1000
1000
1000
999.99
999.846
999.798
999.801
999.802
999.999
999.999
999.978
999.971
999.98
999.985
999.969
999.971
999.999
1000
1000
1000
1000
1000
1000
1000
999.988
999.958
999.985
1000
1000
1000
999.999
999.995
999.99
999.93
999.904
1000
1000
1000
1000
999.929
999.995
999.971
999.973
999.997
1000
1000
1000
1000
1000
1000
1000
1000
1000
1000
1000
1000
1000
1000
1000
1000
1000
1000
1000
1000
1000
1000
1000
1000
1000
1000
1000
1000
1000
1000
1000
999.985
999.966
999.952
999.983
999.998
999.999
999.998
1000
999.966
999.562
999.416
999.766
999.997
999.999
999.984
999.799
999.414
999.415
999.415
999.416
999.522
999.999
999.742
999.444
999.442
999.841
1000
1000
1000
999.957
999.947
1000
1000
1000
1000
1000
1000
1000
1000
1000
1000
1000
1000
1000
1000
1000
1000
1000
1000
1000
1000
1000
1000
1000
999.998
999.989
999.979
999.972
999.973
999.967
999.96
1000
1000
999.994
999.987
999.975
999.97
999.289
998.868
999.981
999.805
999.537
999.575
999.974
999.981
999.897
999.109
999.808
999.445
999.445
999.557
1000
1000
999.998
999.996
999.95
999.957
1000
1000
1000
1000
999.962
999.898
1000
1000
1000
1000
1000
1000
1000
1000
1000
1000
1000
1000
1000
1000
999.999
999.999
999.999
999.989
999.989
999.994
1000
999.999
999.998
999.999
1000
1000
1000
1000
999.93
999.838
999.925
999.949
999.914
999.809
999.807
999.986
999.917
999.791
999.791
999.816
999.629
999.446
999.769
1000
999.997
999.996
999.995
1000
999.954
999.994
1000
1000
1000
999.992
999.985
999.992
1000
1000
1000
1000
1000
1000
1000
999.983
1000
1000
1000
1000
999.997
999.996
999.996
999.998
999.998
999.989
999.993
1000
1000
1000
1000
1000
1000
1000
1000
999.98
999.955
999.997
1000
1000
999.928
999.91
999.994
1000
999.943
999.885
1000
1000
999.761
999.546
1000
1000
999.998
999.998
1000
1000
999.974
1000
1000
1000
999.998
999.998
1000
1000
1000
1000
1000
1000
1000
999.999
999.999
1000
1000
1000
1000
1000
999.998
999.998
1000
1000
1000
1000
1000
1000
1000
1000
1000
999.995
1000
1000
1000
1000
1000
1000
1000
999.999
1000
1000
1000
1000
1000
1000
1000
1000
1000
1000
1000
1000
1000
1000
1000
1000
1000
1000
999.983
999.97
999.97
999.97
999.978
1000
1000
999.999
999.998
999.998
1000
1000
1000
1000
1000
1000
1000
1000
1000
1000
1000
1000
1000
1000
1000
1000
1000
1000
1000
999.992
1000
1000
1000
1000
1000
1000
1000
1000
1000
1000
1000
1000
1000
1000
1000
1000
1000
1000
1000
1000
1000
1000
1000
1000
1000
999.989
999.97
999.97
999.98
999.999
999.999
1000
999.999
999.998
999.999
1000
1000
1000
1000
1000
1000
1000
1000
1000
1000
999.997
999.98
999.98
1000
1000
1000
999.974
999.809
999.778
999.978
999.972
1000
1000
1000
1000
1000
999.821
998.962
998.819
1000
1000
1000
1000
999.997
999.848
999.775
999.943
1000
1000
1000
1000
999.999
999.997
1000
1000
1000
999.978
999.97
999.996
1000
1000
999.983
999.98
1000
999.999
1000
1000
1000
999.945
999.176
999.004
1000
1000
1000
999.995
999.941
999.936
999.971
999.999
1000
1000
1000
1000
999.945
999.085
998.828
998.827
1000
1000
1000
999.995
999.249
998.828
998.826
998.823
1000
1000
1000
999.994
999.941
999.907
999.961
999.997
1000
1000
1000
999.993
999.966
999.943
999.939
999.953
1000
999.991
1000
999.931
999.218
999.013
999.009
999.13
1000
1000
1000
999.86
999.064
999.009
999.008
999.005
1000
1000
999.977
999.907
999.936
999.964
999.945
999.936
1000
1000
999.943
999.666
999.65
999.919
999.924
999.982
1000
1000
999.979
999.172
998.908
998.978
999.997
999.992
1000
999.984
999.88
999.957
999.994
999.995
999.997
999.997
1000
999.992
999.936
999.967
999.993
999.986
999.994
999.997
1000
1000
999.935
999.436
999.219
999.842
999.914
999.946
1000
1000
999.986
999.501
999.241
999.993
999.906
999.97
1000
999.985
999.965
999.968
999.998
999.995
999.995
1000
1000
1000
1000
1000
1000
1000
1000
1000
1000
1000
1000
1000
1000
1000
1000
1000
1000
1000
1000
1000
1000
1000
1000
1000
1000
1000
1000
999.987
1000
1000
1000
1000
1000
1000
1000
1000
1000
1000
1000
1000
999.999
999.996
999.994
1000
999.996
1000
1000
1000
1000
1000
1000
999.999
1000
1000
1000
1000
1000
1000
1000
999.978
999.905
999.901
999.983
999.999
999.968
1000
999.998
999.999
999.803
999.995
1000
999.994
999.831
1000
1000
1000
1000
999.987
999.969
1000
1000
1000
1000
1000
999.987
999.131
998.523
999.999
999.898
999.998
1000
1000
999.982
999.963
1000
999.973
999.958
1000
1000
1000
1000
1000
1000
1000
1000
999.993
999.998
1000
1000
1000
999.999
999.996
999.943
1000
1000
1000
1000
1000
999.98
999.92
998.818
999.975
999.999
999.98
999.005
999.99
999.004
998.938
999.996
999.956
999.722
999.046
999.949
1000
999.996
999.997
999.973
999.997
1000
1000
1000
1000
1000
1000
1000
1000
1000
1000
1000
1000
1000
1000
1000
1000
1000
1000
1000
1000
1000
1000
1000
1000
1000
1000
1000
1000
1000
1000
1000
1000
1000
1000
1000
1000
1000
1000
1000
1000
1000
1000
1000
1000
1000
1000
1000
1000
1000
1000
1000
1000
1000
1000
1000
1000
1000
1000
1000
1000
1000
1000
1000
1000
1000
1000
1000
1000
1000
1000
1000
1000
1000
1000
1000
1000
1000
1000
1000
1000
1000
1000
1000
1000
1000
1000
1000
1000
1000
1000
1000
1000
1000
1000
1000
1000
1000
1000
1000
1000
1000
1000
1000
1000
1000
1000
1000
1000
1000
1000
1000
1000
1000
1000
1000
1000
1000
1000
1000
1000
1000
1000
1000
1000
1000
1000
1000
1000
1000
1000
1000
1000
1000
1000
1000
1000
1000
1000
1000
1000
1000
1000
1000
1000
1000
1000
1000
1000
1000
1000
1000
1000
1000
1000
1000
1000
1000
1000
1000
1000
1000
1000
1000
1000
1000
1000
1000
1000
1000
1000
1000
1000
1000
1000
1000
1000
1000
1000
1000
1000
1000
1000
1000
1000
1000
1000
1000
1000
1000
1000
1000
1000
1000
1000
1000
1000
1000
1000
1000
1000
1000
1000
1000
1000
1000
1000
1000
1000
1000
1000
1000
1000
1000
1000
1000
1000
1000
1000
1000
1000
1000
1000
1000
1000
1000
1000
1000
1000
1000
1000
1000
1000
1000
1000
1000
1000
1000
1000
1000
1000
1000
1000
1000
1000
1000
1000
1000
1000
1000
1000
1000
1000
1000
1000
1000
1000
1000
1000
1000
1000
1000
1000
1000
1000
1000
1000
1000
1000
1000
1000
1000
1000
1000
1000
1000
1000
1000
1000
1000
1000
1000
1000
999.995
999.99
999.998
1000
1000
1000
1000
1000
1000
1000
999.999
999.994
999.961
999.832
999.695
999.957
1000
1000
999.999
999.999
999.996
999.952
999.882
999.874
1000
1000
1000
1000
999.999
999.999
999.999
999.988
1000
1000
1000
1000
999.995
999.976
999.96
999.966
999.999
1000
1000
999.998
999.962
999.919
999.942
999.998
999.991
999.995
1000
1000
1000
1000
1000
1000
1000
1000
1000
1000
1000
1000
1000
1000
1000
1000
999.933
999.664
999.606
999.606
999.699
999.978
1000
1000
999.997
999.964
999.926
999.865
999.723
999.72
1000
1000
1000
1000
1000
999.996
999.958
999.942
1000
1000
1000
999.992
999.78
999.554
999.67
999.946
1000
1000
1000
999.819
999.174
999.134
1000
1000
1000
1000
1000
1000
1000
1000
1000
999.998
1000
1000
1000
1000
999.999
999.999
999.998
999.998
1000
999.813
999.605
999.605
999.606
999.661
999.929
999.999
999.993
999.988
999.971
999.956
999.916
999.625
999.424
999.841
1000
1000
999.999
999.986
999.952
999.916
999.889
999.917
1000
1000
999.989
999.409
998.806
999.125
1000
999.999
1000
999.989
999.2
998.809
998.807
999.149
1000
1000
1000
1000
1000
999.998
999.994
1000
999.997
999.995
1000
1000
1000
1000
1000
1000
999.999
999.999
999.955
999.831
999.739
999.671
999.73
999.926
999.978
999.973
999.871
999.22
999.185
999.185
999.186
999.186
999.423
999.965
999.979
999.97
999.961
999.948
999.92
999.894
999.947
999.974
999.195
998.804
998.805
998.806
998.806
998.881
999.959
999.974
999.859
999.867
999.639
998.95
998.806
999.414
999.908
999.835
1000
999.999
999.991
999.975
999.96
999.981
999.997
999.996
999.999
999.999
1000
1000
1000
1000
1000
1000
999.99
1000
1000
999.988
999.973
999.96
999.939
999.908
1000
1000
999.999
999.616
999.211
999.187
999.188
999.398
999.981
999.97
999.946
999.894
999.87
999.976
999.996
999.996
999.991
999.324
998.806
998.806
999.035
999.278
999.124
999.151
999.938
999.95
999.932
999.984
999.978
999.964
999.677
999.596
999.999
1000
1000
1000
1000
1000
1000
999.997
999.98
999.937
999.977
1000
1000
1000
1000
1000
999.993
999.896
999.832
999.832
999.832
999.934
1000
1000
999.831
999.978
999.999
999.975
999.939
999.919
999.954
999.989
1000
999.999
999.998
999.999
999.999
999.999
999.999
999.998
999.999
999.999
999.999
999.998
999.997
999.999
1000
1000
1000
1000
999.998
999.997
999.998
1000
1000
1000
1000
1000
1000
1000
1000
1000
1000
1000
999.964
999.954
999.964
999.988
999.999
1000
1000
1000
999.869
999.832
999.832
999.832
999.893
1000
1000
1000
1000
1000
1000
999.939
999.802
999.802
999.867
1000
1000
1000
999.996
999.985
999.983
999.993
999.997
999.999
1000
1000
999.964
999.927
999.962
1000
1000
1000
1000
999.982
999.965
999.984
1000
1000
1000
1000
1000
1000
1000
1000
1000
1000
1000
1000
1000
1000
1000
1000
1000
1000
1000
1000
1000
999.927
999.859
999.91
1000
1000
1000
1000
998.526
998.534
998.787
999.745
1000
1000
1000
999.999
999.997
999.996
999.995
999.993
999.99
999.991
999.995
1000
999.899
999.899
999.899
999.937
999.996
1000
999.997
999.995
999.953
999.899
999.975
1000
1000
1000
1000
1000
1000
999.999
1000
1000
1000
1000
1000
1000
1000
1000
1000
1000
1000
1000
1000
1000
1000
1000
1000
1000
1000
1000
1000
1000
999.947
999.99
1000
1000
999.999
999.998
999.995
999.993
1000
1000
1000
999.978
999.934
999.934
999.934
999.934
999.925
999.899
999.967
1000
999.999
999.998
999.978
999.956
999.947
999.998
1000
1000
1000
1000
1000
999.999
1000
1000
1000
1000
1000
1000
1000
1000
1000
1000
1000
1000
1000
1000
1000
1000
1000
1000
1000
1000
1000
1000
1000
1000
1000
1000
1000
1000
1000
999.998
999.996
999.994
1000
1000
1000
1000
1000
999.998
999.957
999.868
1000
1000
1000
1000
1000
1000
999.986
999.973
1000
1000
1000
1000
1000
1000
1000
1000
1000
1000
1000
1000
1000
1000
1000
1000
999.998
1000
1000
1000
1000
1000
1000
1000
999.998
999.987
999.968
999.952
999.967
1000
1000
1000
1000
999.991
999.986
999.996
999.994
999.995
1000
1000
999.999
999.998
999.998
999.998
999.998
999.998
999.995
999.993
1000
1000
1000
999.989
999.945
999.909
999.907
999.952
999.999
999.999
999.996
999.893
999.736
999.9
999.998
1000
999.988
999.988
999.998
1000
1000
1000
1000
1000
999.908
999.992
1000
1000
1000
1000
1000
1000
1000
999.913
999.307
999.321
999.945
1000
1000
1000
1000
1000
999.738
999.341
999.559
999.999
1000
1000
999.999
999.998
999.997
999.976
999.943
999.965
999.982
999.983
1000
999.984
999.928
999.889
999.849
999.848
999.848
999.937
999.999
999.742
999.492
999.492
999.66
1000
1000
999.999
999.98
999.991
1000
1000
1000
1000
1000
999.999
999.892
999.897
999.998
1000
999.999
1000
1000
999.998
998.82
998.823
998.825
999.53
1000
1000
1000
999.994
999.711
998.939
998.829
998.995
999.959
1000
1000
1000
999.993
999.972
999.927
999.857
999.836
999.959
999.993
999.994
999.976
999.967
999.798
999.43
999.578
999.959
999.998
999.996
999.007
999.286
999.984
999.999
999.999
999.995
999.998
999.97
999.985
999.979
999.987
999.999
1000
1000
999.999
999.997
999.958
999.952
999.933
999.98
999.999
1000
999.997
999.994
998.866
998.824
998.838
999.606
999.933
999.989
999.981
999.971
999.751
998.875
998.833
998.833
999.022
999.917
1000
999.998
999.893
999.815
999.912
999.936
999.955
999.976
999.995
999.999
999.654
999.309
999.309
999.309
999.819
999.994
999.99
999.964
999.919
1000
999.976
999.958
999.961
999.986
999.989
999.943
999.985
999.999
1000
1000
999.999
999.998
999.998
999.998
999.999
1000
1000
1000
1000
999.997
999.995
999.996
999.992
999.951
999.931
999.912
999.903
999.91
999.952
999.98
999.974
999.201
998.834
998.888
999.689
999.99
1000
999.981
999.925
999.911
999.892
999.867
999.928
999.973
999.999
999.999
999.996
999.994
999.994
999.995
999.995
999.976
999.843
999.797
1000
1000
999.999
999.995
999.993
999.992
999.982
999.941
1000
1000
1000
999.999
999.999
999.999
1000
1000
1000
1000
1000
1000
1000
1000
1000
1000
1000
1000
1000
1000
1000
1000
1000
1000
1000
1000
1000
1000
1000
1000
1000
1000
1000
1000
1000
1000
1000
1000
1000
1000
1000
1000
1000
1000
1000
1000
1000
1000
1000
1000
1000
1000
1000
1000
1000
1000
1000
1000
1000
1000
1000
1000
1000
1000
1000
1000
1000
1000
1000
1000
1000
1000
1000
1000
1000
1000
1000
1000
1000
1000
1000
1000
1000
1000
1000
1000
1000
1000
1000
1000
1000
1000
1000
1000
1000
1000
1000
1000
1000
1000
1000
1000
1000
1000
1000
1000
1000
1000
1000
1000
1000
1000
1000
1000
1000
1000
1000
1000
1000
1000
1000
1000
1000
1000
1000
1000
1000
1000
1000
1000
1000
1000
1000
1000
1000
1000
1000
1000
1000
1000
1000
1000
1000
1000
1000
1000
1000
1000
1000
1000
1000
1000
1000
1000
1000
1000
1000
1000
1000
1000
1000
1000
1000
1000
1000
1000
1000
1000
1000
1000
1000
1000
1000
1000
1000
1000
1000
1000
1000
1000
1000
1000
1000
1000
1000
1000
1000
1000
1000
1000
1000
1000
1000
1000
1000
1000
1000
1000
1000
1000
1000
1000
1000
1000
1000
1000
1000
1000
1000
1000
1000
1000
1000
1000
1000
1000
1000
1000
1000
1000
1000
1000
1000
1000
1000
1000
1000
1000
1000
1000
1000
1000
1000
1000
1000
1000
1000
1000
1000
1000
1000
1000
1000
1000
1000
1000
1000
1000
1000
1000
1000
1000
1000
1000
1000
1000
1000
1000
1000
1000
1000
1000
1000
1000
1000
1000
1000
1000
1000
1000
1000
1000
1000
1000
1000
1000
1000
1000
1000
1000
1000
1000
1000
1000
1000
1000
1000
1000
999.998
999.997
999.997
999.998
999.998
1000
1000
1000
1000
999.999
999.999
999.998
999.997
999.999
1000
1000
999.94
999.953
999.976
999.995
1000
1000
1000
1000
999.986
999.983
999.99
999.997
999.999
1000
1000
999.995
999.993
1000
1000
1000
1000
1000
1000
999.999
1000
1000
1000
999.998
999.999
1000
1000
1000
1000
1000
1000
1000
1000
999.998
1000
1000
999.998
999.997
1000
1000
1000
1000
1000
1000
1000
999.999
999.965
999.896
999.841
999.901
999.972
999.977
999.892
999.999
999.997
999.991
999.981
999.981
999.991
999.991
999.961
999.985
999.993
999.998
1000
1000
1000
999.996
1000
1000
1000
999.993
999.98
999.99
999.997
999.996
1000
1000
1000
999.941
999.877
999.946
999.992
999.989
999.999
1000
1000
1000
1000
1000
1000
1000
999.999
999.998
999.997
999.997
999.999
1000
1000
1000
999.999
999.928
999.785
999.786
999.786
999.787
999.866
999.937
999.984
999.999
999.99
999.971
999.947
999.948
999.985
999.996
999.985
999.997
999.999
1000
1000
1000
1000
1000
1000
1000
1000
999.977
999.938
999.964
999.992
999.988
999.989
999.999
999.996
999.877
999.828
999.828
999.894
1000
999.995
999.999
1000
1000
1000
1000
1000
1000
999.999
999.996
999.995
999.997
999.998
1000
1000
1000
999.927
999.848
999.786
999.813
999.921
999.837
999.715
999.715
999.9
999.993
999.99
999.965
999.956
999.872
999.864
999.944
999.997
1000
1000
1000
999.995
999.98
999.966
999.969
999.993
1000
999.998
999.896
999.78
999.632
999.721
999.916
999.923
999.981
999.986
999.959
999.921
999.828
999.755
999.906
999.991
999.991
999.996
999.999
1000
1000
1000
1000
999.999
999.998
999.999
1000
1000
1000
1000
999.999
999.899
999.968
999.983
999.972
999.974
999.893
999.822
999.716
999.876
999.989
999.631
999.255
999.634
999.805
999.525
999.57
999.997
999.994
999.978
999.973
999.995
999.985
999.869
999.717
999.997
999.947
999.977
999.641
999.424
999.424
999.424
999.424
999.907
999.888
999.853
999.914
999.989
999.986
999.897
999.701
999.991
999.992
999.986
999.99
999.999
1000
1000
1000
1000
1000
999.994
999.981
999.971
999.99
1000
1000
1000
1000
999.975
999.93
999.924
999.972
1000
1000
999.996
999.995
999.993
999.984
999.985
999.995
1000
1000
999.999
999.999
999.999
999.999
999.999
1000
1000
999.999
1000
999.999
999.995
999.987
999.984
999.997
1000
1000
1000
1000
999.998
999.972
999.963
999.993
1000
1000
1000
1000
1000
1000
1000
1000
1000
1000
1000
1000
999.991
999.972
999.969
999.987
999.992
999.998
1000
1000
999.948
999.877
999.877
999.891
999.973
1000
1000
1000
999.993
999.978
999.984
999.992
999.999
1000
1000
999.996
999.978
999.98
999.999
1000
1000
999.999
1000
999.961
999.835
999.857
999.981
999.993
1000
1000
1000
1000
999.994
999.918
999.885
999.947
1000
1000
1000
1000
1000
1000
1000
1000
1000
1000
1000
1000
1000
1000
999.995
999.983
999.984
999.988
1000
1000
1000
999.964
999.876
999.877
999.877
999.909
1000
1000
999.988
999.853
999.81
999.963
999.986
1000
1000
999.999
999.972
999.946
999.971
999.994
1000
1000
1000
999.918
999.711
999.711
999.711
999.888
999.988
999.995
1000
1000
1000
999.977
999.885
999.885
999.942
999.968
1000
1000
1000
1000
1000
1000
1000
1000
1000
1000
1000
1000
1000
1000
1000
999.996
1000
1000
999.998
999.991
999.986
999.939
999.877
999.807
999.997
999.999
999.967
999.757
999.695
999.695
999.695
999.785
999.962
999.956
999.957
999.973
999.986
999.997
999.997
999.979
999.992
1000
1000
999.891
999.71
999.668
999.668
999.668
999.999
1000
999.999
999.997
999.993
999.953
999.871
999.89
1000
1000
1000
1000
1000
1000
1000
1000
1000
1000
1000
1000
1000
1000
1000
1000
1000
1000
1000
1000
1000
1000
999.993
999.996
999.993
999.994
999.998
1000
1000
999.873
999.752
999.752
999.85
999.85
999.85
999.85
999.945
999.969
999.997
999.997
999.981
999.99
999.987
999.993
1000
999.917
999.75
999.668
1000
1000
1000
1000
1000
1000
999.981
999.948
1000
1000
1000
1000
1000
1000
1000
1000
1000
1000
1000
1000
1000
1000
1000
1000
1000
1000
999.997
999.998
1000
1000
1000
1000
1000
1000
1000
1000
1000
1000
1000
999.993
999.994
999.99
999.994
999.999
999.998
999.999
1000
999.985
999.97
999.973
999.987
999.998
999.997
999.999
1000
999.99
1000
1000
1000
999.997
999.99
999.991
999.999
999.999
1000
1000
1000
1000
1000
1000
1000
1000
999.998
999.998
1000
1000
999.999
1000
1000
1000
1000
1000
999.913
999.811
999.938
999.997
1000
1000
1000
1000
999.987
999.964
999.986
1000
1000
999.995
999.988
999.992
999.996
999.999
999.998
999.999
1000
999.976
999.988
999.999
1000
999.998
999.983
999.98
999.987
999.958
999.998
999.999
1000
999.96
999.883
999.88
999.976
1000
999.997
999.997
999.999
1000
1000
1000
999.999
1000
999.994
999.995
999.999
999.999
999.997
999.999
1000
1000
999.993
999.992
999.855
999.739
999.739
999.754
999.904
999.918
1000
1000
999.976
999.875
999.879
999.993
999.995
999.991
999.993
999.997
999.999
999.999
999.996
999.999
999.991
999.93
999.997
999.999
1000
999.998
999.981
999.951
999.925
999.894
999.931
999.977
999.994
999.944
999.88
999.88
999.88
999.944
999.995
999.995
999.999
999.999
999.999
999.999
999.998
999.999
999.993
999.997
999.998
999.996
999.995
999.995
999.999
999.996
999.971
999.987
999.997
999.972
999.739
999.588
999.588
999.588
999.986
999.995
1000
999.984
999.823
999.773
999.947
999.969
999.999
999.999
1000
999.997
999.994
999.995
999.975
999.912
999.975
1000
1000
999.962
999.828
999.8
999.842
999.853
999.918
999.941
999.997
1000
999.985
999.923
999.855
999.853
999.996
999.995
999.999
1000
1000
999.999
999.998
999.997
999.998
999.997
999.997
999.999
1000
1000
999.998
999.992
999.963
999.967
999.998
999.993
999.983
999.9
999.77
999.608
999.953
999.99
1000
999.997
999.683
999.342
999.245
999.542
999.999
1000
1000
999.998
999.982
999.961
999.975
999.96
999.859
1000
1000
999.936
999.583
999.499
999.5
999.668
999.921
999.986
1000
999.997
999.982
999.977
999.949
999.898
999.999
999.999
1000
1000
1000
1000
1000
1000
1000
1000
1000
1000
1000
1000
1000
1000
1000
1000
1000
1000
1000
1000
1000
1000
1000
1000
1000
1000
1000
1000
1000
1000
1000
1000
1000
1000
1000
1000
1000
1000
1000
1000
1000
1000
1000
1000
1000
1000
1000
1000
1000
1000
1000
1000
1000
1000
1000
1000
1000
1000
1000
1000
1000
1000
1000
1000
1000
1000
1000
1000
1000
1000
1000
1000
1000
1000
1000
1000
1000
1000
1000
1000
1000
1000
1000
1000
1000
1000
1000
1000
1000
1000
1000
1000
1000
1000
1000
1000
1000
1000
1000
1000
1000
1000
1000
1000
1000
1000
1000
1000
1000
1000
1000
1000
1000
1000
1000
1000
1000
1000
1000
1000
1000
1000
1000
1000
1000
1000
1000
1000
1000
1000
1000
1000
1000
1000
1000
1000
1000
1000
1000
1000
1000
1000
1000
1000
1000
1000
1000
1000
1000
1000
1000
1000
1000
1000
1000
1000
1000
1000
1000
1000
1000
1000
1000
1000
1000
1000
1000
1000
1000
1000
1000
1000
1000
1000
1000
1000
1000
1000
1000
1000
1000
1000
1000
1000
1000
1000
1000
1000
1000
1000
1000
1000
1000
1000
1000
1000
1000
1000
1000
1000
1000
1000
1000
1000
1000
1000
1000
1000
1000
1000
1000
1000
1000
1000
1000
1000
1000
1000
1000
1000
1000
1000
1000
1000
1000
1000
1000
1000
1000
1000
1000
1000
1000
1000
1000
1000
1000
1000
1000
1000
1000
1000
1000
1000
1000
1000
1000
1000
1000
1000
1000
1000
1000
1000
1000
1000
1000
1000
1000
1000
1000
1000
1000
1000
1000
1000
1000
1000
1000
1000
1000
1000
1000
1000
1000
1000
1000
1000
1000
1000
1000
1000
1000
1000
1000
1000
1000
1000
1000
1000
1000
1000
1000
1000
1000
1000
1000
1000
1000
1000
1000
1000
1000
1000
1000
1000
1000
1000
1000
1000
1000
1000
1000
1000
1000
1000
1000
1000
1000
1000
1000
1000
1000
1000
1000
1000
1000
1000
1000
1000
1000
1000
1000
1000
1000
1000
1000
1000
1000
1000
1000
1000
1000
1000
1000
1000
1000
1000
1000
1000
1000
1000
1000
1000
1000
1000
1000
1000
1000
1000
1000
1000
1000
1000
1000
1000
1000
1000
1000
1000
1000
1000
1000
1000
1000
1000
1000
1000
1000
1000
1000
1000
1000
1000
1000
1000
1000
1000
1000
1000
1000
1000
1000
1000
1000
1000
1000
1000
1000
1000
1000
1000
1000
1000
1000
1000
1000
1000
1000
1000
1000
1000
1000
1000
1000
1000
1000
1000
1000
1000
1000
1000
1000
1000
1000
1000
1000
1000
1000
1000
1000
1000
1000
1000
1000
1000
1000
1000
1000
1000
1000
1000
1000
1000
1000
1000
1000
1000
1000
1000
1000
1000
1000
1000
1000
1000
1000
1000
1000
1000
1000
1000
1000
1000
1000
1000
1000
1000
1000
1000
1000
1000
1000
1000
1000
1000
1000
1000
1000
1000
1000
1000
1000
1000
1000
1000
1000
1000
1000
1000
1000
1000
1000
1000
1000
1000
1000
1000
1000
1000
1000
1000
1000
1000
1000
1000
1000
1000
1000
1000
1000
1000
1000
1000
1000
1000
1000
1000
1000
1000
1000
1000
1000
1000
1000
1000
1000
1000
1000
1000
1000
1000
1000
1000
1000
1000
1000
1000
1000
1000
1000
1000
1000
1000
1000
1000
1000
1000
1000
1000
1000
1000
1000
1000
1000
1000
1000
1000
1000
1000
1000
1000
1000
1000
1000
1000
1000
1000
1000
1000
1000
1000
1000
1000
1000
1000
1000
1000
1000
1000
1000
1000
1000
1000
1000
1000
1000
1000
1000
1000
1000
1000
1000
1000
1000
1000
1000
1000
1000
1000
1000
1000
1000
1000
1000
1000
1000
1000
1000
1000
1000
1000
1000
1000
1000
1000
1000
1000
1000
1000
1000
1000
1000
1000
1000
1000
1000
1000
1000
1000
1000
1000
1000
1000
1000
1000
1000
1000
1000
1000
1000
1000
1000
1000
1000
999.971
1000
1000
1000
999.907
999.546
999.491
999.861
999.996
1000
1000
1000
1000
1000
1000
999.797
999.63
1000
1000
1000
1000
1000
1000
1000
1000
1000
1000
1000
1000
1000
1000
1000
1000
1000
1000
1000
1000
1000
1000
1000
1000
1000
1000
1000
1000
1000
1000
1000
1000
1000
1000
1000
1000
999.994
999.965
999.932
999.915
1000
1000
1000
1000
999.949
999.49
999.435
999.517
1000
1000
1000
1000
999.981
999.965
999.988
999.96
1000
1000
1000
1000
1000
1000
1000
1000
1000
1000
1000
1000
1000
1000
1000
1000
1000
1000
1000
1000
1000
1000
1000
1000
1000
1000
1000
1000
1000
1000
1000
1000
1000
1000
1000
1000
1000
1000
999.976
999.896
1000
1000
1000
1000
1000
999.984
999.439
999.328
1000
1000
1000
1000
1000
999.999
999.962
999.894
1000
1000
1000
1000
1000
1000
1000
1000
1000
1000
1000
1000
1000
1000
1000
1000
1000
1000
1000
1000
1000
1000
1000
1000
1000
1000
1000
1000
1000
1000
1000
1000
1000
1000
1000
1000
1000
1000
1000
999.997
1000
1000
1000
1000
1000
1000
1000
999.562
1000
1000
1000
1000
1000
1000
1000
999.963
1000
1000
1000
1000
1000
1000
1000
1000
1000
1000
1000
1000
1000
1000
1000
1000
1000
1000
1000
1000
1000
1000
1000
1000
1000
1000
1000
1000
1000
1000
1000
1000
1000
1000
1000
1000
1000
1000
1000
1000
1000
1000
1000
1000
1000
1000
1000
1000
1000
1000
1000
1000
1000
1000
1000
1000
1000
1000
1000
1000
1000
1000
1000
1000
1000
1000
1000
1000
1000
1000
1000
1000
1000
1000
1000
1000
1000
1000
1000
1000
1000
1000
1000
1000
1000
1000
1000
1000
1000
1000
1000
1000
1000
1000
1000
1000
1000
1000
1000
1000
1000
1000
1000
1000
1000
1000
1000
1000
1000
1000
1000
1000
1000
1000
1000
1000
1000
1000
1000
1000
1000
1000
1000
1000
1000
1000
1000
1000
1000
1000
1000
1000
1000
1000
1000
1000
1000
1000
1000
1000
1000
1000
1000
1000
1000
1000
1000
1000
1000
1000
1000
1000
1000
1000
1000
1000
1000
1000
1000
1000
1000
1000
1000
1000
1000
1000
1000
1000
1000
1000
1000
1000
1000
1000
1000
1000
1000
1000
1000
1000
1000
1000
1000
1000
1000
1000
1000
1000
1000
1000
1000
1000
1000
1000
1000
1000
1000
1000
1000
1000
1000
1000
1000
1000
1000
1000
1000
1000
1000
1000
1000
1000
1000
1000
1000
1000
1000
1000
1000
1000
1000
1000
1000
1000
1000
1000
1000
1000
1000
1000
1000
1000
1000
1000
1000
1000
1000
1000
1000
1000
1000
1000
1000
1000
1000
1000
1000
1000
1000
1000
1000
1000
1000
1000
1000
1000
1000
1000
1000
1000
1000
1000
1000
1000
1000
1000
1000
1000
1000
1000
1000
1000
1000
1000
1000
1000
1000
1000
1000
1000
1000
1000
1000
1000
1000
1000
1000
1000
1000
1000
1000
1000
1000
1000
1000
1000
1000
1000
1000
1000
1000
1000
1000
1000
1000
1000
1000
1000
1000
1000
1000
1000
1000
1000
1000
1000
1000
1000
1000
1000
1000
1000
1000
1000
1000
1000
1000
1000
1000
1000
1000
1000
1000
1000
1000
1000
1000
1000
1000
1000
1000
1000
1000
1000
1000
1000
1000
1000
1000
1000
1000
1000
1000
1000
1000
1000
1000
1000
1000
1000
1000
1000
1000
1000
1000
1000
1000
1000
1000
1000
1000
1000
1000
1000
1000
1000
1000
1000
1000
1000
1000
1000
1000
1000
1000
1000
1000
1000
1000
1000
1000
1000
1000
1000
1000
1000
1000
1000
1000
1000
1000
1000
1000
1000
1000
1000
1000
1000
1000
1000
1000
1000
1000
1000
1000
1000
1000
1000
1000
1000
1000
1000
1000
1000
1000
1000
1000
1000
1000
1000
1000
1000
1000
1000
1000
1000
1000
1000
1000
1000
1000
1000
1000
1000
1000
1000
1000
1000
1000
1000
1000
1000
1000
1000
1000
1000
1000
1000
1000
1000
1000
1000
1000
1000
1000
1000
1000
1000
1000
1000
1000
1000
1000
1000
1000
1000
1000
1000
1000
1000
1000
1000
1000
1000
1000
1000
1000
1000
1000
1000
1000
1000
1000
1000
1000
1000
1000
1000
1000
1000
1000
1000
1000
1000
1000
1000
1000
1000
1000
1000
1000
1000
1000
1000
1000
1000
1000
1000
1000
1000
1000
1000
1000
1000
1000
1000
1000
1000
1000
1000
1000
1000
1000
1000
1000
1000
1000
1000
1000
1000
1000
1000
1000
1000
1000
1000
1000
1000
1000
1000
1000
1000
1000
1000
1000
1000
1000
1000
1000
1000
1000
1000
1000
1000
1000
1000
1000
1000
1000
1000
1000
1000
1000
1000
1000
1000
1000
1000
1000
1000
1000
1000
1000
1000
1000
1000
1000
1000
1000
1000
1000
1000
1000
1000
1000
1000
1000
1000
1000
1000
1000
1000
1000
1000
1000
1000
1000
1000
1000
1000
1000
1000
1000
1000
1000
1000
1000
1000
1000
1000
1000
1000
1000
1000
1000
1000
1000
1000
1000
1000
1000
1000
1000
1000
1000
1000
1000
1000
1000
1000
1000
1000
1000
1000
1000
1000
1000
1000
1000
1000
1000
1000
1000
1000
1000
1000
1000
1000
1000
1000
1000
1000
1000
1000
1000
1000
1000
1000
1000
1000
1000
1000
1000
1000
1000
1000
1000
1000
1000
1000
1000
1000
1000
1000
1000
1000
1000
1000
1000
1000
1000
1000
1000
1000
1000
1000
1000
1000
1000
1000
1000
1000
1000
1000
1000
1000
1000
1000
1000
1000
1000
1000
1000
1000
1000
1000
1000
1000
1000
1000
1000
1000
1000
1000
1000
1000
1000
1000
1000
1000
1000
1000
1000
1000
1000
1000
1000
1000
1000
1000
1000
1000
1000
1000
1000
1000
1000
1000
1000
1000
1000
1000
1000
1000
1000
1000
1000
1000
1000
1000
1000
1000
1000
1000
1000
1000
1000
1000
1000
1000
1000
1000
1000
1000
1000
1000
1000
1000
1000
1000
1000
1000
1000
1000
1000
1000
1000
1000
1000
1000
1000
1000
1000
1000
1000
1000
1000
1000
1000
1000
1000
1000
1000
1000
1000
1000
1000
1000
1000
1000
1000
1000
1000
1000
1000
1000
1000
1000
1000
1000
1000
1000
1000
1000
1000
1000
1000
1000
1000
1000
1000
1000
1000
1000
1000
1000
1000
1000
1000
1000
1000
1000
1000
1000
1000
1000
1000
1000
1000
1000
1000
1000
1000
1000
1000
1000
1000
1000
1000
1000
1000
1000
1000
1000
1000
1000
1000
1000
1000
1000
1000
1000
1000
1000
1000
1000
1000
1000
1000
1000
1000
1000
1000
1000
1000
1000
1000
1000
1000
1000
1000
1000
1000
1000
1000
1000
1000
1000
1000
1000
1000
1000
1000
1000
1000
1000
1000
1000
1000
1000
1000
1000
1000
1000
1000
1000
1000
1000
1000
1000
1000
1000
1000
1000
1000
1000
1000
1000
1000
1000
1000
1000
1000
1000
1000
1000
1000
1000
1000
1000
1000
1000
1000
1000
1000
1000
1000
1000
1000
1000
1000
1000
1000
1000
1000
1000
1000
1000
1000
1000
1000
1000
1000
1000
1000
1000
1000
1000
1000
1000
1000
1000
1000
1000
1000
1000
1000
1000
1000
1000
1000
1000
1000
1000
1000
1000
1000
1000
1000
1000
1000
1000
1000
1000
1000
1000
1000
1000
1000
1000
1000
1000
1000
1000
1000
1000
1000
1000
1000
1000
1000
1000
1000
1000
1000
1000
1000
1000
1000
1000
1000
1000
1000
1000
1000
1000
1000
1000
1000
1000
1000
1000
1000
1000
1000
1000
1000
1000
1000
1000
1000
1000
1000
1000
1000
1000
1000
1000
1000
1000
1000
1000
1000
1000
1000
1000
1000
1000
1000
1000
1000
1000
1000
1000
1000
1000
1000
1000
1000
1000
1000
1000
1000
1000
1000
1000
1000
1000
1000
1000
1000
1000
1000
1000
1000
1000
1000
1000
1000
1000
1000
1000
1000
1000
1000
1000
1000
1000
1000
1000
1000
1000
1000
999.988
1000
1000
1000
1000
1000
999.99
999.939
999.782
1000
1000
999.945
999.685
999.649
999.649
999.765
999.933
1000
1000
999.998
999.99
999.983
999.927
999.796
999.796
1000
1000
1000
1000
1000
1000
999.995
999.988
1000
1000
1000
1000
1000
1000
1000
1000
1000
1000
1000
1000
1000
1000
1000
1000
1000
1000
1000
1000
1000
1000
1000
999.992
1000
1000
1000
1000
999.998
999.99
999.913
999.743
1000
1000
1000
1000
999.918
999.648
999.648
999.648
1000
1000
1000
1000
999.996
999.979
999.942
999.887
1000
1000
1000
1000
1000
1000
1000
1000
1000
1000
1000
1000
1000
1000
1000
1000
1000
1000
1000
1000
1000
1000
1000
1000
1000
1000
1000
1000
1000
1000
1000
1000
1000
1000
1000
1000
1000
999.999
999.986
999.985
1000
1000
1000
1000
1000
1000
999.775
999.648
1000
1000
1000
1000
1000
1000
1000
1000
1000
1000
1000
1000
1000
1000
1000
1000
1000
1000
1000
1000
1000
1000
1000
1000
1000
1000
1000
1000
1000
1000
1000
1000
1000
1000
1000
1000
1000
1000
1000
1000
1000
1000
1000
1000
1000
1000
1000
1000
1000
1000
1000
1000
1000
1000
1000
999.993
1000
1000
1000
1000
1000
1000
1000
999.999
1000
1000
1000
1000
1000
1000
1000
1000
1000
1000
1000
1000
1000
1000
1000
1000
1000
1000
1000
1000
1000
1000
1000
1000
1000
1000
1000
1000
1000
1000
1000
1000
1000
1000
1000
1000
1000
1000
1000
1000
1000
1000
1000
1000
1000
1000
1000
1000
1000
1000
1000
1000
1000
1000
1000
1000
1000
1000
1000
1000
1000
1000
1000
1000
1000
1000
1000
1000
1000
1000
1000
1000
1000
1000
1000
1000
1000
1000
1000
1000
1000
1000
1000
1000
1000
1000
1000
1000
1000
1000
1000
1000
1000
1000
1000
1000
1000
1000
1000
1000
1000
1000
1000
1000
1000
1000
1000
1000
1000
1000
1000
1000
1000
1000
1000
1000
1000
1000
1000
1000
1000
1000
1000
1000
1000
1000
1000
1000
1000
1000
1000
1000
1000
1000
1000
1000
1000
1000
1000
1000
1000
1000
1000
1000
1000
1000
1000
1000
1000
1000
1000
1000
1000
1000
1000
1000
1000
1000
1000
1000
1000
1000
1000
1000
1000
1000
1000
1000
1000
1000
1000
1000
1000
1000
1000
1000
1000
1000
1000
1000
1000
1000
1000
1000
1000
1000
1000
1000
1000
1000
1000
1000
1000
1000
1000
1000
1000
1000
1000
1000
1000
1000
1000
1000
1000
1000
1000
1000
1000
1000
1000
1000
1000
1000
1000
1000
1000
1000
1000
1000
1000
1000
1000
1000
1000
1000
1000
1000
1000
1000
1000
1000
1000
1000
1000
1000
1000
1000
1000
1000
1000
1000
1000
1000
1000
1000
1000
1000
1000
1000
1000
1000
1000
1000
1000
1000
1000
1000
1000
1000
1000
1000
1000
1000
1000
1000
1000
1000
1000
1000
1000
1000
1000
1000
1000
1000
1000
1000
1000
1000
1000
1000
1000
1000
1000
1000
1000
1000
1000
1000
1000
1000
1000
1000
1000
1000
1000
1000
1000
1000
1000
1000
1000
1000
1000
1000
1000
1000
1000
1000
1000
1000
1000
1000
1000
1000
1000
1000
1000
1000
1000
1000
1000
1000
1000
1000
1000
1000
1000
1000
1000
1000
1000
1000
1000
1000
1000
1000
1000
1000
1000
1000
1000
1000
1000
1000
1000
1000
1000
1000
1000
1000
1000
1000
1000
1000
1000
1000
1000
1000
1000
1000
1000
1000
1000
1000
1000
1000
1000
1000
1000
1000
1000
1000
1000
1000
1000
1000
1000
1000
1000
1000
1000
1000
1000
1000
1000
1000
1000
1000
1000
1000
1000
1000
1000
1000
1000
1000
1000
1000
1000
1000
1000
1000
1000
1000
1000
1000
1000
1000
1000
1000
999.989
1000
1000
1000
1000
1000
979.562
1000
1000
1000
1000
938.349
518.719
378.741
949.422
1000
1000
1000
802.501
95.2876
50.32
857.593
1000
1000
1000
891.505
286.939
146.679
849.97
1000
1000
1000
1000
917.526
841.492
999.007
1000
1000
1000
1000
1000
1000
1000
1000
1000
1000
1000
1000
1000
999.991
1000
1000
1000
1000
1000
982.505
1000
1000
1000
1000
939.413
564.457
474.357
966.51
1000
1000
1000
794.101
110.013
98.4254
889.337
1000
1000
1000
885.898
294.128
201.61
887.888
1000
1000
1000
1000
912.047
846.701
998.887
1000
1000
1000
1000
1000
1000
1000
1000
1000
1000
1000
1000
1000
999.993
1000
1000
1000
1000
998.041
970.697
1000
1000
1000
1000
925.203
561.89
509.879
971.667
1000.01
1000
1000
757.594
110.934
145.422
892.264
1000
1000
1000
847.653
284.087
230.989
899.824
1000
1000
1000
994.412
877.873
821.742
996.751
1000
1000
1000
1000
1000
1000
1000
1000
1000
1000
1000
1000.01
1000
999.996
1000
1000
1000
1000
955.191
913.034
1000
1000
1000
1000
845.476
495.507
469.545
953.32
1000.02
1000
988.117
640.452
96.5198
144.358
846.148
1000
1000
996.649
716.334
237.042
217.454
867.296
1000
1000
1000
960.79
759.957
711.159
984.494
1000
1000
1000
1000
1000
988.671
1000
1000
1000
1000
1000
1000.02
1000
1000
1000
1000
1000
981.754
813.915
747.119
997.157
1000
1000
987.653
607.987
315.296
313.444
843.425
1000.01
1000
891.682
417.903
75.8936
119.953
645.766
997.358
1000
929.635
440.469
156.774
158.808
690.444
1000
1000
1000
821.464
491.76
458.631
922.957
1000
1000
1000
1000
952.824
917.111
1000
1000
1000
1000
1000
1000.06
999.431
1000
1000
1000
1000
924.631
629.514
557.75
971.285
1000
1000
936.105
321.093
88.3285
95.3999
624.234
999.668
1000
699.598
139.594
48.6548
74.886
336.692
951.837
1000
782.043
138.156
61.0646
68.4999
400.732
978.1
1000
987.244
580.462
181.221
161.646
789.02
1000.01
1000
1000
991.587
848.741
803.461
997.824
1000
1000
1000
999.99
999.972
999.889
999.996
1000
1000
999.974
913.948
630.125
583.834
962.339
999.998
1000
916.788
275.302
24.1595
28.2023
573.659
998.264
1000
613.829
24.1854
18.8817
22.52
235.729
929.768
999.992
722.795
37.3059
20.1937
22.0185
317.496
964.841
999.995
974.323
496.9
100.105
97.8734
748.593
999.988
1000
999.989
982.043
821.853
802.84
993.472
999.999
1000
1000
999.989
999.923
999.928
999.997
1000
1000
999.638
957.001
789.073
801.008
984.391
999.998
1000
951.383
423.373
60.8382
88.9392
720.242
999.741
1000
700.706
30.8622
18.3087
19.4334
317.701
961.012
999.989
794.938
75.2208
18.8951
20.759
426.044
984.956
1000
982.604
589.279
161.353
217.604
838.466
999.972
1000
999.988
989.544
885.645
906.285
996.998
999.999
1000
1000
999.998
999.983
999.978
999.998
1000
1000
999.751
994.6
959.633
978.155
998.702
999.985
1000
990.409
733.71
318.41
459.346
931.672
999.876
1000
895.603
191.034
18.3075
18.3064
649.61
997.844
999.999
940.33
292.838
18.3087
37.3557
763.397
999.727
1000
995.694
811.904
418.469
605.615
964.711
999.923
1000
999.912
998.799
979.46
993.467
999.513
999.99
1000
1000
999.999
999.988
999.992
1000
1000
1000
999.969
999.763
999.313
999.754
999.661
999.999
1000
999.585
956.769
758.483
871.865
997.557
999.965
1000
993.366
588.618
18.3087
242.294
955.399
999.92
999.999
997.462
670.468
49.3638
367.488
979.549
999.937
999.999
999.653
964.647
796.543
914.389
998.837
999.975
1000
999.977
999.92
999.821
999.962
999.949
999.999
1000
1000
1000
1000
1000
1000
1000
1000
1000
1000
999.995
999.996
998.34
1000
1000
999.999
999.539
983.637
983.708
999.996
1000
1000
999.967
863.778
134.49
662.82
999.943
1000
1000
999.981
878.232
238.453
749.721
999.97
1000
1000
999.999
998.502
966.308
997.204
999.997
1000
1000
1000
999.995
999.962
999.999
999.823
1000
1000
1000
1000
1000
1000
1000
1000
1000
1000
1000
1000
1000
1000
1000
1000
1000
1000
1000
1000
1000
1000
1000
1000
1000
1000
1000
1000
1000
1000
1000
1000
1000
1000
1000
1000
1000
1000
1000
1000
1000
1000
1000
1000
1000
1000
1000
1000
1000
1000
1000
999.997
999.993
999.997
1000
1000
1000
1000
1000
1000
1000
1000
1000
1000
1000
1000
1000
1000
1000
1000
1000
1000
1000
1000
1000
1000
1000
1000
1000
1000
1000
1000
1000
1000
1000
1000
1000
1000
1000
1000
1000
1000
1000
1000
1000
1000
1000
1000
1000
1000
1000
1000
1000
1000
1000
1000
1000
1000
999.997
999.996
999.999
1000
1000
1000
1000
1000
1000
1000
1000
1000
1000
1000
1000
1000
1000
1000
1000
1000
1000
1000
1000
1000
1000
1000
1000
1000
1000
1000
1000
1000
1000
1000
1000
1000
1000
1000
1000
1000
1000
1000
1000
1000
1000
1000
1000
1000
1000
1000
1000
1000
1000
1000
1000
1000
1000
999.999
999.999
1000
1000
1000
1000
1000
1000
1000
1000
1000
1000
1000
1000
1000
1000
1000
1000
1000
1000
1000
1000
1000
1000
1000
1000
1000
1000
1000
1000
1000
1000
1000
1000
1000
1000
1000
1000
1000
1000
1000
1000
1000
1000
1000
1000
1000
1000
1000
1000
1000
1000
1000
1000
1000
1000
1000
1000
1000
1000
1000
1000
1000
1000
1000
1000
1000
1000
1000
1000
1000
1000
1000
1000
1000
1000
1000
1000
1000
1000
1000
1000
1000
1000
1000
1000
1000
1000
1000
1000
1000
1000
1000
1000
1000
1000
1000
1000
1000
1000
1000
1000
1000
1000
1000
1000
1000
1000
1000
1000
1000
1000
1000
1000
1000
1000
1000
1000
1000
1000
1000
1000
1000
1000
1000
1000
1000
1000
1000
1000
1000
1000
1000
1000
1000
1000
1000
1000
1000
1000
1000
1000
1000
1000
1000
1000
1000
1000
1000
1000
1000
1000
1000
1000
1000
1000
1000
1000
1000
1000
1000
1000
1000
1000
1000
1000
1000
999.999
999.999
1000
1000
1000
1000
1000
1000
1000
1000
1000
1000
1000
1000
1000
1000
1000
1000
1000
1000
1000
1000
1000
1000
1000
1000
1000
1000
1000
1000
1000
1000
1000
1000
1000
1000
1000
1000
1000
1000
1000
1000
1000
1000
1000
1000
1000
1000
1000
1000
1000
1000
1000
1000
1000
1000
1000
1000
1000
1000
1000
1000
1000
1000
1000
1000
1000
1000
1000
1000
1000
1000
1000
1000
1000
1000
1000
1000
1000
1000
1000
1000
1000
1000
1000
1000
1000
1000
1000
1000
1000
1000
1000
1000
1000
1000
1000
1000
1000
1000
1000
1000
1000
1000
1000
1000
1000
1000
1000
1000
1000
1000
1000
1000
1000
1000
1000
1000
1000
1000
1000
1000
1000
1000
1000
1000
1000
1000
1000
1000
1000
1000
1000
1000
1000
1000
1000
1000
1000
1000
1000
1000
1000
1000
1000
1000
1000
1000
1000
1000
1000
1000
1000
1000
1000
1000
1000
1000
1000
1000
1000
1000
1000
1000
1000
1000
1000
1000
1000
1000
1000
1000
1000
1000
1000
1000
1000
1000
1000
1000
1000
1000
1000
1000
1000
1000
1000
1000
1000
1000
1000
1000
1000
1000
1000
1000
1000
1000
1000
1000
1000
1000
1000
1000
1000
1000
1000
1000
1000
1000
1000
1000
1000
1000
1000
1000
1000
1000
1000
1000
1000
1000
1000
1000
1000
1000
1000
1000
1000
1000
1000
1000
1000
1000
1000
1000
1000
1000
1000
1000
1000
1000
1000
1000
1000
1000
1000
1000
1000
1000
1000
1000
1000
1000
1000
1000
1000
1000
1000
1000
1000
1000
1000
1000
1000
1000
1000
1000
1000
1000
1000
1000
1000
1000
1000
1000
1000
1000
1000
1000
1000
1000
1000
1000
1000
1000
999.998
999.992
999.992
1000
999.999
999.998
999.996
999.996
1000
999.999
1000
1000
999.997
999.983
999.974
999.969
1000
999.993
999.992
999.998
999.997
999.995
999.996
999.998
1000
1000
1000
999.982
999.86
999.84
999.894
999.923
1000
1000
999.997
999.989
999.99
999.993
999.994
999.994
1000
1000
1000
999.998
999.916
999.808
999.801
999.802
999.999
1000
999.992
999.971
999.947
999.943
999.958
999.971
1000
999.995
999.989
999.992
999.997
999.997
999.995
999.995
1000
999.999
1000
1000
1000
999.999
999.996
999.997
1000
999.995
999.992
999.992
999.995
999.992
999.991
999.995
1000
1000
1000
999.995
999.891
999.84
999.84
999.841
1000
1000
999.999
999.992
999.986
999.984
999.986
999.993
1000
1000
1000
1000
999.987
999.932
999.888
999.917
999.999
1000
999.999
999.987
999.957
999.939
999.955
999.978
1000
999.999
999.993
999.991
999.992
999.993
999.995
999.998
1000
1000
1000
1000
1000
1000
1000
1000
1000
999.998
999.992
999.992
999.992
999.99
999.989
999.994
1000
1000
1000
1000
999.959
999.859
999.849
999.939
1000
1000
1000
999.997
999.989
999.985
999.987
999.995
1000
1000
1000
1000
1000
1000
1000
1000
1000
1000
1000
999.999
999.982
999.969
999.979
999.994
1000
1000
999.999
999.997
999.997
999.998
999.998
1000
1000
1000
1000
1000
1000
1000
1000
1000
1000
1000
999.994
999.992
999.995
999.991
999.99
999.997
1000.01
1000
1000
1000
999.996
999.971
999.973
999.999
1000
1000
1000
1000
999.996
999.992
999.994
999.999
1000
1000
1000
1000
1000
1000
1000
1000
1000
1000
1000
1000
999.999
1000
1000
1000
1000
1000
1000
1000
1000
1000
1000
1000
1000
1000
1000
1000
1000
1000
1000
1000
1000
1000
999.996
999.995
1000
999.997
999.998
1000
1000.02
1000
1000
1000
1000
1000
1000
1000
1000
1000
1000
1000
1000
1000
1000
1000
1000
1000
1000
1000
1000
1000
1000
1000
1000
1000
1000
1000
1000
1000
1000
1000
1000
1000
1000
1000
1000
1000
1000
1000
1000
1000
1000
1000
1000
1000
1000
1000
1000.04
1000
999.998
999.996
1000
1000
1000
1000
1000.1
1000
1000
1000
1000
1000
1000
1000
1000.01
1000
1000
1000
1000
1000
1000
1000
1000
1000
1000
1000
1000
1000
1000
1000
1000
1000
1000
1000
1000
1000
1000
1000
1000
1000
1000
1000
1000
1000
1000
1000
999.995
1000
1000
1000
1000
1000
1000
1000
999.95
999.998
1000
999.993
999.999
1000
1000
999.999
999.976
999.997
1000
1000
1000
1000
1000
999.984
999.983
1000
1000
1000
1000
1000
1000
999.999
1000
1000
1000
1000
1000
1000
1000
1000
1000
1000
1000
1000
1000
1000
1000
1000
1000
1000
1000
1000
1000
1000
1000
1000
999.991
1000
1000
1000
1000
1000
1000
1000
999.895
1000
999.999
999.991
999.998
1000
1000
999.997
999.844
1000
1000
1000
1000
1000
1000
999.871
999.979
1000
1000
1000
1000
1000
1000
999.984
1000
1000
1000
1000
1000
1000
1000
1000
1000
1000
1000
1000
1000
1000
1000
1000
1000
1000
1000
1000
1000
1000
1000
1000
999.997
1000
1000
1000
1000
1000
1000
1000
999.964
999.998
999.997
999.991
999.994
1000
999.999
999.993
999.945
1000
1000
1000
1000
1000
999.995
999.834
999.996
1000
1000
1000
1000
1000
1000
999.937
1000
1000
1000
1000
1000
1000
1000
1000
1000
1000
1000
1000
1000
1000
1000
1000
1000
1000
1000
1000
1000
1000
1000
1000
1000
1000
1000
1000
1000
1000
1000
1000
999.997
1000
999.997
999.991
999.992
1000
999.997
999.989
999.996
1000
1000
1000
1000
1000
999.94
999.834
1000
1000
1000
1000
1000
1000
999.995
999.923
1000
1000
1000
1000
1000
1000
1000
1000
1000
1000
1000
1000
1000
1000
1000
1000
1000
1000
1000
1000
1000
1000
1000
1000
1000
1000
1000
1000
1000
1000
1000
1000
1000
1000
999.998
999.992
999.995
999.998
999.992
999.99
1000
1000
1000
1000
1000
999.984
999.849
999.854
1000
1000
1000
1000
1000
999.999
999.961
999.952
1000
1000
1000
1000
1000
1000
1000
999.999
1000
1000
1000
1000
1000
1000
1000
1000
999.999
999.99
999.99
1000
999.999
999.999
1000
1000
1000
1000
999.997
999.982
999.987
1000
1000
1000
999.944
999.964
1000
999.997
999.969
999.984
1000
1000
999.793
999.635
1000
1000
999.999
999.999
1000
1000
999.974
1000
1000
1000
999.998
1000
1000
1000
1000
1000
1000
1000
1000
1000
1000
1000
1000
1000
1000
1000
999.999
1000
1000
1000
1000
999.993
999.99
999.998
999.999
999.997
999.998
999.999
1000
1000
999.996
999.984
999.997
1000
1000
1000
999.966
999.975
1000
999.999
999.994
1000
1000
1000
999.803
999.549
1000
1000
1000
999.999
1000
1000
999.969
1000
1000
1000
1000
1000
1000
1000
1000
1000
1000
1000
1000
1000
1000
1000
1000
1000
1000
1000
1000
1000
1000
1000
1000
999.998
999.993
999.994
999.999
999.997
999.997
999.999
1000
1000
999.996
999.992
999.998
1000
1000
1000
999.987
999.978
1000
1000
1000
1000
1000
1000
999.846
999.47
1000
1000
1000
1000
1000
1000
999.949
999.999
999.999
1000
1000
1000
1000
1000
1000
1000
1000
1000
1000
1000
1000
1000
1000
1000
1000
1000
1000
1000
1000
1000
1000
1000
999.997
999.995
999.999
999.999
999.999
1000
1000
1000
999.998
999.998
999.999
1000
1000
1000
999.995
999.977
1000
1000
1000
1000
1000
1000
999.896
999.466
999.89
1000
1000
1000
1000
1000
999.927
999.984
999.994
1000
1000
1000
1000
1000
1000
1000
1000
1000
1000
1000
1000
1000
1000
1000
1000
1000
1000
1000
1000
1000
1000
1000
1000
1000
999.999
1000
1000
1000
1000
1000
1000
1000
1000
1000
1000
1000
999.998
999.977
1000
1000
1000
1000
1000
1000
999.935
999.466
999.808
1000
1000
1000
1000
1000
999.928
999.965
999.99
1000
1000
1000
1000
1000
1000
1000
1000
1000
1000
1000
1000
1000
1000
1000
1000
1000
1000
1000
1000
1000
1000
1000
1000
1000
1000
1000
1000
1000
1000
1000
1000
1000
1000
1000
1000
1000
999.999
999.979
999.998
1000
1000
1000
1000
1000
999.963
999.466
999.814
1000
1000
1000
1000
1000
999.946
999.957
999.99
1000
1000
1000
1000
1000
1000
1000
1000
1000
1000
1000
1000
1000
1000
1000
1000
1000
1000
1000
1000
1000
1000
1000
1000
1000
1000
1000
1000
1000
1000
1000
1000
1000
1000
1000
1000
1000
999.99
999.98
999.995
1000
1000
1000
1000
1000
999.952
999.639
999.466
999.979
1000
1000
1000
1000
999.95
999.956
999.992
1000
1000
1000
1000
1000
1000
1000
1000
1000
1000
1000
1000
1000
1000
1000
1000
1000
1000
1000
1000
1000
1000
1000
1000
1000
1000
1000
1000
1000
1000
1000
1000
1000
1000
1000
1000
1000
999.986
999.973
999.984
1000
1000
1000
1000
1000
999.969
999.651
999.064
999.967
1000
1000
1000
1000
999.921
999.954
999.995
1000
1000
1000
1000
1000
1000
1000
1000
1000
1000
1000
1000
1000
1000
1000
1000
1000
1000
1000
1000
1000
1000
1000
1000
1000
1000
1000
1000
1000
1000
1000
1000
1000
1000
1000
1000
1000
999.998
999.96
999.965
999.999
1000
1000
1000
1000
999.977
999.554
999.062
999.985
1000
1000
1000
1000
999.913
999.95
999.999
999.998
999.996
1000
1000
1000
1000
1000
1000
1000
1000
1000
1000
1000
1000
1000
1000
1000
1000
1000
1000
1000
1000
1000
1000
1000
1000
1000
1000
1000
1000
1000
1000
1000
1000
1000
1000
1000
999.985
999.935
999.939
999.992
999.998
1000
1000
1000
999.959
999.291
999.062
999.874
999.984
1000
1000
1000
999.914
999.936
1000
999.993
999.99
1000
1000
1000
1000
1000
1000
1000
1000
1000
1000
1000
1000
1000
1000
1000
1000
1000
1000
1000
1000
1000
1000
1000
1000
1000
1000
1000
1000
1000
1000
1000
1000
1000
1000
1000
999.968
999.898
999.897
999.964
999.987
1000
1000
999.999
999.872
999.058
999.06
999.275
999.859
1000
1000
999.983
999.914
999.834
999.993
999.991
999.993
1000
1000
999.998
1000
1000
1000
1000
1000
1000
1000
1000
1000
1000
1000
1000
1000
1000
1000
1000
1000
1000
999.99
999.787
999.589
999.723
999.897
999.965
1000
1000
999.998
999.639
998.996
998.917
999.059
999.375
1000
999.999
999.844
999.624
999.907
999.999
999.999
999.952
1000
999.999
999.941
999.803
999.964
999.999
999.999
999.99
1000
1000
999.947
999.474
999.256
999.89
1000
1000
1000
1000
999.986
999.629
999.492
1000
1000
1000
1000
999.994
999.966
999.964
999.998
1000
1000
1000
1000
1000
1000
999.961
999.814
999.754
999.895
999.983
1000
1000
999.994
999.918
999.616
999.294
999.325
999.607
1000
1000
999.904
999.56
999.464
999.631
999.644
999.597
1000
1000
999.978
999.816
999.544
999.798
999.82
999.743
1000
999.997
999.985
999.695
999.49
999.92
1000
999.986
1000
1000
999.993
999.852
999.811
1000
1000
1000
1000
1000
999.981
999.968
999.995
1000
1000
1000
1000
1000
1000
999.999
999.99
999.963
999.964
999.998
1000
1000
999.993
999.956
999.903
999.879
999.909
999.987
1000
1000
999.983
999.669
999.457
999.456
999.459
999.706
1000
1000
999.998
999.915
999.656
999.599
999.622
999.75
1000
999.998
999.98
999.969
999.96
999.984
1000
999.389
1000
1000
999.999
999.99
999.995
1000
999.997
1000
1000
1000
999.996
999.991
999.995
1000
1000
1000
1000
1000
1000
999.999
1000
1000
1000
1000
1000
1000
999.996
999.978
999.954
999.965
999.995
1000
1000
1000
1000
999.915
999.607
999.483
999.687
999.967
1000
1000
999.997
999.979
999.91
999.789
999.838
999.887
1000
999.996
999.952
999.971
999.996
999.994
999.807
999.167
1000
1000
999.999
999.997
999.996
999.985
999.972
999.981
1000
1000
1000
1000
999.999
1000
1000
1000
1000
1000
1000
999.999
999.999
1000
1000
1000
1000
1000
1000
999.996
999.99
999.995
1000
1000
1000
1000
1000
999.998
999.953
999.944
999.979
1000
1000.01
1000
999.99
999.971
999.954
999.952
999.934
999.937
1000.01
999.999
999.959
999.808
999.619
999.37
999.003
999.183
1000
1000
999.996
999.991
999.977
999.933
999.917
999.918
1000
1000
1000
1000
1000
1000
1000
1000
1000
1000
1000
999.999
999.999
1000
1000
1000
1000
1000
1000
1000
1000
1000
1000
1000
1000
1000
1000
1000
1000
1000
1000
999.994
1000.02
1000
999.978
999.944
999.929
999.932
999.938
999.905
1000.01
1000
999.997
999.594
998.969
998.957
998.957
999.64
1000
1000
999.986
999.963
999.918
999.865
999.87
999.846
1000
1000
1000
1000
1000
1000
1000
1000
1000
1000
1000
1000
1000
1000
1000
1000
1000
1000
1000
1000
1000
1000
1000
1000
1000
1000
999.999
1000
1000
1000
1000
999.953
999.947
999.998
999.98
999.928
999.911
999.93
999.961
999.821
999.965
999.998
999.998
999.597
998.957
998.957
999.023
999.95
999.995
1000
999.986
999.916
999.86
999.849
999.852
999.889
1000
1000
1000
1000
1000
1000
1000
999.998
1000
1000
1000
1000
1000
1000
1000
1000
1000
1000
1000
1000
1000
1000
1000
999.998
999.999
1000
999.999
1000
1000
1000
1000
999.909
999.954
999.999
999.987
999.932
999.919
999.951
999.978
999.814
999.944
1000
999.999
999.778
999.138
998.957
999.574
999.992
999.993
1000
999.988
999.915
999.869
999.85
999.853
999.962
1000
1000
1000
1000
1000
1000
999.997
999.995
1000
1000
1000
1000
1000
1000
1000
1000
1000
1000
1000
1000
1000
1000
1000
999.992
1000
1000
1000
1000
1000
1000
999.994
999.919
999.996
1000
999.995
999.962
999.955
999.984
999.94
999.814
999.991
999.999
999.999
999.95
999.805
999.751
999.965
999.992
999.999
1000
999.993
999.954
999.922
999.851
999.867
999.994
1000
1000
1000
999.999
999.999
999.996
999.989
999.996
1000
1000
1000
1000
1000
1000
1000
1000
1000
1000
1000
1000
1000
1000
999.999
999.988
1000
1000
1000
1000
1000
1000
999.938
999.969
1000
1000
999.999
999.998
999.997
999.972
999.786
999.855
999.999
1000
999.999
1000
999.999
999.994
999.992
999.993
1000
1000
999.999
999.995
999.928
999.851
999.897
1000
1000
1000
1000
999.999
999.996
999.987
999.984
999.997
1000
1000
1000
1000
1000
1000
1000
999.999
1000
1000
1000
1000
1000
1000
999.999
999.993
1000
1000
1000
1000
999.997
999.963
999.898
999.998
1000
1000
1000
1000
999.996
999.838
999.771
999.954
999.999
1000
1000
1000
999.999
999.993
999.985
999.995
1000
1000
1000
999.995
999.899
999.853
999.952
1000
1000
1000
1000
999.998
999.988
999.975
999.987
1000
1000
1000
1000
1000
1000
1000
1000
1000
1000
1000
1000
1000
1000
1000
1000
1000
1000
1000
1000
1000
1000
1000
1000
1000
1000
1000
1000
1000
1000
1000
1000
1000
1000
1000
1000
1000
1000
1000
1000
1000
1000
1000
1000
1000
1000
1000
1000
1000
1000
1000
1000
1000
1000
1000
1000
1000
1000
1000
1000
1000
1000
1000
1000
1000
1000
1000
1000
1000
1000
1000
1000
1000
1000
1000
1000
1000
1000
1000
1000
1000
1000
1000
1000
1000
1000
1000
1000
1000
1000
1000
1000
1000
1000
1000
1000
1000
1000
1000
1000
1000
1000
1000
1000
1000
1000
1000
1000
1000
1000
1000
1000
1000
1000
1000
1000
1000
1000
1000
1000
1000
1000
1000
1000
1000
1000
1000
1000
1000
1000
1000
1000
1000
1000
1000
1000
1000
1000
1000
1000
1000
1000
1000
1000
1000
1000
1000
1000
1000
1000
1000
1000
1000
1000
1000
1000
1000
1000
1000
1000
1000
1000
1000
1000
1000
1000
1000
1000
1000
1000
1000
1000
1000
1000
1000
1000
1000
1000
1000
1000
1000
1000
1000
1000
1000
1000
1000
1000
1000
1000
1000
1000
1000
1000
1000
1000
1000
1000
1000
1000
1000
1000
1000
1000
1000
1000
1000
1000
1000
1000
1000
1000
1000
1000
1000
1000
1000
1000
1000
1000
1000
1000
1000
1000
1000
1000
1000
1000
1000
1000
1000
1000
1000
1000
1000
1000
1000
1000
1000
1000
1000
1000
1000
1000
1000
1000
1000
1000
1000
1000
1000
1000
1000
1000
1000
1000
1000
1000
1000
1000
1000
1000
1000
1000
1000
1000
1000
1000
1000
1000
1000
1000
1000
1000
1000
1000
1000
1000
1000
1000
1000
1000
1000
1000
1000
1000
1000
1000
1000
1000
1000
1000
1000
1000
1000
1000
1000
1000
1000
1000
1000
1000
1000
1000
1000
1000
1000
1000
1000
1000
1000
1000
1000
1000
1000
1000
1000
1000
1000
1000
1000
1000
1000
1000
1000
1000
1000
1000
1000
1000
1000
1000
1000
1000
1000
1000
1000
1000
1000
1000
1000
1000
1000
1000
1000
1000
1000
1000
1000
1000
1000
1000
1000
1000
1000
1000
1000
1000
1000
1000
1000
1000
1000
1000
1000
1000
1000
1000
1000
1000
1000
1000
1000
1000
1000
1000
1000
1000
1000
1000
1000
1000
1000
1000
1000
1000
1000
1000
1000
1000
1000
1000
1000
1000
1000
1000
1000
1000
1000
1000
1000
1000
1000
1000
1000
1000
1000
1000
1000
1000
1000
1000
1000
1000
1000
1000
1000
1000
1000
1000
1000
1000
1000
1000
1000
1000
1000
1000
1000
1000
1000
1000
1000
1000
1000
1000
1000
1000
1000
1000
1000
1000
1000
1000
1000
1000
1000
1000
1000
1000
1000
1000
1000
1000
1000
1000
1000
1000
1000
1000
1000
1000
1000
1000
1000
1000
1000
1000
1000
1000
1000
1000
1000
1000
1000
1000
1000
1000
1000
1000
1000
1000
1000
1000
1000
1000
1000
1000
1000
1000
1000
1000
1000
1000
1000
1000
1000
1000
1000
1000
1000
1000
1000
1000
1000
1000
1000
1000
1000
1000
1000
1000
1000
1000
1000
1000
1000
1000
1000
1000
1000
1000
1000
1000
1000
1000
1000
1000
1000
1000
1000
1000
1000
1000
1000
1000
1000
1000
1000
1000
1000
1000
1000
1000
1000
1000
1000
1000
1000
1000
1000
1000
1000
1000
1000
1000
1000
1000
1000
1000
1000
1000
1000
1000
1000
1000
1000
1000
1000
1000
1000
1000
1000
1000
1000
1000
1000
1000
1000
1000
1000
1000
1000
1000
1000
1000
1000
1000
1000
1000
1000
1000
1000
1000
1000
1000
1000
1000
1000
1000
1000
1000
1000
1000
1000
1000
1000
1000
1000
1000
1000
1000
1000
1000
1000
1000
1000
1000
1000
1000
1000
1000
1000
1000
1000
1000
1000
999.982
999.961
999.927
999.872
999.898
999.861
999.976
999.906
999.592
999.255
999.154
999.154
999.361
999.221
999.995
999.995
999.983
999.973
999.98
999.981
999.919
999.843
999.453
999.513
999.963
999.946
999.993
999.877
999.469
999.243
999.918
999.83
999.83
999.883
999.993
999.984
999.887
999.77
1000
1000
999.991
999.986
999.999
1000
1000
1000
1000
1000
1000
1000
1000
1000
1000
1000
999.999
999.997
999.999
999.997
999.996
999.972
999.93
999.839
999.954
999.991
999.999
999.999
999.878
999.221
998.745
998.745
999.979
999.998
999.998
999.99
999.964
999.946
999.946
999.946
999.511
999.512
999.718
999.892
999.984
999.816
999.655
999.327
999.979
999.937
999.899
999.968
999.99
999.973
999.914
999.875
1000
1000
1000
999.998
999.999
1000
1000
1000
1000
1000
1000
1000
1000
1000
1000
1000
1000
999.996
999.998
999.997
999.997
1000
999.997
999.925
999.846
999.935
999.965
999.976
999.977
999.998
999.61
998.745
999.328
999.874
999.927
999.991
999.985
999.936
999.769
999.472
999.76
999.568
999.81
999.944
999.956
999.712
999.564
999.87
999.997
999.979
1000
1000
999.997
999.974
999.947
999.97
1000
1000
1000
1000
1000
1000
1000
999.999
1000
1000
1000
1000
1000
1000
1000
1000
1000
1000
1000
999.998
999.997
999.998
999.999
999.99
999.971
999.915
999.94
999.962
999.947
999.898
999.935
999.943
999.329
999.329
999.477
999.99
999.985
999.824
999.249
999.176
999.935
999.991
999.982
999.995
999.948
999.828
999.587
999.604
1000
1000
1000
1000
1000
999.998
999.997
999.969
1000
1000
1000
1000
1000
1000
1000
1000
1000
1000
1000
1000
1000
1000
1000
1000
1000
1000
1000
1000
1000
1000
1000
999.993
1000
999.996
999.992
999.994
999.967
999.956
999.923
999.809
999.867
999.527
999.614
999.808
999.715
999.741
999.644
999.332
1000
999.995
999.989
999.978
999.935
999.936
999.905
999.553
1000
1000
1000
1000
1000
1000
1000
999.961
1000
1000
1000
1000
1000
1000
1000
1000
1000
1000
1000
1000
1000
1000
1000
1000
1000
1000
1000
1000
1000
1000
1000
999.996
1000
1000
1000
1000
999.995
999.985
999.928
999.815
1000
1000
1000
999.96
999.545
999.482
999.505
999.813
1000
1000
1000
999.998
999.984
999.975
999.886
999.712
1000
1000
1000
1000
1000
1000
1000
999.988
1000
1000
1000
1000
1000
1000
1000
1000
1000
1000
1000
1000
1000
1000
1000
1000
1000
1000
1000
1000
1000
1000
1000
1000
1000
1000
1000
1000
1000
999.997
999.983
999.969
1000
1000
1000
1000
1000
999.697
999.107
999.078
1000
1000
1000
1000
1000
999.997
999.966
999.933
1000
1000
1000
1000
1000
1000
1000
1000
1000
1000
1000
1000
1000
1000
1000
1000
1000
1000
1000
1000
1000
1000
1000
1000
1000
1000
1000
1000
1000
1000
1000
1000
1000
1000
1000
1000
1000
1000
1000
999.984
1000
1000
1000
1000
1000
1000
999.991
999.353
1000
1000
1000
1000
1000
1000
1000
999.991
1000
1000
1000
1000
1000
1000
1000
1000
1000
1000
1000
1000
1000
1000
1000
1000
1000
1000
1000
1000
1000
1000
1000
1000
1000
1000
1000
1000
1000
1000
1000
1000
1000
1000
1000
1000
1000
1000
1000
1000
1000
1000
1000
1000
1000
1000
1000
1000
1000
1000
1000
1000
1000
1000
1000
1000
1000
1000
1000
1000
1000
1000
1000
1000
1000
1000
1000
1000
1000
1000
1000
1000
1000
1000
1000
1000
1000
1000
1000
1000
1000
1000
1000
1000
1000
1000
1000
1000
1000
1000
1000
1000
1000
1000
1000
1000
1000
1000
1000
1000
1000
1000
1000
1000
1000
1000
1000
1000
1000
1000
1000
1000
1000
1000
1000
1000
1000
1000
1000
1000
1000
1000
1000
1000
1000
1000
1000
1000
1000
1000
1000
1000
1000
1000
1000
1000
1000
1000
1000
1000
1000
1000
1000
1000
1000
1000
1000
1000
1000
1000
1000
1000
1000
1000
1000
1000
1000
1000
1000
1000
1000
1000
1000
1000
1000
1000
1000
1000
1000
1000
1000
1000
1000
1000
1000
1000
1000
1000
1000
1000
1000
1000
1000
1000
1000
1000
1000
1000
1000
1000
1000
1000
1000
1000
1000
1000
1000
1000
1000
1000
1000
1000
1000
1000
1000
1000
1000
1000
1000
1000
1000
1000
1000
1000
1000
1000
1000
1000
1000
1000
1000
1000
1000
1000
1000
1000
1000
1000
1000
1000
1000
1000
1000
1000
1000
1000
1000
1000
1000
1000
1000
1000
1000
999.998
999.997
999.996
1000
1000
999.977
1000
1000
999.959
999.85
999.787
999.787
999.805
999.862
1000
1000
999.995
999.989
999.988
999.99
999.988
999.936
1000
1000
1000
1000
1000
1000
1000
1000
1000
1000
1000
1000
1000
1000
1000
1000
1000
1000
1000
1000
1000
1000
1000
1000
1000
1000
1000
1000
1000
1000
1000
1000
1000
1000
1000
1000
999.999
999.996
999.993
999.997
1000
1000
1000
1000
1000
999.852
999.723
999.722
1000
1000
1000
1000
1000
999.996
999.991
999.996
1000
1000
1000
1000
1000
1000
1000
1000
1000
1000
1000
1000
1000
1000
1000
1000
1000
1000
1000
1000
1000
1000
1000
1000
1000
1000
1000
1000
1000
1000
1000
1000
1000
1000
1000
1000
1000
1000
1000
1000
1000
1000
1000
1000
1000
1000
1000
999.98
1000
1000
1000
1000
1000
1000
1000
1000
1000
1000
1000
1000
1000
1000
1000
1000
1000
1000
1000
1000
1000
1000
1000
1000
1000
1000
1000
1000
1000
1000
1000
1000
1000
1000
1000
1000
1000
1000
1000
1000
1000
1000
1000
1000
1000
1000
1000
1000
1000
1000
1000
1000
1000
1000
1000
1000
1000
1000
1000
1000
1000
1000
1000
1000
1000
1000
1000
1000
1000
1000
1000
1000
1000
1000
1000
1000
1000
1000
1000
1000
1000
1000
1000
1000
1000
1000
1000
1000
1000
1000
1000
1000
1000
1000
1000
1000
1000
1000
1000
1000
1000
1000
1000
1000
1000
1000
1000
1000
1000
1000
1000
1000
1000
1000
1000
1000
1000
1000
1000
1000
1000
1000
1000
1000
1000
1000
1000
1000
1000
1000
1000
1000
1000
1000
1000
1000
1000
1000
1000
1000
1000
1000
1000
1000
1000
1000
1000
1000
1000
1000
1000
1000
1000
1000
1000
1000
1000
1000
1000
1000
1000
1000
1000
1000
1000
1000
1000
1000
1000
1000
1000
1000
1000
1000
1000
1000
1000
1000
1000
1000
1000
1000
1000
1000
1000
1000
1000
1000
1000
1000
1000
1000
1000
1000
1000
1000
1000
1000
1000
1000
1000
1000
1000
1000
1000
1000
1000
1000
1000
1000
1000
1000
1000
1000
1000
1000
1000
1000
1000
1000
1000
1000
1000
1000
1000
1000
1000
1000
1000
1000
1000
1000
1000
1000
1000
1000
1000
1000
1000
1000
1000
1000
1000
1000
1000
1000
1000
1000
1000
1000
1000
1000
1000
1000
1000
1000
1000
1000
1000
1000
1000
1000
1000
1000
1000
1000
1000
1000
1000
1000
1000
1000
1000
1000
1000
1000
1000
1000
1000
1000
1000
1000
1000
1000
1000
1000
1000
1000
1000
1000
1000
1000
1000
1000
1000
1000
1000
1000
1000
1000
1000
1000
1000
1000
1000
1000
1000
1000
1000
1000
1000
1000
1000
1000
1000
1000
1000
1000
1000
1000
1000
1000
1000
1000
1000
1000
1000
1000
1000
1000
1000
1000
1000
1000
1000
1000
1000
1000
1000
1000
1000
1000
1000
1000
1000
1000
1000
1000
1000
1000
1000
1000
1000
1000
1000
1000
1000
1000
1000
1000
1000
1000
1000
1000
1000
1000
1000
1000
1000
1000
1000
1000
1000
1000
1000
1000
1000
1000
1000
1000
1000
1000
1000
1000
1000
1000
1000
1000
1000
1000
1000
1000
1000
1000
1000
1000
1000
1000
1000
1000
1000
1000
1000
1000
1000
1000
1000
1000
1000
1000
1000
1000
1000
1000
1000
1000
1000
1000
1000
1000
1000
1000
1000
1000
1000
1000
1000
1000
1000
1000
1000
1000
1000
1000
1000
1000
1000
1000
1000
1000
1000
1000
1000
1000
1000
1000
1000
1000
1000
1000
1000
1000
1000
1000
1000
1000
1000
1000
1000
1000
1000
1000
1000
1000
1000
1000
1000
1000
1000
1000
1000
1000
1000
1000
1000
1000
1000
1000
1000
1000
1000
1000
1000
1000
1000
1000
1000
1000
1000
1000
1000
1000
1000
1000
1000
1000
1000
1000
1000
1000
1000
1000
1000
1000
1000
1000
1000
1000
1000
1000
1000
1000
1000
999.996
999.998
1000
1000
1000
1000
1000
999.922
999.937
999.998
1000
999.991
999.957
999.932
999.893
999.825
999.949
1000
1000
999.81
999.414
999.124
999.124
999.992
999.995
999.999
1000
999.992
999.963
999.941
999.965
999.856
999.984
1000
1000
1000
999.873
999.54
999.46
999.992
999.999
1000
1000
1000
999.999
999.971
999.944
1000
1000
1000
1000
1000
1000
1000
1000
1000
1000
1000
1000
1000
1000
1000
1000
999.978
999.994
1000
1000
1000
1000
999.988
999.915
999.853
999.977
1000
1000
1000
999.981
999.598
999.124
999.82
1000
999.992
999.993
999.983
999.984
999.805
999.502
999.992
1000
1000
1000
999.992
999.973
999.876
999.535
1000
1000
1000
1000
1000
1000
999.998
999.98
1000
1000
1000
1000
1000
1000
1000
1000
1000
1000
1000
1000
1000
1000
1000
1000
1000
1000
1000
1000
1000
1000
999.995
999.979
999.974
1000
1000
1000
999.987
999.915
999.839
999.787
999.841
1000
1000
999.986
999.774
999.668
999.817
999.476
999.993
999.999
1000
1000
999.988
999.943
999.881
999.849
1000
1000
1000
1000
1000
1000
999.997
999.994
1000
1000
1000
1000
1000
1000
1000
1000
1000
1000
1000
1000
1000
1000
1000
1000
1000
1000
1000
1000
1000
1000
1000
999.98
1000
1000
1000
1000
1000
999.973
999.881
999.796
999.988
1000
1000
1000
999.937
999.487
999.435
999.852
1000
999.999
1000
1000
999.999
999.979
999.947
999.937
1000
1000
1000
1000
1000
1000
1000
999.999
1000
1000
1000
1000
1000
1000
1000
1000
1000
1000
1000
1000
1000
1000
1000
1000
1000
1000
1000
1000
1000
1000
1000
1000
1000
1000
1000
1000
1000
1000
999.973
999.851
1000
1000
999.999
999.999
1000
999.875
999.435
999.435
1000
1000
1000
1000
1000
1000
999.984
999.953
1000
1000
1000
1000
1000
1000
1000
1000
1000
1000
1000
1000
1000
1000
1000
1000
1000
1000
1000
1000
1000
1000
1000
1000
1000
1000
1000
1000
1000
1000
1000
1000
1000
1000
1000
1000
1000
1000
1000
999.996
1000
1000
1000
1000
1000
1000
999.838
999.435
1000
1000
1000
1000
1000
1000
999.999
999.978
1000
1000
1000
1000
1000
1000
1000
1000
1000
1000
1000
1000
1000
1000
1000
1000
1000
1000
1000
1000
1000
1000
1000
1000
1000
1000
1000
1000
1000
1000
1000
1000
1000
1000
1000
1000
1000
1000
1000
999.997
1000
1000
1000
1000
1000
1000
1000
999.941
1000
1000
1000
1000
1000
1000
1000
999.999
1000
1000
1000
1000
1000
1000
1000
1000
1000
1000
1000
1000
1000
1000
1000
1000
1000
1000
1000
1000
1000
1000
1000
1000
1000
1000
1000
1000
1000
1000
1000
1000
1000
1000
1000
1000
1000
1000
1000
1000
1000
1000
1000
1000
1000
1000
1000
1000
1000
1000
1000
1000
1000
1000
1000
1000
1000
1000
1000
1000
1000
1000
1000
1000
1000
1000
1000
1000
1000
1000
1000
1000
1000
1000
1000
1000
1000
1000
1000
1000
1000
1000
1000
1000
1000
1000
1000
1000
1000
1000
1000
1000
1000
1000
1000
1000
1000
1000
1000
1000
1000
1000
1000
1000
1000
1000
1000
1000
1000
1000
1000
1000
1000
1000
1000
1000
1000
1000
1000
1000
1000
1000
1000
1000
1000
1000
1000
1000
1000
1000
1000
1000
1000
1000
1000
1000
1000
1000
1000
1000
1000
1000
1000
1000
1000
1000
1000
1000
1000
1000
1000
1000
1000
1000
1000
1000
1000
1000
1000
1000
1000
1000
1000
1000
1000
1000
1000
1000
1000
1000
1000
1000
1000
1000
1000
1000
1000
1000
1000
1000
1000
1000
1000
1000
1000
1000
1000
1000
1000
1000
1000
1000
1000
1000
1000
1000
1000
1000
1000
1000
1000
1000
1000
1000
1000
1000
1000
1000
1000
1000
1000
1000
1000
1000
1000
1000
1000
1000
1000
1000
1000
1000
1000
1000
1000
1000
1000
1000
1000
1000
1000
1000
1000
1000
1000
1000
1000
1000
1000
1000
)
;

boundaryField
{
    base
    {
        type            calculated;
        value           nonuniform List<scalar> 
248
(
1000
994.94
1000
1000
1000
1000
1000
1000
1000
1000
1000
1000
1000
1000
1000
1000
991.858
1000
1000
1000
1000
1000
1000
1000
1000
1000
1000
1000
1000
1000
1000
1000
1000
1000
1000
1000
1000
1000
1000
1000
1000
1000
1000
1000
1000
1000
1000
1000
1000
1000
1000
1000
1000
1000
1000
1000
1000
1000
1000
1000
1000
1000
1000
1000
1000
1000
1000
1000
1000
1000
1000
1000
1000
1000
1000
1000
1000
1000
1000
1000
1000
1000
1000
1000
1000
1000
1000
1000
1000
1000
1000
1000
999.999
1000
1000
1000
1000
1000
999.983
999.998
1000
1000
1000
1000
1000
999.97
999.998
1000
1000
1000
1000
1000
999.97
1000
1000
1000
1000
1000
1000
999.97
1000
1000
1000
1000
1000
1000
999.978
1000
1000
999.995
999.999
1000
1000
1000
1000
1000
1000
1000
1000
1000
1000
1000
1000
1000
999.999
999.999
1000
1000
1000
1000
1000
999.999
999.999
1000
1000
1000
1000
1000
1000
1000
1000
1000
1000
1000
1000
1000
1000
1000
1000
1000
1000
1000
1000
1000
1000
1000
1000
1000
1000
1000
1000
1000
1000
1000
1000
1000
1000
1000
1000
1000
1000
1000
999.999
999.988
999.99
999.995
1000
1000
1000
1000
999.958
999.93
999.971
1000
1000
1000
1000
999.985
999.904
999.973
1000
1000
1000
1000
1000
1000
999.997
1000
1000
1000
1000
1000
1000
1000
1000
1000
1000
1000
1000
1000
1000
1000
1000
1000
1000
999.999
1000
1000
1000
1000
1000
1000
999.995
999.929
1000
1000
1000
1000
)
;
    }
    outlet
    {
        type            calculated;
        value           nonuniform 0();
    }
    walls
    {
        type            calculated;
        value           nonuniform List<scalar> 
1583
(
1000
1000
1000
1000
1000
1000
1000
1000
1000
1000
1000
1000
1000
1000
1000
1000
1000
1000
1000
999.999
999.996
999.999
999.968
1000
999.998
999.999
999.803
999.995
1000
999.994
999.831
1000
1000
1000
1000
1000
1000
1000
1000
1000
1000
1000
999.993
999.998
1000
1000
1000
999.999
999.996
1000
999.996
999.997
999.973
999.997
1000
1000
1000
1000
1000
1000
1000
1000
1000
1000
1000
1000
1000
1000
1000
1000
1000
1000
1000
1000
1000
1000
1000
1000
1000
1000
1000
1000
1000
1000
1000
1000
1000
1000
1000
1000
1000
1000
1000
1000
1000
1000
1000
1000
1000
1000
1000
1000
1000
1000
1000
1000
1000
1000
1000
1000
1000
1000
999.995
1000
1000
1000
1000
999.999
999.991
999.99
1000
1000
1000
1000
1000
999.995
999.998
999.999
999.999
1000
1000
1000
1000
1000
999.994
999.999
1000
1000
999.998
1000
1000
999.961
999.996
999.999
999.995
999.962
1000
1000
999.832
999.952
999.999
999.976
999.919
1000
1000
999.695
999.882
999.999
999.96
999.942
1000
1000
999.957
999.874
999.988
999.966
999.998
1000
999.98
999.993
999.831
1000
999.999
1000
1000
999.937
999.896
999.978
999.999
999.999
1000
1000
999.977
999.832
999.999
999.998
999.999
999.998
1000
1000
999.832
999.975
999.999
999.998
999.997
1000
1000
999.832
999.939
999.999
999.997
999.998
1000
1000
999.934
999.919
999.999
999.999
1000
1000
1000
1000
999.954
999.999
1000
1000
1000
1000
1000
999.989
999.998
1000
1000
1000
999.998
999.998
1000
999.999
1000
999.999
999.988
1000
999.987
999.991
999.998
1000
999.999
999.988
1000
999.968
999.986
999.998
1000
999.996
999.998
1000
999.952
999.996
999.998
999.989
999.893
1000
1000
999.967
999.994
999.998
999.945
999.736
1000
1000
1000
999.995
999.998
999.909
999.9
1000
1000
1000
1000
999.995
999.907
999.998
1000
1000
1000
1000
999.993
999.952
1000
1000
1000
1000
1000
1000
1000
1000
1000
1000
1000
1000
1000
1000
1000
1000
1000
1000
1000
1000
1000
1000
1000
1000
1000
1000
1000
1000
1000
1000
1000
1000
1000
1000
1000
1000
1000
1000
1000
1000
1000
1000
1000
1000
1000
1000
1000
1000
1000
1000
1000
1000
1000
1000
1000
1000
1000
1000
1000
1000
1000
1000
1000
1000
1000
1000
1000
1000
1000
1000
1000
1000
1000
1000
1000
1000
1000
1000
1000
1000
1000
1000
1000
1000
1000
1000
1000
1000
1000
1000
1000
1000
1000
1000
1000
1000
999.995
999.999
1000
1000
1000
999.977
999.991
999.996
999.996
999.989
1000
1000
999.937
999.996
1000
999.988
1000
1000
1000
999.715
999.944
999.969
999.916
999.906
1000
999.999
999.716
999.57
999.717
999.424
999.701
1000
999.998
1000
999.94
999.986
999.993
1000
1000
999.997
999.999
999.953
999.983
1000
1000
1000
999.997
999.999
999.976
999.99
1000
1000
1000
999.998
999.998
999.995
999.997
1000
999.998
1000
999.998
999.997
1000
999.999
1000
999.999
1000
1000
999.999
1000
1000
1000
1000
999.998
1000
1000
1000
1000
1000
1000
1000
1000
1000
1000
999.995
999.999
1000
1000
1000
1000
1000
999.999
1000
1000
1000
999.998
1000
1000
999.999
1000
1000
1000
999.988
999.909
1000
1000
999.995
999.968
1000
999.996
999.807
999.785
999.979
999.668
999.89
1000
1000
999.996
999.752
999.997
999.668
999.948
1000
1000
1000
999.996
999.999
1000
1000
1000
1000
1000
999.995
999.999
999.999
1000
1000
999.994
999.975
999.993
999.999
999.995
999.998
1000
999.981
999.93
999.984
999.999
999.987
999.972
1000
999.971
999.924
999.985
999.999
999.984
999.963
1000
999.99
999.972
999.995
1000
999.997
999.993
1000
1000
1000
1000
1000
1000
1000
1000
1000
1000
1000
999.999
1000
1000
1000
1000
1000
999.993
999.985
999.99
999.999
1000
1000
1000
999.995
999.976
999.958
1000
1000
1000
999.918
999.991
999.93
999.894
999.944
999.999
999.996
999.588
999.969
999.912
999.853
999.853
999.997
999.992
999.608
999.542
999.96
999.668
999.898
1000
1000
1000
1000
999.994
999.97
1000
1000
1000
1000
1000
999.99
999.973
1000
1000
1000
999.997
1000
999.994
999.987
1000
1000
1000
999.998
1000
999.999
999.998
999.997
1000
1000
1000
1000
999.998
999.997
999.99
1000
1000
1000
1000
999.999
999.999
999.991
1000
1000
1000
1000
1000
1000
999.999
1000
1000
1000
999.993
999.985
999.99
999.999
1000
1000
1000
1000
1000
1000
1000
1000
1000
1000
1000
1000
1000
1000
1000
1000
1000
1000
1000
1000
1000
1000
1000
1000
1000
1000
1000
1000
1000
1000
1000
1000
1000
1000
1000
1000
1000
1000
1000
1000
1000
1000
1000
1000
1000
1000
1000
1000
1000
1000
1000
1000
1000
1000
1000
1000
1000
1000
1000
1000
1000
1000
1000
1000
1000
1000
1000
1000
1000
1000
1000
1000
1000
1000
1000
1000
1000
1000
1000
1000
1000
1000
1000
1000
1000
1000
1000
1000
1000
1000
1000
1000
1000
1000
1000
1000
1000
1000
1000
1000
1000
1000
1000
1000
1000
1000
1000
1000
1000
1000
1000
1000
1000
1000
1000
1000
1000
1000
1000
1000
1000
1000
1000
1000
1000
1000
1000
1000
1000
1000
1000
1000
1000
1000
1000
1000
1000
1000
1000
1000
1000
1000
1000
1000
1000
1000
1000
1000
1000
1000
1000
1000
1000
1000
1000
1000
1000
1000
1000
1000
1000
1000
1000
1000
1000
1000
1000
1000
1000
1000
1000
1000
1000
1000
1000
1000
1000
1000
1000
1000
1000
1000
1000
1000
1000
1000
1000
1000
1000
1000
1000
1000
1000
1000
1000
1000
1000
1000
1000
1000
1000
1000
1000
1000
1000
1000
1000
1000
1000
1000
1000
1000
1000
1000
1000
1000
1000
1000
1000
1000
1000
1000
1000
1000
1000
1000
1000
1000
1000
1000
1000
1000
1000
1000
1000
1000
1000
1000
1000
1000
1000
1000
1000
1000
1000
1000
1000
1000
1000
1000
1000
1000
1000
1000
1000
1000
1000
1000
1000
1000
1000
1000
1000
1000
1000
1000
1000
1000
1000
1000
1000
1000
1000
1000
1000
1000
1000
1000
1000
1000
1000
1000
1000
1000
1000
1000
1000
1000
1000
1000
1000
1000
1000
1000
1000
1000
1000
1000
1000
1000
1000
1000
1000
1000
1000
1000
1000
1000
1000
1000
1000
1000
1000
1000
1000
1000
1000
1000
1000
1000
1000
1000
1000
1000
1000
1000
1000
1000
1000
1000
1000
1000
1000
1000
1000
1000
1000
1000
1000
1000
1000
1000
1000
1000
1000
1000
1000
1000
1000
1000
1000
1000
1000
1000
1000
1000
1000
1000
1000
1000
1000
1000
1000
1000
1000
1000
1000
1000
1000
1000
1000
1000
1000
1000
1000
1000
1000
1000
1000
1000
1000
1000
1000
1000
1000
1000
1000
1000
1000
1000
999.996
999.969
999.998
999.923
999.994
999.802
999.971
999.995
999.997
999.995
999.841
999.993
999.917
999.978
999.998
1000
999.994
999.939
999.995
1000
999.994
1000
1000
999.997
999.999
999.999
1000
1000
1000
1000
1000
1000
1000
1000
1000
1000
1000
1000
1000
1000
1000
1000
1000
1000
999.999
999.984
999.999
1000
1000
1000
1000
999.997
999.871
999.984
1000
1000
1000
1000
999.993
999.834
999.937
1000
1000
1000
1000
999.989
999.834
999.923
1000
1000
1000
1000
999.99
999.854
999.952
999.999
1000
1000
1000
1000
1000
1000
1000
1000
999.999
1000
1000
1000
1000
1000
1000
999.999
1000
1000
1000
1000
1000
1000
1000
1000
1000
1000
1000
1000
1000
1000
1000
1000
1000
1000
1000
1000
1000
1000
1000
1000
1000
1000
1000
1000
1000
1000
1000
1000
1000
1000
1000
1000
1000
1000
1000
1000
1000
1000
1000
1000
1000
1000
1000
1000
1000
1000
1000
1000
1000
1000
1000
1000
1000
999.999
999.983
999.998
1000
1000
999.965
999.375
999.952
999.99
1000
1000
1000
999.983
999.607
999.597
999.743
999.986
1000
1000
999.998
999.987
999.706
999.75
999.389
1000
1000
1000
1000
999.967
999.887
999.167
999.981
1000
1000
1000
1000
999.937
999.183
999.918
1000
1000
1000
999.994
999.905
999.64
999.846
1000
1000
1000
999.953
999.821
999.95
999.889
999.998
1000
999.998
999.909
999.814
999.992
999.962
999.995
1000
999.992
999.919
999.814
999.992
999.994
999.996
1000
999.988
999.969
999.855
999.993
1000
999.997
999.999
999.993
999.998
999.954
999.995
1000
1000
1000
1000
1000
1000
1000
1000
1000
1000
1000
1000
1000
1000
1000
1000
1000
1000
1000
1000
1000
1000
1000
1000
1000
1000
1000
1000
1000
1000
1000
1000
1000
1000
1000
1000
1000
1000
1000
1000
1000
1000
1000
1000
1000
1000
1000
1000
1000
1000
1000
1000
1000
1000
1000
1000
1000
1000
1000
1000
1000
1000
1000
1000
1000
1000
1000
1000
1000
1000
1000
1000
1000
1000
1000
1000
1000
1000
1000
1000
999.861
999.221
999.843
999.243
999.77
1000
1000
999.839
998.745
999.946
999.327
999.875
1000
1000
999.925
998.745
999.472
999.87
999.97
999.999
1000
999.99
999.943
999.176
999.604
999.969
1000
1000
999.993
999.809
999.332
999.553
999.961
1000
1000
999.996
999.815
999.813
999.712
999.988
1000
1000
1000
999.969
999.078
999.933
1000
1000
1000
1000
999.984
999.353
999.991
1000
1000
1000
1000
1000
1000
1000
1000
1000
1000
1000
1000
1000
1000
1000
1000
1000
1000
1000
1000
1000
1000
1000
1000
1000
1000
1000
1000
1000
1000
1000
999.977
999.862
999.936
1000
1000
1000
1000
999.997
999.722
999.996
1000
1000
1000
1000
1000
999.98
1000
1000
1000
1000
1000
1000
1000
1000
1000
1000
1000
1000
1000
1000
1000
1000
1000
1000
1000
1000
1000
1000
1000
1000
1000
1000
1000
1000
1000
1000
1000
1000
1000
1000
1000
1000
1000
1000
1000
1000
1000
1000
1000
1000
1000
1000
1000
1000
1000
1000
1000
1000
1000
1000
1000
1000
1000
1000
1000
1000
1000
1000
1000
1000
1000
999.893
999.124
999.965
999.46
999.944
1000
1000
999.915
999.124
999.502
999.535
999.98
1000
1000
999.979
999.787
999.476
999.849
999.994
1000
1000
999.98
999.796
999.852
999.937
999.999
1000
1000
1000
999.851
999.435
999.953
1000
1000
1000
1000
999.996
999.435
999.978
1000
1000
1000
1000
999.997
999.941
999.999
1000
1000
1000
1000
1000
1000
1000
1000
1000
1000
1000
1000
1000
1000
1000
1000
1000
1000
1000
1000
1000
1000
1000
1000
1000
1000
1000
1000
1000
1000
)
;
    }
    inlet
    {
        type            calculated;
        value           uniform 1;
    }
    procBoundary0to1
    {
        type            processor;
        value           nonuniform List<scalar> 
760
(
1000
1000
1000
1000
1000
1000
1000
1000
1000
1000
1000
1000
1000
1000
1000
1000
1000
1000
1000
1000
1000
1000
1000
1000
1000
1000
1000
1000
1000
1000
1000
1000
1000
1000
1000
1000
1000
1000
1000
1000
1000
1000
1000
1000
1000
1000
1000
1000
1000
1000
1000
1000
1000
1000
1000
1000
1000
1000
1000
1000
1000
1000
1000
1000
1000
1000
1000
1000
1000
1000
1000
1000
1000
1000
1000
1000
1000
1000
1000
1000
1000
1000
1000
1000
1000
1000
1000
1000
1000
1000
1000
1000
1000
1000
1000
1000
1000
1000
1000
1000
1000
1000
1000
1000
1000
1000
1000
1000
1000
1000
1000
1000
1000
1000
1000
1000
1000
1000
1000
1000
1000
1000
1000
1000
1000
1000
1000
1000
1000
1000
1000
1000
1000
1000
1000
1000
1000
1000
1000
1000
1000
1000
1000
1000
1000
1000
1000
1000
1000
1000
1000
1000
1000
1000
1000
1000
1000
1000
1000
1000
1000
1000
1000
1000
1000
1000
1000
1000
1000
1000
1000
1000
1000
1000
1000
1000
1000
1000
1000
1000
1000
1000
1000
1000
1000
1000
1000
1000
1000
1000
1000
1000
1000
1000
1000
1000
1000
1000
1000
1000
1000
1000
1000
1000
1000
1000
1000
1000
1000
1000
1000
1000
1000
1000
1000
1000
1000
1000
1000
1000
1000
1000
1000
1000
1000
1000
1000
1000
1000
1000
1000
1000
1000
1000
1000
1000
1000
1000
1000
1000
1000
1000
1000
1000
1000
1000
1000
1000.01
1000
999.999
1000
1000
1000
1000
999.955
1000
999.543
997.396
1000
1000
1000
999.672
999.967
999.537
996.777
1000
1000
999.998
946.547
400.375
861.977
999.613
999.364
1000.01
999.999
959.591
455.686
910.39
999.631
999.164
1000
1000
999.837
999.96
998.79
996.943
1000
1000
1000
1000
1000
998.677
999.413
1000
1000
1000
1000
1000
1000
1000
1000
1000
1000
1000
1000
1000
1000
1000
1000
1000
1000
1000
1000
1000
1000
1000
1000
1000
1000
1000
1000
1000
1000
1000
1000
1000
1000
1000
1000
1000
1000
1000
1000
1000
1000
1000
1000
1000
1000
1000
1000
1000
1000
1000
1000
1000
1000
1000
1000
1000
1000
1000
1000
1000
1000
1000
1000
1000
1000
1000
1000
1000
1000
1000
1000
1000
1000
1000
1000
1000
999.999
999.998
999.993
999.986
999.992
1000
1000
1000
1000
999.998
999.887
999.847
999.96
1000
1000
1000
1000
1000
999.977
999.927
999.991
1000
1000
1000
1000
1000
1000
1000
999.997
1000
1000
1000
1000
1000
1000
1000
1000
1000
1000
1000
1000
1000
1000
1000
1000
1000
1000
1000
1000
1000
1000
1000
1000
999.956
999.85
999.835
999.918
999.977
1000
1000
999.997
999.793
999.06
999.059
999.06
999.7
1000
999.999
999.968
999.916
999.531
999.706
999.993
1000
1000
1000
999.997
1000
1000
1000
1000
1000
1000
1000
1000
1000
1000
1000
1000
1000
1000
1000
1000
1000
1000
1000
1000
1000
1000
1000
1000
1000
1000
1000
1000
1000
1000
999.999
1000
1000
1000
1000
1000
999.978
999.794
999.927
1000
1000.01
1000
1000
1000
999.953
999.771
999.771
999.992
1000
1000
1000
1000
999.996
999.979
999.978
999.997
1000
1000
1000
999.968
999.878
999.878
999.993
1000
1000
1000
1000
999.993
999.97
999.976
999.995
1000
1000
1000
1000
1000
1000
1000
1000
1000
1000
1000
1000
1000
1000
1000
1000
1000
1000
1000
1000
1000
1000
1000
1000
1000
1000
1000
1000
1000
1000
1000
1000
1000
1000
1000
1000
1000
1000
1000
1000
1000
1000
1000
1000
1000
1000
1000
1000
1000
1000
1000
1000
1000
1000
1000
1000
1000
1000
1000
1000
1000
1000
1000
1000
1000
1000
1000
1000
1000
1000
1000
1000
1000
1000
1000
1000
1000
1000
1000
1000
1000
1000
1000
1000
1000
1000
1000
1000
1000
1000
1000
1000
1000
1000
1000
1000
1000
1000
1000
1000
1000
1000
1000
1000
1000
1000
1000
1000
1000
1000
1000
1000
1000
1000
1000
1000
1000
1000
1000
1000
1000
1000
1000
1000
1000
1000
1000
1000
1000
1000
1000
1000
1000
1000
1000
1000
1000
1000
1000
1000
1000
1000
1000
1000
1000
1000
1000
1000
1000
1000
1000
1000
1000
1000
1000
1000
1000
1000
1000
1000
1000
1000
1000
1000
1000
1000
1000
1000
1000
1000
1000
1000
1000
1000
1000
1000
1000
1000
1000
1000
1000
1000
1000
1000
1000
1000
1000
1000
1000
1000
1000
1000
1000
1000
1000
1000
1000
1000
1000
1000
1000
1000
1000
1000
1000
1000
1000
1000
1000
1000
1000
1000
1000
1000
1000
1000
1000
1000
1000
1000
1000
1000
1000
1000
1000
1000
1000
1000
1000
1000
1000
1000
1000
1000
1000
1000
1000
1000
1000
1000
1000
1000
)
;
    }
}


// ************************************************************************* //
