/*--------------------------------*- C++ -*----------------------------------*\
| =========                 |                                                 |
| \\      /  F ield         | OpenFOAM: The Open Source CFD Toolbox           |
|  \\    /   O peration     | Version:  plus.master.MPPICInterFoam            |
|   \\  /    A nd           | Web:      www.OpenFOAM.com                      |
|    \\/     M anipulation  |                                                 |
\*---------------------------------------------------------------------------*/
FoamFile
{
    version     2.0;
    format      ascii;
    class       volScalarField;
    location    "7.6";
    object      rho;
}
// * * * * * * * * * * * * * * * * * * * * * * * * * * * * * * * * * * * * * //

dimensions      [1 -3 0 0 0 0 0];

internalField   nonuniform List<scalar> 
11822
(
973.64
826.641
738.955
733.447
815.431
974.906
1000
791.107
603.964
826.244
833.244
572.151
810.556
1000
772.014
773.656
833.266
838.586
838.504
766.103
1000
800.873
783.527
832.014
838.571
838.586
820.985
1000
739.82
694.633
439.008
819.344
722.739
778.813
1000
913.184
713.325
792.767
737.593
740.691
944.928
1000
999.365
989.048
969.664
978.168
995.502
1000
1000
968.487
816.337
739.934
734.102
812.849
966.11
1000
772.142
467.055
713.142
802.134
481.364
797.909
1000
690.675
813.602
822.954
820.184
686.282
698.308
999.314
706.55
805.208
798.912
694.717
675.818
737.657
996.886
749.39
453.379
296.268
495.686
385.195
764.603
998.096
896.564
734.473
724.783
702.992
749.53
920.528
1000
997.313
980.469
965.861
970.639
986.288
999.769
1000
954.74
817.179
751.23
741.514
810.422
946.79
1000
771.99
463.839
339.366
467.639
480.252
783.904
994.372
681.935
772.323
634.437
543.995
278.462
681.788
982.66
670.709
783.928
636.613
343.365
316.461
682.84
977.167
747.119
417.455
286.236
275.603
361.161
738.366
984.037
859.513
738.202
704.908
678.19
734.555
876.753
1000
993.753
955.991
945.052
942.931
963.786
997.205
1000
922.434
772.134
708.364
700.857
756.291
902.963
999.808
714.208
456.149
270.978
269.056
462.38
710.049
972.406
620.433
481.31
295.732
265.99
262.798
603.759
935.077
586.608
491.4
312.318
264.428
263.296
563.926
923.852
678.849
415.837
292.601
270.8
340.817
635.925
949.379
776.862
674.48
631.336
591.966
635.257
790.015
996.18
985.936
908.816
883.991
876.408
919.97
989.628
1000
836.232
585.224
517.018
517.163
565.35
800.493
996.996
506.067
340.948
260.499
260.564
329.79
492.723
918.904
377.815
264.29
262.1
261.191
261.825
373.16
828.41
345.401
266.241
263.822
262.465
261.703
329.868
816.663
439.886
311.163
264.455
263.373
266.913
403.142
880.12
631.764
430.049
369.5
345.788
388.991
651.217
984.254
969.641
833.039
766.412
762.883
844.662
973.689
1000
757.337
417.109
364.956
339.449
419.938
744.816
994.678
370.427
260.973
260.621
258.882
260.487
376.015
893.606
264.724
262.332
261.012
260.697
260.86
262.463
787.249
266.287
263.754
262.253
261.178
260.962
283.697
793.465
314.571
264.367
263.017
262.181
261.498
362.076
866.437
589.222
312.478
280.917
263.191
332.324
638.576
979.827
965.253
819.911
750.36
748.782
834.244
969.063
999.994
1000
999.999
999.999
1000
999.969
999.691
999.658
999.998
1000
1000
1000
1000
1000
1000
1000
1000
1000
1000
1000
1000
1000
1000
1000
1000
1000
1000
1000
1000
1000
1000
1000
1000
1000
1000
1000
1000
1000
1000
1000
1000
1000
1000
1000
1000
1000
1000
1000
1000
1000
1000
1000
1000
1000
999.98
999.999
1000
1000
999.999
1000
1000
999.991
999.491
999.631
999.999
1000
1000
1000
1000
1000
1000
1000
1000
1000
1000
1000
1000
1000
1000
1000
1000
1000
1000
1000
1000
1000
1000
1000
1000
1000
1000
1000
1000
1000
1000
1000
1000
1000
1000
1000
1000
1000
1000
1000
1000
1000
1000
1000
1000
1000
999.985
999.999
1000
1000
999.999
1000
1000
999.998
999.226
999.64
999.999
1000
1000
1000
1000
1000
1000
999.999
999.999
1000
1000
1000
1000
1000
1000
1000
1000
1000
1000
1000
1000
1000
1000
1000
1000
1000
1000
1000
1000
1000
1000
1000
1000
1000
1000
1000
1000
1000
1000
1000
1000
1000
1000
1000
1000
1000
999.994
1000
1000
1000
1000
1000
1000
1000
999.213
999.705
999.999
1000
1000
1000
1000
1000
1000
999.997
999.995
1000
1000
1000
1000
1000
1000
1000
1000
1000
1000
1000
1000
1000
1000
1000
1000
1000
1000
1000
1000
1000
1000
1000
1000
1000
1000
1000
1000
1000
1000
1000
1000
1000
1000
1000
1000
1000
999.999
1000
1000
1000
1000
1000
1000
1000
999.293
999.852
999.886
1000
1000
1000
1000
1000
1000
999.997
999.994
1000.01
1000
1000
1000
1000
1000
1000
1000
1000.01
1000
1000
1000
1000
1000
1000
1000
1000
1000
1000
1000
1000
1000
1000
1000
1000
1000
1000
1000
1000
1000
1000
1000
1000
1000
1000
1000
1000
1000
1000
1000
999.999
1000
1000
1000
1000
999.508
999.753
999.72
999.988
1000
1000
1000
1000
1000
999.999
999.994
999.98
1000
1000
1000
1000
1000
1000
1000
999.981
1000
1000
1000
1000
1000
1000
1000
999.987
1000
1000
1000
1000
1000
1000
1000
999.998
1000
1000
1000
1000
1000
1000
1000
1000
1000
1000
1000
1000
1000
1000
1000
1000
1000
1000
1000
1000
1000
1000
1000
1000
1000
1000
1000
1000
1000
1000
1000
990.523
1000
1000
1000
1000
999.999
1000
1000
971.246
1000
999.999
999.998
1000
1000
1000
1000
964.092
1000
999.95
1000
1000
1000
1000
1000
1000
999.999
999.965
1000
1000
1000
1000
1000
1000
1000
1000
999.988
999.942
999.991
999.978
1000
1000
1000
1000
1000
1000
1000
1000
1000
1000
1000
1000
1000
1000
1000
1000
1000
982
1000
1000
1000
1000
999.999
1000
1000
963.984
1000
1000
1000
1000
999.999
1000
1000
960.829
1000
999.998
1000
1000
1000
1000
1000
999.872
1000
999.996
1000
1000
1000
1000
1000
1000
1000
1000
999.975
999.952
999.989
999.992
1000
1000
1000
1000
1000
1000
1000
1000
1000
1000
1000
1000
1000
1000
1000
1000
1000
959.343
1000
1000
1000
1000
999.999
1000
1000
938.11
1000
1000
1000
1000
1000
1000
1000
945.477
1000
1000
1000
1000
1000
1000
1000
989.919
1000
1000
1000
1000
1000
1000
1000
1000
1000
999.999
999.97
999.967
999.989
1000
1000
1000
1000
1000
1000
1000
1000
1000
1000
996
1000
1000
1000
1000
1000
1000
1000
912.784
1000
1000
1000
1000
999.999
1000
1000
861.992
1000
1000
1000
1000
1000
1000
1000
891.385
1000
1000
1000
1000
1000
1000
1000
966.019
1000
1000
1000
1000
1000
1000
1000
1000
1000
1000
999.97
999.984
999.994
1000
1000
1000
1000
1000
1000
1000
1000
1000
1000
984.411
1000
1000
1000
1000
1000
1000
1000
827.504
1000.01
1000
1000
1000
999.999
1000
1000
699.458
999.599
1000
1000
1000
1000
1000
1000
748.493
999.98
1000
1000
1000
1000
1000
1000
913.73
1000
1000
1000
1000
1000
1000
1000
999.999
1000
1000
999.97
999.991
1000
1000
1000
1000
1000
1000
1000
1000
1000
1000
1000
979.269
999.999
1000
1000
1000
1000
1000
1000
801.947
999.99
1000
1000
1000
999.999
1000
1000
659.903
999.167
1000
1000
1000
1000
1000
1000
692.01
999.935
1000
1000
1000
1000
1000
1000
884.401
999.994
1000
1000
1000
1000
1000
1000
1000.03
1000
1000
999.985
999.991
1000
1000
1000
1000
1000
999.999
999.978
999.307
999.491
999.989
999.94
1000
1000
1000
1000
999.859
997.933
999.79
997
1000
1000
1000
1000
999.931
997.932
998.983
998.132
992.028
1000
1000
1000
999.976
999.72
999.858
999.888
1000
1000
999.995
999.971
999.966
999.966
999.726
994.981
1000
999.999
999.986
1000
999.424
997.677
994.981
994.981
1000
999.999
999.999
1000
999.901
997.75
995.541
999.616
1000
1000
1000
999.967
999.307
999.773
999.993
999.939
1000
1000
1000
1000
999.805
997.933
999.704
994.809
1000
1000
1000
1000
999.892
997.933
999.173
994.876
995.083
1000
1000
999.997
999.709
999.578
999.886
999.888
1000
1000
999.999
1000
999.98
999.708
999.353
994.982
1000
999.999
999.987
1000
999.552
998.062
994.985
995.257
1000
1000
999.999
1000
999.946
997.386
996.72
999.784
1000
1000
1000
999.98
999.307
999.801
999.977
999.913
1000
1000
1000
1000
999.705
998.763
999.371
994.808
997.634
1000
1000
1000
999.757
998.181
999.133
994.808
991.518
1000
1000
999.995
999.525
999.596
999.943
999.767
1000
1000
1000
1000
999.984
998.539
999.087
995.399
1000
1000
999.998
999.996
999.841
998.221
994.988
998.269
1000
1000
1000
1000
999.929
997.388
998.029
999.946
1000
1000
1000
999.999
999.442
999.735
999.408
999.893
996.816
1000
1000
1000
999.543
999.481
997.529
994.808
981.55
1000
1000
1000
999.556
999.577
999.051
994.808
974.123
1000
1000
999.999
999.525
999.698
999.997
996.757
993.605
1000
1000
1000
999.999
997.881
999.272
998.807
1000
1000
1000
999.986
999.992
997.889
997.909
999.898
1000
1000
1000
1000
999.881
997.391
998.977
999.984
1000.01
1000
1000
1000
999.909
999.518
998.124
999.876
970.051
1000
1000
1000
999.625
999.267
996.527
996.259
926.146
1000
1000
1000
999.772
999.999
998.306
994.808
918.271
1000
1000
1000
999.575
999.844
999.999
994.813
962.962
1000
1000
1000
999.964
998.515
999.647
999.905
999.999
1000
1000
999.986
999.987
997.398
999.585
999.983
1000
1000
1000
1000
999.76
997.392
999.488
999.984
1000.02
1000
1000
1000
1000
999.255
997.222
999.836
932.972
999.996
1000
1000
999.882
998.842
996.554
998.705
871.905
999.991
1000
1000
999.999
1000
997.749
994.811
858.672
999.991
1000
1000
999.947
999.964
1000
995.404
931.715
999.995
1000
1000
999.857
999.62
999.683
999.597
1000.02
1000
1000
999.989
1000
997.436
998.887
999.981
1000
1000
1000
1000
999.948
997.398
998.779
999.877
999.999
999.995
1000
999.93
998.655
999.626
1000
1000
1000
999.993
1000
999.841
996.807
998.857
1000
1000
1000
999.997
1000
999.899
996.807
997.927
1000
1000
1000
999.998
1000
999.977
998.762
997.88
999.985
1000
1000
999.999
1000
999.925
998.139
999.12
1000
1000
1000
999.999
999.999
999.995
999.912
999.929
999.998
1000
1000
1000
1000
1000
1000
1000
1000
1000
1000
1000
1000
999.84
998.847
999.78
1000
1000
1000
1000
1000
999.657
996.806
999.168
1000
1000
1000
1000
1000
999.911
996.806
998.514
1000
1000
1000
1000
1000
999.957
996.825
998.454
1000
1000
1000
1000
1000
999.961
998.561
999.648
1000
1000
1000
1000
1000
999.989
999.899
999.931
1000
1000
1000
1000
1000
1000
1000
1000
1000
1000
1000
1000
1000
999.68
999.29
999.912
1000
1000
1000
1000
1000
998.99
996.806
999.466
1000
1000
1000
1000
1000
999.949
996.806
998.863
1000
1000
1000
1000
1000
999.971
996.806
998.658
1000
1000
1000
1000
1000
999.993
999.383
999.809
1000
1000
1000
1000
1000
999.945
999.846
999.942
1000
1000
1000
1000
1000
1000
1000
1000
1000
1000
1000
1000
1000
999.652
999.708
999.98
1000
1000
1000
1000
1000
998.122
996.961
999.712
1000
1000
1000
1000
1000
999.773
996.806
999.054
1000
1000
1000
1000
1000
1000
996.817
998.844
1000
1000
1000
1000
1000
999.986
999.245
999.779
1000
1000
1000
1000
1000
999.856
999.831
999.954
1000
1000
1000
1000
1000
1000
1000
1000
1000
1000
1000
1000
1000
999.711
999.904
999.998
1000
1000
1000
1000
1000
998.044
998.342
999.904
1000
1000
1000.01
1000
1000
998.825
996.806
999.232
1000
1000
1000.02
1000
1000
999.573
996.811
998.931
1000
1000
1000.02
1000
1000
999.807
997.237
999.654
1000
1000
1000.01
1000
1000
999.852
999.849
999.964
1000
1000
1000
1000
1000
1000
1000
1000
1000
1000
1000
1000
999.999
999.865
999.951
999.998
1000
1000
999.998
1000
1000
998.161
998.993
999.988
1000
1000
999.989
1000
1000
997.7
996.811
999.183
1000
1000
999.983
1000
1000
998.593
996.818
998.738
1000
1000
999.983
1000
1000
998.767
996.831
999.414
1000
1000
999.981
1000
1000
999.872
999.863
999.98
1000
1000
999.995
1000
1000
1000
1000
1000
1000
1000
1000
1000
1000
1000
1000
1000
1000
1000
1000
1000
1000
1000
1000
1000
1000
1000
1000
1000
1000
1000
1000
1000
1000
1000
1000
1000
1000
1000
1000
1000
1000
1000
1000
1000
1000
1000
1000
1000
1000
1000
1000
1000
1000
1000
1000
1000
1000
1000
1000
1000
1000
1000
1000
1000
1000
1000
1000
1000
1000
1000
1000
1000
1000
1000
1000
1000
1000
1000
1000
1000
1000
1000
1000
1000
1000
1000
1000
1000
1000
1000
1000
1000
1000
1000
1000
1000
1000
1000
1000
1000
1000
1000
1000
1000
1000
1000
1000
1000
1000
1000
1000
1000
1000
1000
1000
1000
1000
1000
1000
1000
1000
1000
1000
1000
1000
1000
1000
1000
1000
1000
1000
1000
1000
1000
1000
1000
1000
1000
1000
1000
1000
1000
1000
1000
1000
1000
1000
1000
1000
1000
1000
1000
1000
1000
1000
1000
1000
1000
1000
1000
1000
1000
1000
1000
1000
1000
1000
1000
1000
1000
1000
1000
1000
1000
1000
1000
1000
1000
1000
1000
1000
1000
1000
1000
1000
1000
1000
1000
1000
1000
1000
1000
1000
1000
1000
1000
1000
1000
1000
1000
1000
1000
1000
1000
1000
1000
1000
1000
1000
1000
1000
1000
1000
1000
1000
1000
1000
1000
1000
1000
1000
1000
1000
1000
1000
1000
1000
1000
1000
1000
1000
1000
1000
1000
1000
1000
1000
1000
1000
1000
1000
1000
1000
1000
1000
1000
1000
1000
1000
1000
1000
1000
1000
1000
1000
1000
1000
1000
1000
1000
1000
1000
1000
1000
1000
1000
1000
1000
1000
1000
1000
1000
1000
1000
1000
1000
1000
1000
1000
1000
1000
1000
1000
1000
1000
1000
1000
1000
1000
1000
999.994
1000
1000
1000
999.999
999.997
999.997
997.626
1000
1000
1000
1000
999.999
999.997
999.997
998.121
1000
1000
1000
1000
999.999
999.997
999.997
998.748
1000
1000
1000
1000
999.999
999.997
999.997
998.411
1000
1000
1000
1000
999.999
999.997
999.997
999.229
1000
1000
1000
1000
999.999
999.997
999.997
999.998
1000
1000
1000
1000
999.999
999.997
999.997
999.985
1000
1000
1000
1000
1000
1000
1000
1000
1000
1000
1000
1000
1000
1000
1000
1000
1000
1000
1000
1000
1000
1000
1000
1000
1000
1000
1000
1000
1000
1000
1000
1000
1000
1000
1000
1000
1000
1000
1000
1000
1000
1000
1000
1000
1000
1000
1000
1000
1000
1000
1000
1000
1000
1000
1000
1000
1000
1000
1000
1000
1000
1000
1000
1000
1000
1000
1000
1000
1000
1000
1000
1000
1000
1000
1000
1000
1000
1000
1000
1000
1000
1000
1000
1000
1000
1000
1000
1000
1000
1000
1000
1000
1000
1000
1000
1000
1000
1000
1000
1000
1000
1000
1000
1000
1000
1000
1000
1000
1000
1000
1000
1000
1000
1000
1000
1000
1000
1000
1000
1000
1000
1000
1000
1000
1000
1000
1000
1000
1000
1000
1000
1000
1000
1000
1000
1000
1000
1000
1000
1000
1000
1000
1000
1000
1000
1000
1000
1000
1000
1000
1000
1000
1000
1000
1000
1000
1000
1000
1000
1000
1000
1000
1000
1000
1000
1000
1000
1000
1000
1000
1000
1000
1000
1000
1000
1000
1000
1000
1000
1000
1000
1000
1000
1000
1000
1000
1000
1000
1000
1000
1000
1000
1000
1000
1000
1000
1000
1000
1000
1000
1000
1000
1000
1000
1000
1000
1000
1000
1000
1000
1000
1000
1000
1000
1000
1000
1000
1000
1000
1000
1000
1000
1000
1000
1000
1000
1000
1000
1000
1000
1000
1000
1000
1000
1000
1000
1000
1000
1000
1000
1000
1000
1000
1000
1000
1000
1000
1000
1000
1000
1000
1000
1000
1000
1000
1000
1000
1000
1000
1000
1000
1000
1000
1000
1000
1000
1000
1000
1000
1000
1000
1000
1000
1000
1000
1000
1000
1000
1000
1000
1000
1000
1000
1000
1000
999.997
999.996
999.998
1000
1000
1000
1000
1000
999.997
999.997
999.998
1000
1000
1000
1000
1000
999.997
999.997
996.846
1000
1000
1000
1000
1000
999.996
999.997
989.048
1000
1000
1000
1000
1000
999.996
999.997
985.159
1000
1000
1000
1000
1000
999.996
999.997
982.135
1000
1000
1000
1000
1000
999.996
999.997
979.931
1000
1000
1000
1000
1000
1000
1000
1000
1000
1000
1000
1000
1000
1000
1000
1000
1000
1000
1000
1000
1000
1000
1000
1000
1000
1000
1000
1000
1000
1000
1000
1000
1000
1000
1000
1000
1000
1000
1000
1000
1000
1000
1000
1000
1000
1000
1000
1000
1000
1000
1000
1000
1000
1000
1000
1000
1000
1000
1000
1000
1000
1000
1000
1000
1000
1000
1000
1000
1000
1000
1000
1000
1000
1000
1000
1000
1000
1000
1000
1000
1000
1000
1000
1000
1000
1000
1000
1000
1000
1000
1000
1000
1000
1000
1000
1000
1000
1000
1000
1000
1000
1000
1000
1000
1000
1000
1000
1000
1000
1000
1000
1000
1000
1000
1000
1000
1000
1000
1000
1000
1000
1000
1000
1000
1000
1000
1000
1000
1000
1000
1000
1000
1000
1000
1000
1000
1000
1000
1000
1000
1000
1000
1000
1000
1000
1000
1000
1000
1000
1000
1000
1000
1000
1000
1000
1000
1000
1000
1000
1000
1000
1000
1000
1000
1000
1000
1000
1000
1000
1000
1000
1000
1000
1000
1000
1000
1000
1000
1000
1000
1000
1000
1000
1000
1000
1000
1000
1000
1000
1000
1000
1000
1000
1000
1000
1000
1000
1000
1000
1000
1000
1000
1000
1000
1000
1000
1000
1000
1000
1000
1000
1000
1000
1000
1000
1000
1000
1000
1000
1000
1000
1000
1000
1000
1000
1000
1000
1000
1000
1000
1000
1000
1000
1000
1000
1000
1000
1000
1000
1000
1000
1000
1000
1000
1000
1000
1000
1000
1000
1000
1000
1000
1000
1000
1000
1000
1000
1000
1000
1000
1000
1000
1000
1000
1000
1000
1000
1000
1000
1000
1000
1000
1000
1000
1000
1000
1000
1000
1000
1000
999.98
1000
1000
1000
1000
999.996
999.997
981.147
999.939
1000
1000
1000
1000
999.996
999.997
986.126
999.91
1000
1000
1000
1000
999.997
999.997
994.752
999.94
1000
1000
1000
1000
999.997
999.997
996.534
999.86
999.994
1000
1000
1000
999.997
999.997
996.009
999.709
999.968
1000
1000
1000
999.997
999.997
995.986
999.781
999.992
1000
1000
999.999
999.997
999.997
996.909
1000
1000
1000
1000
1000
1000
1000
1000
1000
1000
1000
1000
1000
1000
1000
1000
1000
1000
1000
1000
1000
1000
1000
1000
1000
1000
1000
1000
1000
1000
1000
1000
1000
1000
1000
1000
1000
1000
1000
1000
1000
1000
1000
1000
1000
1000
1000
1000
1000
1000
1000
1000
1000
1000
1000
1000
1000
1000
1000
1000
1000
1000
1000
1000
1000
1000
1000
1000
1000
1000
1000
1000
1000
1000
1000
1000
1000
1000
1000
1000
1000
1000
1000
1000
1000
1000
1000
1000
1000
1000
1000
1000
1000
1000
1000
1000
1000
1000
1000
1000
1000
1000
1000
1000
1000
1000
1000
1000
1000
1000
1000
1000
1000
1000
1000
1000
1000
1000
1000
1000
1000
1000
1000
1000
1000
1000
1000
1000
1000
1000
1000
1000
1000
1000
1000
1000
1000
1000
1000
1000
1000
1000
1000
1000
1000
1000
1000
1000
1000
1000
1000
1000
1000
1000
1000
1000
1000
1000
1000
1000
1000
1000
1000
1000
1000
1000
1000
1000
1000
1000
1000
1000
1000
1000
1000
1000
1000
1000
1000
1000
1000
1000
1000
1000
1000
1000
1000
1000
1000
1000
1000
1000
1000
1000
1000
1000
1000
1000
1000
1000
1000
1000
1000
1000
1000
1000
1000
1000
1000
1000
1000
1000
1000
1000
1000
1000
1000
1000
1000
1000
1000
1000
1000
1000
1000
1000
1000
1000
1000
1000
1000
1000
1000
1000
1000
1000
1000
1000
1000
1000
1000
1000
1000
1000
1000
1000
1000
1000
1000
1000
1000
1000
1000
1000
1000
1000
1000
1000
1000
1000
1000
1000
1000
1000
1000
1000
1000
1000
1000
1000
1000
1000
1000
1000
1000
1000
1000
1000
1000
1000
1000
1000
1000
1000
999.999
999.997
999.997
999.998
1000
1000
1000
1000
999.999
999.997
999.997
999.998
1000
1000
1000
1000
999.999
999.997
999.997
999.998
1000
1000
1000
1000
999.999
999.997
999.997
999.998
1000
1000
1000
1000
999.999
999.997
999.997
999.998
1000
1000
1000
1000
999.999
999.997
999.997
999.998
1000
1000
1000
1000
999.999
999.997
999.997
999.998
1000
1000
1000
1000
1000
1000
1000
1000
1000
1000
1000
1000
1000
1000
1000
1000
1000
1000
1000
1000
1000
1000
1000
1000
1000
1000
1000
1000
1000
1000
1000
1000
1000
1000
1000
1000
1000
1000
1000
1000
1000
1000
1000
1000
1000
1000
1000
1000
1000
1000
1000
1000
1000
1000
1000
1000
1000
1000
1000
1000
1000
1000
1000
1000
1000
1000
1000
1000
1000
1000
1000
1000
1000
1000
1000
1000
1000
1000
1000
1000
1000
1000
1000
1000
1000
1000
1000
1000
1000
1000
1000
1000
1000
1000
1000
1000
1000
1000
1000
1000
1000
1000
1000
1000
1000
1000
1000
1000
1000
1000
1000
1000
1000
1000
1000
1000
1000
1000
1000
1000
1000
1000
1000
1000
1000
1000
1000
1000
1000
1000
1000
1000
1000
1000
1000
1000
1000
1000
1000
1000
1000
1000
1000
1000
1000
1000
1000
1000
1000
1000
1000
1000
1000
1000
1000
1000
1000
1000
1000
1000
1000
1000
1000
1000
1000
1000
1000
1000
1000
1000
1000
1000
1000
1000
1000
1000
1000
1000
1000
1000
1000
1000
1000
1000
999.173
999.866
1000
1000
1000
1000
1000
1000
1000
1000
1000
1000
1000
1000
1000
1000
999.93
1000
1000
1000
1000
1000
1000
1000
999.998
1000
1000
1000
1000
1000
1000
1000
999.958
999.968
1000
1000
1000
1000
1000
1000
998.025
999.256
999.999
1000
999.987
999.835
1000
997.077
992.486
994.95
1000
1000
1000
1000
1000
993.439
962.908
986.915
1000
1000
999.999
1000
1000
980.37
972.452
987.943
1000
1000
999.999
1000
1000
972.079
974.487
989.951
1000
1000
999.999
1000
1000
976.108
972.069
987.126
1000
1000
999.999
1000
1000
990.776
964.429
983.478
1000
1000
999.999
1000
1000
992.53
954.892
985.618
999.999
987.867
909.322
922.454
970.714
913.048
912.8
957.641
950.627
984.884
911.304
928.007
973.175
909.556
945.522
952.888
947.878
974.259
922.836
954.71
950.454
902.937
942.308
949.472
943.395
973.136
932.598
958.253
935.014
902.27
946.352
945.619
942.819
970.849
933.876
961.344
941.196
904.283
940.305
945.849
942.379
976.509
914.452
945.002
968.143
891.37
931.907
948.804
945.004
984.435
913.556
926.377
978.791
891.456
937.437
954.572
951.728
1000
1000
1000
1000
1000
1000
1000
1000
1000
1000
1000
1000
1000
1000
1000
1000
1000
1000
1000
1000
1000
1000
1000
1000
1000
1000
1000
1000
1000
1000
1000
1000
1000
1000
1000
1000
1000
1000
1000
1000
1000
1000
1000
1000
1000
1000
1000
1000
1000
1000
1000
1000
1000
1000
1000
1000
1000
1000
1000
1000
1000
1000
1000
1000
1000
1000
1000
1000
1000
1000
1000
1000
1000
1000
1000
1000
1000
1000
1000
1000
1000
1000
1000
1000
1000
1000
1000
1000
1000
1000
1000
1000
1000
1000
1000
1000
1000
1000
1000
1000
1000
1000
1000
1000
1000
1000
1000
1000
1000
1000
1000
1000
1000
1000
1000
1000
1000
1000
1000
1000
1000
1000
1000
1000
1000
1000
1000
1000
1000
1000
1000
1000
1000
1000
1000
1000
1000
1000
1000
1000
1000
1000
1000
1000
1000
1000
1000
1000
1000
1000
1000
1000
1000
1000
1000
1000
1000
1000
1000
1000
1000
1000
1000
1000
1000
1000
1000
1000
1000
1000
1000
1000
1000
1000
1000
1000
1000
1000
1000
1000
1000
1000
1000
1000
1000
1000
1000
1000
1000
1000
1000
1000
1000
1000
1000
1000
1000
1000
1000
1000
1000
1000
1000
1000
1000
1000
1000
1000
1000
1000
1000
1000
1000
1000
1000
1000
1000
1000
1000
1000
1000
1000
1000
1000
1000
999.999
1000
1000
999.574
996.642
998.904
1000
1000
1000
1000
1000
1000
995.983
998.683
1000
1000
1000
1000
1000
1000
996.137
998.87
1000
999.999
1000
1000
1000
1000
996.931
999.129
1000
999.999
1000
1000
1000
999.971
997.365
999.268
1000
999.999
1000
1000
1000
999.805
997.641
999.317
1000
999.999
1000
1000
1000
999.705
997.958
999.456
1000
986.165
931.032
940.53
976.901
937.831
909.716
957.652
961.046
987.63
961.399
944.068
960.298
945.965
917.169
953.639
963.475
972.673
959.194
965.188
964.277
942.186
921.829
952.458
964.937
965.211
967.739
972.544
961.85
938.087
922.964
951.72
966.053
964.143
969.687
974.25
961.205
935.406
922.177
951.492
966.87
961.027
969.384
975.516
962.376
931.6
920.117
950.839
967.161
954.316
967.01
977.138
965.51
928.699
920.33
950.667
967.096
1000
1000
1000
1000
1000
1000
1000
1000
1000
1000
1000
1000
1000
1000
1000
1000
1000
1000
1000
1000
1000
1000
1000
1000
1000
1000
1000
1000
1000
1000
1000
1000
1000
1000
1000
1000
1000
1000
1000
1000
1000
1000
1000
1000
1000
1000
1000
1000
1000
1000
1000
1000
1000
1000
1000
1000
1000
1000
1000
1000
1000
1000
1000
1000
1000
1000
1000
1000
1000
1000
1000
1000
1000
1000
1000
1000
1000
1000
1000
1000
1000
1000
1000
1000
1000
1000
1000
1000
1000
1000
1000
1000
1000
1000
1000
1000
1000
1000
1000
1000
1000
1000
1000
1000
1000
1000
1000
1000
1000
1000
1000
1000
1000
1000
1000
1000
1000
1000
1000
1000
1000
1000
1000
1000
1000
1000
1000
1000
1000
1000
1000
1000
1000
1000
1000
1000
1000
1000
1000
1000
1000
1000
1000
1000
1000
1000
1000
1000
1000
1000
1000
1000
1000
1000
1000
1000
1000
1000
1000
1000
1000
1000
1000
1000
1000
1000
1000
1000
1000
1000
1000
1000
1000
1000
1000
1000
1000
1000
1000
1000
1000
1000
1000
1000
1000
1000
1000
1000
1000
1000
1000
1000
1000
1000
1000
1000
1000
1000
1000
1000
1000
1000
1000
1000
1000
1000
1000
1000
1000
1000
1000
1000
1000
1000
1000
1000
1000
1000
1000
1000
1000
1000
1000
1000
999.999
1000
1000
1000
999.377
997.609
999.395
1000
999.999
1000
1000
1000
998.947
996.66
999.197
1000
1000
1000
1000
1000
998.491
994.338
998.131
1000
1000
999.999
999.988
1000
997.136
995.286
998.643
1000
1000
1000
1000
1000
997.151
995.22
998.355
1000
1000
1000
1000
1000
995.435
986.599
995.553
1000
1000
999.999
999.893
1000
996.205
991.146
996.569
1000
951.72
963.956
976.794
965.6
923.466
920.488
949.991
966.159
957.812
963.147
970.321
959.327
921.446
921.424
950.151
964.429
978.292
952.817
933.051
954.857
929.569
912.888
952.063
962.218
982.964
930.639
929.647
967.765
919.166
910.392
957.671
958.712
982.274
924.95
931.841
973.803
916.969
917.081
959.156
956.304
983.393
923.982
928.592
975.854
917.897
930.993
957.918
954.573
986.785
915.647
921.908
974.013
917.375
925.84
956.038
953.057
1000
1000
1000
1000
1000
1000
1000
1000
1000
1000
1000
1000
1000
1000
1000
1000
1000
1000
1000
1000
1000
1000
1000
1000
1000
1000
1000
1000
1000
1000
1000
1000
1000
1000
1000
1000
1000
1000
1000
1000
1000
1000
1000
1000
1000
1000
1000
1000
1000
1000
1000
1000
1000
1000
1000
1000
1000
1000
1000
1000
1000
1000
1000
1000
1000
1000
1000
1000
1000
1000
1000
1000
1000
1000
1000
1000
1000
1000
1000
1000
1000
1000
1000
1000
1000
1000
1000
1000
1000
1000
1000
1000
1000
1000
1000
1000
1000
1000
1000
1000
1000
1000
1000
1000
1000
1000
1000
1000
1000
1000
1000
1000
1000
1000
1000
1000
1000
1000
1000
1000
1000
1000
1000
1000
1000
1000
1000
1000
1000
1000
1000
1000
1000
1000
1000
1000
1000
1000
1000
1000
1000
1000
1000
1000
1000
1000
1000
1000
1000
1000
1000
1000
1000
1000
1000
1000
1000
1000
1000
1000
1000
1000
1000
1000
1000
1000
1000
1000
1000
1000
1000
1000
1000
1000
1000
1000
996.53
998.566
999.999
1000
1000
1000
1000
1000
999.784
999.957
1000
1000
1000
1000
1000
1000
1000
1000
1000
1000
1000
1000
1000
1000
1000
1000
1000
1000
1000
1000
1000
1000
1000
1000
1000
1000
1000
1000
1000
1000
1000
1000
1000
1000
1000
1000
1000
1000
1000
1000
1000
1000
999.999
1000
1000
990.699
951.16
984.438
999.998
1000
999.999
1000
1000
987.064
959.576
987.109
1000
1000
999.999
1000
1000
987.033
968.387
990.075
1000
1000
999.999
1000
1000
989.21
975.741
991.629
1000
1000
999.999
1000
1000
990.004
985.363
995.29
1000
1000
999.999
1000
1000
990.708
988.43
996.689
1000
1000
999.999
1000
1000
997.062
994.956
998.385
1000
982.196
917.905
932.868
972.484
891.507
941.777
952.4
951.734
980.705
922.28
940.161
973.891
891.564
926.977
952.463
952.209
983.235
923.885
937.94
978.03
891.785
917.322
955.802
953.205
982.087
928.37
942.665
976.637
895.211
911.329
959.276
953.118
981.768
929.185
944.8
976.518
906.077
904.057
958.139
955.451
978.308
928.985
948.807
980.953
908.58
908.635
957.181
958.068
983.364
929.82
944.851
977.71
926.607
907.379
956.775
959.656
824.27
550.66
527.112
448.364
557.914
847.053
998.9
548.493
311.071
283.582
260.115
296.656
577.173
959.465
522.866
345.564
262.356
283.356
296.639
474.062
906.03
516.988
353.267
353.394
387.06
359.383
551.92
918.308
531.884
327.301
393.041
308.334
432.725
664.572
952.056
761.653
549.516
573.516
498.092
615.881
839.313
993.432
987.284
931.189
900.967
901.23
935.572
987.834
999.964
997.685
937.676
939.153
885.581
907.875
995.085
999.985
955.846
806.548
747.08
654.184
722.169
951.442
999.895
972.138
803.433
717.533
649.493
732.195
950.822
999.813
976.91
879.073
856.2
740.607
791.207
954.804
999.843
943.19
863.791
883.685
810.628
779.499
933.738
999.897
985.798
954.325
984.729
964.516
928.489
995.303
999.98
999.966
999.867
999.835
999.839
999.889
999.975
999.999
641.371
844.449
882.536
912.506
877.41
730.093
512.817
794.062
850.205
903.657
912.506
874.236
726.425
640.305
812.663
795.222
897.559
790.163
773.727
782.183
724.22
818.365
856.007
897.494
757.432
718.189
738.599
690.422
781.727
800.826
831.801
842.842
624.028
567.83
617.816
635.019
676.611
763.765
848.806
688.497
513.471
553.907
505.831
625.49
688.204
712.87
678.663
587.618
527.01
252.403
400.746
547.532
685.193
518.619
292.146
251.271
337.891
631.266
834.493
845.745
692.48
380.021
239.823
362.815
721.044
896.288
787.6
691.681
403.751
225.642
342.264
685.103
869.117
768.543
659.648
371.279
222.421
262.266
465.197
625.749
692.259
486.178
267.468
233.863
256.521
269.545
306.05
371.711
280.722
238.692
240.686
242.775
226.699
224.938
219.354
235.929
228.049
227.852
271.327
301.495
317.598
319.775
298.691
304.453
298.809
268.824
300.733
354.092
353.013
320.309
306.232
264.843
276.362
350.179
371.874
367.088
351.656
307.331
229.841
260.945
345.376
375.409
372.466
361.579
309.89
222.585
240.365
316.241
336.208
333.011
324.785
311.213
249.183
272.877
277.408
267.275
269.599
260.964
302.777
291.544
266.941
211.31
180.127
183.918
186.964
234.588
228.816
1
1
1
1
1
1
1
1
1
1
1
1
1
1
1
1
1
1
1
1
1
1
1
1
1
1
1
1
1
1
1
1
1
1
1
1
1
1
1
1
1
1
1
1
1
1
1
1
1
1
1
1
1
1
1
1
1
1
1
1
1
1
1
1
1
1
1
1
1
1
1
1
1
1
1
1
1
1
1
1
1
1
1
1
1
1
1
1
1
1
1
1
1
1
1
1
1
1
1
1
1
1
1
1
1
1
1
1
1
1
1
1
1
1
1
1
1
1
1
1
1
1
1
1
1
1
1
1
1
1
1
1
1
1
1
1
1
1
1
1
1
1
1
1
1
1
1
1
1
1
1
1
1
1
1
1
1
1
1
1
1
1
1
1
1
1
1
1
1
1
1
1
1
1
1
1
1
1
1
1
1
1
1
1
1
1
1
1
1
1
1
1
1
1
1
1
1
1
1
1
1
1
1
1
1
1
1
1
1
1
1
1
1
1
1
1
1
1
1
1
1
1
1
1
1
1
1
1
1
1
1
1
1
1
1
1
1
1
1
1
1
1
1
1
1
999.998
1000
1000
1000
1000
999.929
999.872
999.81
999.978
999.999
1000
1000
1000
1000
1000
1000
999.958
999.999
1000
1000
1000
1000
1000
1000
999.965
999.999
1000
1000
1000
1000
1000
1000
999.979
999.999
1000
1000
1000
1000
1000
1000
999.996
1000
1000
1000
1000
1000
1000
1000
1000
1000
1000
1000
1000
1000
1000
1000
999.999
1000
1000
1000
1000
1000
999.993
999.991
999.996
1000
1000
1000
1000
1000
1000
1000
999.992
1000
1000
1000
1000
1000
1000
1000
999.994
1000
1000
1000
1000
1000
1000
1000
999.996
1000
1000
1000
1000
1000
1000
1000
999.999
1000
1000
1000
1000
1000
1000
1000
1000
1000
1000
1000
1000
1000
1000
1000.01
526.992
660.294
947.418
1000
1000
999.917
999.454
999.628
599.581
676.631
932.925
1000
1000.01
1000
1000
998.541
618.361
678.842
931.99
1000
1000.02
1000
999.998
996.441
631.066
713.415
960.966
1000
1000
999.833
999.125
991.94
633.673
753.076
981.172
1000
999.948
998.459
998.582
992.414
629.695
828.808
999.297
1000
999.535
991.805
992.649
989.041
697.142
967.322
1000.02
1000
1000
993.91
983.128
981.143
241.019
309.669
636.491
769.458
722.199
621.633
534.509
562.237
233.519
455.998
796.053
813.755
735.299
603.045
623.201
577.841
254.959
529.479
838.105
818.412
699.248
603.857
623.139
523.925
274.659
584.344
852.994
819.636
713.494
589.689
543.406
450.355
313.97
658.446
850.534
799.219
655.077
498.552
518.881
450.011
352.165
704.2
838.519
794.348
653.568
397.566
429.234
415.861
462.93
715.301
766.392
747.165
701.787
536.75
353.901
354.01
262.259
59.665
0.954072
0.999053
0.999979
1
1
1
188.25
42.4009
0.979181
0.999663
0.999994
1
1
1
156.158
57.8026
0.971645
0.999581
0.999994
1
1
1
143.781
59.1475
0.975838
0.999645
0.999995
1
1
1
163.268
46.5445
0.984103
0.999746
0.999996
1
1
1
172.908
27.1796
0.991774
0.999841
0.999997
1
1
1
89.824
0.935379
0.998876
0.999979
1
1
1.00001
1.00001
1
1
1
1
1
1
1
1
1
1
1
1
1
1
1
1
1
1
1
1
1
1
1
1
1
1
1
1
1
1
1
1
1
1
1
1
1
1
1
1
1
1
1
1
1
1
1
1
1
1
1
1
1
1
1.00001
1.00004
1
1
1
1
1
1
1
1
1
1
1
1
1
1
1
1.00001
1
1
1
1
1
1
1
1.00002
1
1
1.00001
1.00001
1.00001
1.00001
1.00003
1.00001
1
1
1.00001
1.00001
1.00001
1.00002
1.00003
1
1
1
1.00001
1.00001
1.00001
1.00001
1.00007
1.00012
1
1
1
1
1
1.00022
1.0005
1.00031
1
1
1
1
1
1
1
1
1
1
1
1
1
1
1
1
1
1
1
1
1
1
1
1
1
1.00001
1.00001
1
1
1
1
1
1
1.00001
1.00001
1.00001
1
1
1
1
1
1.00001
1.00001
1.00001
1
1
1
1
1
1
1
1
1.00006
1.00009
1
1
1
1
1
1
1
1
1
1
1
1
1
1
1
1
1
1
1
1
1
1
1
1
1
1
1
1
1
1
1
1
1
1
1
1
1
1
1
1
1
1
1
1
1
1
1
1
1
1
1
1
1
1
1
1
1
1
1
1
1
1
1
1
1
1
1
1
1
1
1
1
1
1
1
1
1
1
1
1
1
1
1
1
1
1
1
1
1
1
1
1
1
1
1
1
1
1
1
1
1
1
1
1
1
1
1
1
1
1
1
1
1
1
999.993
1000
1000
1000
1000
1000
1000
1000
991.786
999.995
1000
1000
1000
1000
1000
1000
914.306
999.966
999.999
1000
1000
1000
1000
1000
844.562
999.935
999.998
1000
1000
1000
1000
1000
849.355
999.936
999.998
1000
1000
1000
1000
1000
946.239
999.976
999.999
1000
1000
1000
1000
1000
999.931
999.997
999.999
1000
999.997
999.996
999.998
999.996
999.998
1000
1000
1000
1000
1000
1000
1000
999.973
999.999
1000
1000
1000
1000
1000
1000
999.851
999.994
1000
1000
1000
1000
1000
1000
999.744
999.989
1000
1000
1000
1000
1000
1000
999.741
999.989
1000
1000
1000
1000
1000
1000
999.881
999.995
1000
1000
1000
1000
1000
1000
999.986
999.999
1000
1000
1000
1000
1000
1000
573.024
773.371
993.725
1000
999.941
999.726
997.679
994.687
629.981
671.776
882.058
1000
1000
999.733
996.228
997.805
676.104
646.076
804.535
996.985
1000
1000
1000.01
999.993
743.118
668.494
783.696
989.913
1000.01
1000
1000.02
999.998
767.783
685.923
773.888
981.277
1000.01
1000.01
1000.07
1000
690.298
670.141
796.566
993.026
1000.01
1000.02
1000.05
1000
579.113
644.273
876.992
1000
1000
999.734
998.459
999.393
377.14
689.004
810.476
725.038
616.537
565.521
497.809
470.557
269.529
468.865
783.855
823.098
776.066
635.373
441.743
509.111
220.176
387.401
714.308
876.714
848.231
725.828
626.085
611.181
179.823
326.944
663.579
897.078
880.75
784.896
683.636
633.788
186.502
292.38
609.258
877.655
879.864
817.141
694.361
643.615
204.267
275.404
615.149
854.372
828.969
757.81
646.348
638.676
222.041
260.546
634.551
889.971
826.192
637.757
448.208
542.296
241.087
72.3296
0.961072
0.999318
0.999988
1
1
1.00005
254.229
139.643
4.27467
0.997204
0.999923
0.999999
1
1
168.395
83.3412
40.7824
25.6285
1.87475
0.999626
0.999996
1
146.553
49.1776
55.2289
62.6107
36.219
0.99227
0.999899
0.999998
192.244
89.9504
32.0043
34.756
27.7226
0.992584
0.999911
0.999999
248.088
172.061
28.6827
0.984641
0.999612
0.999977
1.00001
1.00001
273.76
275.472
82.4139
0.943857
0.998534
0.999968
1
1
1
1
1
1
1
1
1
1.00007
1
1
1
1
1
1
1
1
1
1
1
1
1
1
1
1
1
1
1
1
1
1
1
1
1
1
1
1
1
1
1
1
1
1
1
0.999997
1
1
1
1
1
1
1
1
1
1
1
1
1
1
1
1
1
1
1
1.00162
1
1
1
1.00001
1.00002
1.00003
1.00008
1.00008
1
1
1.00001
1.00003
1.00005
1.00003
1.00001
1.00001
1
1
1.00001
1.00003
1.00005
1.00005
1.00004
1
1
1
1.00001
1.00004
1.00003
1.00004
1.00006
1.00004
1
1
1
1.00008
1.00023
1.00027
1.00037
1.00037
1
1
1
1
1
1
1.00001
1.00001
1
1
1
1
1
1
1.00018
1.00226
1
1
1.00001
1.00001
1.00002
1.00007
1.0001
1.00004
1
1
1.00003
1.00007
1.00006
1.00001
1.00001
1.00001
1
1
1.00004
1.00007
1.00007
1.00003
1
1
1
1
1.00004
1.00006
1
1.00001
1.00002
1.00002
1
1
1.00001
1.00026
1.00036
1.00037
1.00037
1.00031
1
1
1
1
1
1
1
1.00001
1
1
1
1.00001
1.00003
1.00002
1
1
1
1
1
1
1.00003
1.00005
1.00001
1
1
1
1
1
1.00003
1.00005
1.00001
1
1
1
1
1.00001
1.00004
1.00003
1.00001
1.00002
1
1
1
1
1
1
1
1.00001
1
1
1
1
1
1
1
1
1
1
1
1
1
1
1
1
1
1
1
1
1.00001
1.00004
1.00004
1.00004
1
1
1
1
1
1.00003
1.00004
1.00004
1
1
1
1
1
1.00003
1.00004
1.00002
1
1
1
1
1
1.00001
1.00004
1.00004
1
1
1
1
1
1
1
1
1
1
1
1
1
1
1
1
1
1
1
1
1
1
1
1
999.921
999.997
1000
1000
1000
999.957
998.894
999.151
963.795
999.979
999.999
1000
999.998
999.926
999.217
996.861
931.507
999.965
999.998
1000
1000
1000
1000
996.77
916.505
999.962
999.998
999.999
1000
1000
1000
998.993
966.851
999.986
999.999
1000
999.908
999.958
999.886
999.835
999.944
999.998
1000
1000
1000
998.928
998.791
998.962
999.998
1000
1000
1000
1000
999.317
998.779
998.784
999.985
999.999
1000
1000
1000
1000
1000
999.888
999.892
999.995
1000
1000
1000
1000
999.999
999.814
999.843
999.993
1000
1000
1000
1000
1000
999.903
999.81
999.992
999.999
1000
1000
1000
1000
1000
999.904
999.996
1000
1000
1000
1000
1000
999.999
999.988
999.999
1000
1000
1000
1000
999.721
999.699
999.999
1000
1000
1000
1000
1000
999.901
999.523
598.549
660.185
881.828
1000
1000
999.788
998.984
999.791
732.733
702.24
802.398
988.897
1000.01
1000.01
1000.04
999.866
802.543
714.814
773.339
970.977
1000.01
1000.01
1000.07
999.924
877.899
709.191
729.46
944.813
1000.01
1000.01
1000
999.991
809.694
658.85
722.909
955.679
1000.01
1000
999.998
999.995
689.913
675.434
780.275
983.817
1000.01
999.987
999.862
999.798
552.491
680.894
934.945
1000.01
1000
999.992
999.686
999.224
231.954
256.664
596.629
878.703
822.993
634.337
469.291
578.579
244.754
253.393
514.724
829.865
833.247
776.012
690.044
692.492
258.723
238.605
483.083
831.748
870.144
822.013
753.573
720.806
302.965
218.157
460.333
821.244
872.873
822.468
765.459
713.265
248.609
262.318
520.138
838.269
856.779
788.646
740.174
695.79
250.243
272.641
550.455
846.204
831.81
726.802
655.316
643.609
251.781
276.848
547.225
771.234
774.358
713.675
588.817
564.85
277.169
279.397
91.0895
0.943652
0.998394
0.999965
1
1
281.686
187.973
27.5327
0.984803
0.999619
0.999991
1
1
257.751
146.366
31.7709
14.9573
11.2564
0.99815
0.999978
1
251.964
131.302
33.5441
29.2725
20.4571
0.996183
0.999945
1
249.183
141.864
35.8726
19.2899
5.50994
0.999316
0.99999
1
282.22
165.182
26.3609
0.985212
0.999578
0.999992
1
1
286.949
118.093
0.885094
0.998296
0.999963
0.999999
1
1
1
1
1
1
1
1
1
1
1
1
1
1
1
1
1
1
1
1
1
1
1
1
1
1
1
1
1
1
1
1
1
1
1
1
1
1
1
1
1
1
1
1
1
1
1
1
1
1
1
1
1
1
1
1
1
1
1
1
1
1
1
1
1
1.00002
1
1
1
1.00001
1.00002
1.00001
1.00001
1.00002
1
1
1.00001
1.00002
1.00003
1.00004
1.00005
1.00007
1
1
1.00001
1.00003
1.00003
1.00005
1.00006
1.00006
1
1
1.00001
1.00002
1.00001
1.00003
1.00002
1
1
1
1
1
1
1.00001
1
1.00001
1
1
1
1
1
1
1
1
1
1
1
1
1
1
1.00001
1.00003
1
1
1.00001
1.00003
1.00001
1
1
1
1
1
1.00003
1.00004
1.00004
1.00003
1
1
1
1
1.00003
1.00004
1.00004
1
1
1
1
1
1.00002
1.00002
1
1
1
1
1
1
1
1
1
1
1.00001
1.00001
1
1
1
1
1
1
1
1
1
1
1
1
1
1
1
1
1
1
1
1
1
1
1
1
1
1
1
1
1
1
1
1
1
1
1
1
1
1
1
1
1
1
1
1
1
1
1
1
1
1
1
1
1
1
1
1
1
1
1
1
1
1
1
1
1
1
1
1
1
1
1
1
1
1
1
1
1
1
1
1
1
1
1
1
1
1
1
1
1
1
1
1
1
1
1
1
1
1
1
1
1
1
1
1
1
1
1
1
1
1
1
1
1
1
1
1
1
1
1
1
1000
1000
999.998
999.977
999.986
999.998
999.99
999.997
999.995
1000
1000
999.54
999.3
999.411
999.639
999.954
999.979
999.999
1000
998.918
996.817
997.303
999.633
1000
999.964
999.998
1000
999.646
996.828
998.201
999.992
1000
999.961
999.998
1000
999.36
996.854
997.506
999.688
1000
999.968
999.999
1000
999.932
999.876
999.877
999.888
999.982
999.992
1000
1000
1000
1000
1000
1000
1000
1000
1000
1000
1000
1000
1000
999.996
1000
999.999
1000
1000
1000
999.969
999.825
999.899
999.969
999.996
1000
1000
999.999
999.898
998.15
999.254
999.99
999.993
999.999
1000
999.999
999.65
999.541
999.908
999.999
999.993
999.999
1000
999.999
999.993
997.359
998.463
999.992
999.994
1000
1000
1000
999.999
999.998
999.995
999.991
999.998
1000
1000
1000
1000
1000
1000
1000
704.603
970.22
1000.01
1000
1000
996.297
988.846
986.539
646.999
853.087
1000
999.994
999.892
995.734
996.276
991.871
646.265
804.156
996.882
999.985
999.895
998.138
998.942
990.04
636.126
796.513
996.587
999.994
999.809
999.502
999.758
992.338
647.286
797.1
996.025
999.989
999.95
997.541
998.293
994.234
621.867
791.393
996.631
1000
999.998
999.873
998.699
995.9
564.985
785.835
998.401
1000
998.739
998.105
998.111
998.013
480.583
738.317
738.749
694.991
657.575
535.014
390.259
393.869
397.39
722.33
812.442
777.797
668.403
458.993
481.126
449.958
403.243
731.346
856.885
808.552
672.175
547.434
566.574
459.838
401.028
734.23
866.047
821.699
705.247
584.354
586.133
476.147
403.741
732.24
859.055
819.378
727.819
582.267
566.059
500.33
398.626
740.209
818.517
763.273
694.379
602.049
525.276
491.64
394.419
752.495
839.284
714.349
516.18
463.865
496.909
532.33
42.3978
0.977828
0.999609
0.999993
1
1.00001
1.00007
1.00003
104.044
0.943176
0.999196
0.999985
1
1
1.00002
1.00001
101.83
25.4921
0.994144
0.999905
0.999999
1
1
1
101.213
36.6829
1.78169
0.999388
0.999991
1
1
1
103.667
31.2046
0.991523
0.999802
0.999997
1
1
1
127.722
11.5526
0.995401
0.999946
0.999999
1
1
1
207.603
16.0236
0.988981
0.999758
0.999997
1
1
1
1
1
1
1
1
1
1.00071
1.00135
1
1
1
1
1
1
1.00003
1.0001
1
1
1
1
1
1
1
1
1
1
1
1
1
1
1
1
1
1
1
1
1
1
1
1
1
1
1
1
1
1
1
1
1
1
1
1
1
1
1
1
1
1
1
1
1
1.00032
1.00676
1.00779
1
1
1
1
1
1.00015
1.00065
1.0007
1
1
1
1
1.00001
1.00002
1.00001
1
1
1
1
1
1.00001
1.00001
1.00001
1.00001
1
1
1
1
1
1
1.00002
1.00004
1
1
1
1.00001
1.00001
1
1
1.00002
1
1
1.00001
1.00002
1.00002
1.00003
1.00007
1
1
1
1
1
1
1
1.0001
1.00528
1
1
1
1
1
1.00011
1.00026
1.00015
1
1
1
1
1.00001
1.00001
1.00001
1.00001
1
1
1
1
1
1
1.00002
1.00002
1
1
1
1
1
1.00001
1.00002
1.00001
1
1
1.00001
1.00001
1.00002
1.00001
1
1
1
1
1.00003
1.00004
1.00004
1.00001
1
1.00001
1
1
1
1
1
1
1
1
1
1
1
1
1
1
1
1
1
1
1
1
1
1
1
1
1
1
1
1
1
1
1
1
1
1
1
1
1
1
1.00001
1.00001
1
1
1
1
1.00003
1.00004
1.00001
1
1
1
1
1.00001
1.00004
1.00004
1.00002
1
1
1
1
1
1
1
1
1
1
1
1
1
1
1
1
1
1
1
1
1
1
1
1
1
1
1
1
1
1
1
1
1
1
1
1
1
1
1
1.00001
1.00004
1
1
1
1
1.00001
1.00004
1.00004
1.00004
1
1
1
1
1.00003
1.00004
1.00004
1.00004
999.729
1000
1000
1000
1000
1000
1000
999.971
1000
1000
1000
1000
1000
1000
999.267
981.534
951.479
961.58
955.582
960.596
970.574
508.915
297.956
155.55
194.534
156.558
184.472
272.508
1
1
1
1
1
1
1
1
1
1
1
1
1.00001
1.00003
1.00005
1.00001
1.00005
1
1
1.00002
1
1
1
1.00001
1.00001
1.00001
1.00001
1
1
1
1
1
1
1
1.00001
1
1
1
1
1
1
1
1000
1000
1000
1000
1000
1000
999.995
1000
1000
1000
1000
1000
1000
1000
991.884
999.384
999.976
999.981
999.986
999.986
999.982
420.708
495.042
499.691
486.959
563.179
613.113
626.904
1.00002
1
1
1
1
1.00001
1
1.00057
1
1
1
1
1.00002
1
1.00538
1.00004
1
1
1.00002
1.00037
1.00001
1.00302
1
1.00001
1
1.00002
1.00001
1.00001
1
1
1
1.00002
1.00002
1
1
1.00001
1
1
1.00004
1
1
1
999.111
996.739
996.739
999.147
999.885
999.783
998.786
999.94
999.088
999.695
999.99
999.995
999.925
999.838
999.926
999.493
999.798
999.177
997.812
999.741
999.152
649.96
656.371
607.77
524.529
484.226
506.314
505.901
1
1
1
1
1
1
1
1
1
1
1
1
1
1
1.00004
1.00006
1.00007
1.00002
1
1.00001
1.00014
1.00004
1
1
1
1
1.00001
1
1
1
1
1
1
1
1
1
1
1
1
1
1
1
1000
1000
999.996
999.992
999.999
1000
1000
1000
999.997
999.994
999.994
999.998
999.999
1000
977.525
963.115
952.549
959.638
972.799
988.552
995.561
316.281
194.439
103.739
120.701
227.67
381.163
468.586
1.00001
1
1
1
1
1
1.00001
1.00284
1.0001
1
1
1
1.00002
1.00001
1.00779
1.00003
1.00001
1.00001
1.00004
1.00025
1.00001
1.00777
1.00008
1.00001
1.00002
1
1
1.00001
1.00003
1.00001
1
1
1
1
1
1
1
1
1.00002
1.00004
1.00004
1.00004
999.988
1000
999.991
999.983
993.636
949.781
899.852
852.75
1000
999.999
999.992
999.983
991.302
944.627
902.761
854.967
1000
1000
999.992
999.983
988.654
940.854
908.117
855.833
1000
1000
999.991
999.984
986.911
938.259
911.585
856.56
1000
999.999
999.991
999.983
986.639
937.641
912.467
861.949
1000
999.999
999.99
999.983
987.172
938.697
908.57
873.872
1000
999.999
999.989
999.982
986.554
940.219
907.738
874.045
999.98
999.292
932.879
847.263
688.975
470.009
604.748
744.949
999.991
994.95
947.059
852.757
680.003
468.21
611.282
743.087
999.988
999.698
939.881
836.674
662.665
471.297
618.144
740.842
999.991
996.482
927.196
832.179
655.961
471.928
620.535
738.241
999.988
995.628
928.703
827.863
653.033
473.888
619.998
735.961
999.988
987.154
918.825
827.979
657.859
474.2
614.859
732.263
999.99
987.714
908.28
816.98
650.152
473.071
611.216
729.042
920.225
647.516
235.759
170.455
322.004
394.736
429.263
450.049
843.183
533.513
253.681
192.689
335.295
398.185
431.959
449.872
809.887
581.433
257.927
213.729
359.549
397.404
430.163
447.249
850.866
583.437
206.647
218.243
370.526
396.628
429.586
445.886
820.553
545.666
207.086
218.907
372.044
397.625
429.633
445.611
832.222
505.802
166.118
203.57
365.066
396.385
431.5
446.612
868.718
547.446
158.483
192.331
361.137
391.665
430.519
446.654
80.6489
1.00598
1.02292
1.09616
41.7421
51.3578
41.8979
29.3251
0.988156
1.00168
1.00074
1.02045
42.0822
51.9845
41.0967
27.8392
0.994271
1.00121
1.01704
1.09009
41.3799
49.5796
38.5165
25.6071
0.994069
1.00319
1.05104
2.2718
40.8908
48.2349
37.3897
24.7218
0.994754
1.00294
1.04497
4.46389
40.7831
47.9732
37.3677
24.6313
0.997505
1.0036
1.05592
4.73177
40.8317
48.7129
38.9854
26.3136
3.47348
1.00515
1.06642
5.48674
40.4868
48.1009
39.3971
27.4936
1
0.999986
1.00041
1.00183
1.00002
1
1
1
1
1
0.999989
1.00067
1.00001
1
1
1
1
0.999988
1.00044
1.00146
1.00001
1
1
1
1
0.999934
1.00184
1.0017
1.00001
1
1
1
1
0.999928
1.00166
1.00206
1.00002
1
1
0.999999
1
0.99992
1.00213
1.00204
1.00002
1
1
1
1
0.999894
1.0026
1.00243
1.00002
1
1
1
1.00002
1.00428
1.00003
1.00014
1.00427
1.00061
1.0004
1.00004
1
1
1
1.00003
1.0047
1.00061
1.00023
1
1
1
1.00002
1.00014
1.00467
1.00072
1.0001
1
1
1
1.00006
1.00013
1.00532
1.00138
1.00002
1
1
1
1.00005
1.0002
1.00556
1.00158
1.00001
1
1
1
1.00007
1.00022
1.00525
1.00149
1
1
1.00002
1.00002
1.00009
1.00025
1.00526
1.00165
1
1
1.00186
1.00351
1
1
1.00183
1.00021
1.00165
1.0001
1.00001
1
1
1
1.00192
1.00022
1.00104
1.00006
1.00005
1.00005
1
1
1.00281
1.00035
1.00065
1.00002
1.00001
1.00007
1
1.00001
1.0054
1.00234
1.00043
1
1.00001
1.00007
1
1.00008
1.00562
1.0024
1.00033
1
1
1.00001
1
1.00011
1.00561
1.00247
1.00024
1
1.00001
1.00001
1
1.00013
1.0056
1.00253
1.0001
1
1.00003
1.00009
1
1
1.00001
1.00221
1.00183
1
1
1
1
1
1
1.00187
1.00132
1
1.00001
1.00001
1
1
1.0002
1.0022
1.00096
1
1.00002
1.00002
1
1
1.00206
1.00371
1.00084
1
1.00002
1.00002
1
1.00008
1.00382
1.00372
1.00081
1
1.00001
1
1
1.0001
1.00423
1.00374
1.00079
1
1
1
1
1.00013
1.00442
1.00373
1.00048
1
1
1
1
1
1.00093
1.00365
1.00054
1
1
1
1
1
1.00075
1.00367
1.0004
1
1
1
1
1
1.00095
1.00368
1.00027
1
1
1
1
1
1.00144
1.00369
1.00017
1
1
1
1
1
1.00163
1.00371
1.00022
1
1
1
1
1
1.0017
1.00371
1.00025
1
1
1
1
1.00001
1.00159
1.00326
1.00012
1
1
1
1.00004
1.00132
1.00226
1.00137
1
1
1
1
1
1.00095
1.00225
1.00131
1
1
1
1
1
1.00052
1.00184
1.00131
1
1
1
1
1.00006
1.00025
1.00073
1.00084
1
1
1
1.00001
1.00004
1.00013
1.00044
1.0007
1
1
1
1.00002
1.00005
1.00011
1.00032
1.00064
1
1
1
1
1.00003
1.00013
1.00033
1.00046
1
1
1000
1000
999.993
999.985
997.723
946.386
891.054
901.307
1000
1000
999.994
999.984
999.98
947.513
897.643
882.202
1000
1000
999.995
999.984
999.979
942.17
909.246
873.496
1000
1000
999.996
999.983
999.979
940.959
914.668
853.267
1000
1000
999.996
999.984
999.979
940.386
916.022
842.151
1000
1000
999.996
999.984
999.979
938.321
916.231
832.538
1000
1000
999.996
999.985
999.98
936.277
918.673
825.158
999.995
999.959
951.689
869.082
721.55
476.236
567.648
706.823
999.995
998.533
950.55
871.541
734.545
476.833
558.354
711.338
999.995
997.091
965.303
881.757
749.495
482.817
554.495
722.731
999.995
998.377
974.22
886.762
763.379
490.12
552.679
731.581
999.996
999.626
973.588
890.387
772.027
490.624
549.697
736.11
999.998
999.959
971.058
892.603
778.361
488.045
546.536
740.009
999.999
999.97
973.226
894.173
776.262
481.393
549.652
745.324
928.125
701.338
312.143
162.654
305.59
396.57
426.997
450.314
919.213
629.648
280.082
155.839
279.321
400.046
428.223
454.705
888.713
576.588
316.441
171.766
266.598
404.68
429.089
458.83
876.903
578.96
355.03
181.101
258.573
408.966
428.62
461.364
909.221
621.199
355.697
174.137
249.464
411.045
427.774
462.303
944.494
684.468
362.709
163.887
242.273
410.489
426.518
462.565
973.099
769.798
415.943
158.643
248.961
412.015
425.536
461.918
104.787
0.998385
1.00431
1.09875
40.8555
52.819
45.2863
31.3728
91.7068
0.998185
1.0036
1.08898
40.9173
54.2625
47.0238
32.7213
36.7101
0.999608
1.00168
1.07195
40.778
55.8193
48.5651
33.0251
27.1659
0.9998
1.00133
1.06553
40.3074
56.1557
49.3162
33.4829
86.8601
0.999191
1.00324
1.07022
39.6967
56.0364
49.4657
33.7898
186.675
0.996982
1.00665
1.07898
39.308
56.2532
49.5266
33.8101
309.388
0.994686
1.0102
1.09215
39.5894
56.517
49.1958
33.4295
1
0.999998
0.999919
1.00387
1.00027
1
1
1
1
1
0.99993
1.00341
1.00038
1
1
1
0.999998
1
0.99995
1.00161
1.00042
1.00001
1
1
0.99999
1
0.999958
1.00127
1.0006
1.00001
1.00001
1
0.999989
1
0.99993
1.00257
1.00087
1.00001
1.00001
1.00001
1
1
0.999867
1.00296
1.00119
1.00002
1.00001
1.00002
1
1
0.999825
1.00356
1.00142
1.00003
1.00002
1.00003
1.00137
1.02092
1.00028
1.00013
1.00162
1.00048
1
1
1
1
1
1.00011
1.00029
1.00034
1.00001
1
1
1
1
1.00005
1.00032
1.00067
1.00001
1
1
1
1
1.00004
1.00017
1.00094
1.00005
1
1
1
1
1.00006
1.00002
1.00126
1.00016
1.00001
1.00001
1
1
1.00008
1.00003
1.00178
1.00035
1.00003
1
1
1
1.0001
1.00006
1.0018
1.00059
1.00004
1.00986
1.00845
1
1
1.00135
1.00024
1.00006
1.00001
1.00001
1.00002
1
1
1.00052
1.00015
1.00006
1.00001
1
1
1.00001
1
1.00034
1.00024
1.00006
1.00001
1
1
1.00001
1.00001
1.00018
1.00026
1.0001
1.00002
1.00001
1.00001
1.00003
1.00001
1.00001
1.00023
1.00028
1.00005
1.00009
1
1.00002
1.00001
1.00001
1.00023
1.00058
1.0001
1.00001
1.00001
1.00002
1.00001
1.00003
1.00035
1.00145
1.00015
1
1.00004
1
1
1.00002
1.00036
1.00015
1
1.00001
1.00001
1
1
1.00011
1.00037
1.00018
1
1
1
1
1
1.00005
1.00021
1.00017
1
1.00001
1.00001
1.00001
1
1.00002
1.00023
1.00018
1
1.00001
1.00001
1.00001
1.00001
1.00001
1.00023
1.00037
1
1
1
1
1
1.00001
1.00028
1.00071
1.00001
1.00001
1
1.00001
1.00001
1.00003
1.00203
1.00126
1.00001
1
1
1
1
1.00013
1.00096
1.00003
1
1
1
1
1
1.00017
1.00099
1.00004
1
1
1
1
1
1.00023
1.00118
1
1
1
1
1
1
1.00032
1.00127
1
1
1.00003
1
1
1
1.00067
1.00207
1
1
1.00003
1.00003
1
1
1.00125
1.00361
1.00002
1
1
1
1
1
1.0017
1.00362
1.00021
1
1
1
1
1.00006
1.0002
1.00014
1
1
1
1
1
1.00006
1.00018
1.00015
1
1
1
1
1
1.00012
1.00031
1.00023
1
1
1.00002
1
1
1.00022
1.00059
1.0003
1
1
1.0001
1.00024
1.00025
1.00039
1.00104
1.00055
1
1
1
1.00012
1.00068
1.00108
1.00152
1.00101
1
1
1
1
1.00041
1.00166
1.00229
1.00109
1
1
999.102
999.997
999.997
999.986
999.98
936.478
918.944
823.648
999.077
999.999
999.997
999.986
999.979
939.532
915.188
828.083
996.851
999.917
999.997
999.986
999.979
946.969
904.706
841.02
999.926
1000
999.997
999.986
999.963
949.163
901.579
845.722
999.493
999.987
999.996
999.985
999.283
949.659
905.021
843.728
998.857
999.73
999.994
999.985
998.158
950.783
905.361
844.64
999.268
999.995
999.992
999.984
996.205
951.28
901.926
849.247
999.944
999.951
974.432
901.67
776.641
475.631
552.178
747.274
999.606
999.943
982.235
909.144
770.011
472.987
557.432
746.372
999.795
999.844
986.599
905.061
754.847
471.341
566.024
740.468
999.96
999.95
985.139
898.806
743.107
470.331
574.514
744.126
999.961
999.846
981.617
892.381
734.643
471.591
582.035
747.393
999.881
998.594
969.091
882.801
723.336
472.016
589.609
748.102
999.85
999.595
946.947
866.631
710.105
470.137
597.114
746.99
969.758
755.617
407.843
166.218
254.044
413.891
428.002
462.992
926.05
672.52
403.594
194.086
263.865
416.444
429.802
462.411
884.26
657.608
441.125
203.702
279.178
420.546
429.888
458.03
860.659
653.388
447.47
201.046
290.57
420.066
430.097
455.845
851.563
624.878
421.935
198.908
295.261
416.134
430.328
455.24
881.66
594.472
340.336
185.315
297.305
410.513
431.035
454.352
923.429
651.186
276.244
161.766
304.532
401.243
430.372
452.167
300.429
0.994097
1.00999
1.08746
39.7043
57.9728
49.8524
33.5142
158.679
0.998148
1.00533
1.07105
39.4698
58.9211
49.5969
32.9329
65.1856
0.999636
1.00227
1.07251
39.3596
57.8114
48.008
32.4675
23.8142
0.999878
1.00112
1.06952
39.6392
56.7923
46.6452
31.5539
13.5147
0.999897
1.00086
1.05036
40.1532
56.0257
45.77
30.8454
28.2292
0.999739
1.00145
1.06698
40.8029
54.9431
45.0209
30.7268
85.5295
0.999447
1.00391
1.09717
41.4332
52.919
43.5521
30.5087
1
1
0.999834
1.00335
1.00128
1.00004
1.00003
1.00004
1
1
0.999882
1.00262
1.00108
1.00003
1.00002
1.00003
0.999995
1
0.999919
1.00217
1.00108
1.00002
1.00002
1.00002
0.999991
1
0.999931
1.00103
1.00096
1.00002
1.00001
1.00001
0.999997
1
0.999933
1.00079
1.00075
1.00001
1.00001
1.00001
1
1
0.99994
1.00138
1.00038
1.00001
1
1
1
0.999999
1.00009
1.00377
1.0002
1
1
1
1
1
1
1.00009
1.0001
1.001
1.00117
1.00003
1
1
1
1.00008
1.00014
1.00093
1.00119
1.00004
1
1
1
1.00005
1.0001
1.0004
1.00087
1.00008
1
1
1
1.00002
1.00005
1.00039
1.00047
1.00011
1
1
1
1
1.00003
1.00037
1.00039
1.00014
1
1
1
1.00001
1.00002
1.00033
1.00053
1.00014
1.00001
1.00058
1.00004
1.00007
1.00001
1.00017
1.00051
1.00011
1.00004
1.00001
1.00002
1.00001
1.00008
1.00304
1.0029
1.00003
1.00007
1
1.00002
1.00001
1.00011
1.00326
1.00264
1.00003
1.00007
1.00001
1.00003
1.00001
1.00007
1.00228
1.00263
1.00008
1
1
1.00003
1.00001
1.00003
1.00062
1.00259
1.00011
1
1
1.00003
1.00001
1.00001
1.00001
1.00213
1.00021
1.00001
1
1.00003
1.00001
1.00001
1.00001
1.00202
1.00024
1.00027
1.0003
1.00003
1.00001
1.00001
1.00001
1.00184
1.00012
1.00002
1
1
1
1.00018
1.00363
1.00239
1
1.00001
1.00001
1
1
1.0002
1.00363
1.00237
1
1.00001
1.00002
1.00001
1.00001
1.00011
1.00363
1.00247
1
1.00001
1.00001
1.00001
1.00001
1.00002
1.00355
1.00247
1
1
1
1
1
1.00001
1.00253
1.00255
1.00002
1.00001
1.00001
1.00001
1.00001
1.00001
1.00213
1.00255
1.00003
1.00001
1.00002
1
1
1.00001
1.00164
1.00222
1
1
1
1
1.00021
1.00228
1.00363
1.00039
1
1
1
1
1.00017
1.00231
1.00363
1.00056
1
1
1
1
1.00013
1.00222
1.00362
1.00068
1
1
1
1
1.00001
1.00202
1.00362
1.00079
1
1
1
1
1
1.00179
1.00362
1.00099
1
1
1
1
1
1.00153
1.00362
1.00104
1
1
1
1
1
1.00119
1.00363
1.00071
1
1
1
1.00052
1.0017
1.0023
1.00095
1
1
1
1
1.00017
1.00172
1.00231
1.00122
1
1
1
1
1.00013
1.00169
1.0023
1.00134
1
1
1
1
1.0002
1.00174
1.00229
1.00152
1
1
1
1
1.00039
1.00186
1.00228
1.00166
1
1
1
1
1.00051
1.00189
1.00228
1.0017
1
1
1
1
1.0003
1.00169
1.00227
1.00154
1
1
1000
999.999
999.988
999.982
987.662
939.827
909.56
881.18
1000
999.999
999.988
999.982
989.101
939.537
910.476
887.909
1000
999.999
999.99
999.982
989.814
938.573
910.32
893.518
1000
999.999
999.991
999.983
989.629
936.338
909.359
897.768
1000
999.999
999.991
999.983
990.395
936.91
904.668
900.699
1000
999.999
999.991
999.984
992.417
937.404
903.411
900.39
1000
1000
999.993
999.985
994.645
943.142
896.627
901.535
999.99
988.812
904.86
814.088
657.267
474.769
607.074
726.229
999.987
982.564
906.595
822.377
667.263
476.33
603.348
723.601
999.984
985.435
926.779
835.966
673.38
475.953
599.745
719.614
999.984
990.273
937.516
842.485
671.947
471.789
595.56
716.12
999.988
991.355
940.406
852.535
677.137
467.773
589.233
712.996
999.992
995.429
937.561
858.672
690.222
468.12
584.371
715.489
999.994
999.957
947.116
864.964
704.149
473.104
578.419
710.854
877.38
561.534
160.785
187.83
357.676
388.845
429.699
446.568
833.282
490.42
147.441
186.562
353.569
394.707
431.843
448.39
794.296
453.757
186.396
199.737
353.088
400.667
433.352
449.284
791.198
470.827
221.699
201.917
354.826
401.394
432.807
449.336
833.642
508.352
222.161
197.177
345.617
399.799
432.135
449.265
886.885
590.965
220.27
189.027
335.092
396.715
430.713
449.202
922.751
689.753
284.119
180.782
327.556
395.568
427.841
448.658
9.1886
1.00708
1.06657
5.74597
40.3285
48.1498
39.8004
28.0358
0.997426
1.0038
1.05825
5.37605
40.4384
49.195
40.8098
28.4148
0.996952
1.00208
1.0252
2.18915
40.6413
50.486
41.3899
28.089
0.9972
1.00157
1.00873
1.0701
40.9427
51.4352
41.7203
27.7389
0.994881
1.00157
1.00986
1.07386
41.1287
52.3075
42.5278
28.1264
19.5283
1.00221
1.01959
1.08081
41.1411
52.5559
43.3077
28.8393
96.0659
1.02959
1.00533
1.09094
41.0869
52.4521
44.1362
30.0489
1
0.999874
1.00259
1.00251
1.00002
1
1
1
1
0.999923
1.0022
1.00209
1.00002
1
1
1
1
0.999965
1.00086
1.00129
1.00001
1
1
0.999999
1
0.999992
1.00021
1.00114
1.00001
1
1
0.999999
1
0.99999
1.00023
1.0012
1.00001
1
1
0.999998
1
1
1.00048
1.00135
1.00001
1
1
0.999999
1
1.04621
1.00019
1.00166
1.00001
1
1
1
1.00109
1.00003
1.00009
1.00029
1.00456
1.0014
1
1
1.00005
1.00001
1.00008
1.00024
1.00526
1.00165
1
1.00001
1
1
1.00003
1.00013
1.00498
1.00151
1
1
1
1
1.00001
1.00009
1.00507
1.00156
1
1
1
1
1.00001
1.0001
1.00456
1.00136
1
1
1.00001
1.00618
1.00002
1.00014
1.00442
1.00135
1
1
1.00122
1.15461
1.00012
1.00012
1.00379
1.00048
1
1
1.00679
1.00001
1
1.00017
1.0056
1.00337
1.00005
1
1.00001
1
1
1.00015
1.00559
1.00334
1.00001
1
1.00001
1
1
1.00006
1.00558
1.00302
1
1
1.00001
1
1
1.00002
1.00556
1.00289
1
1
1.00001
1
1
1.00002
1.00555
1.00267
1
1
1.00043
1.00128
1
1.00004
1.00554
1.00222
1
1
1.01866
1.04755
1
1
1.00234
1.00039
1.00004
1
1.00773
1
1
1.00023
1.0056
1.00283
1.00004
1
1.0001
1
1
1.0002
1.00495
1.0025
1.00002
1
1.00001
1
1
1.00019
1.00468
1.00226
1.00001
1
1
1
1
1.00023
1.00464
1.00231
1.00001
1
1
1
1
1.0002
1.00451
1.0022
1.00003
1
1.00001
1.00001
1
1.00011
1.00256
1.00186
1.00007
1
1.00004
1
1
1
1.00011
1.00055
1.00013
1
1.0002
1.00016
1
1.0002
1.00187
1.00128
1
1
1.00001
1
1
1.00006
1.00057
1.00061
1.00001
1
1
1
1
1.00004
1.00038
1.00057
1.00001
1
1
1
1
1.00007
1.00051
1.00077
1
1
1
1
1
1.00005
1.00054
1.00092
1
1
1
1
1
1.00001
1.00022
1.00083
1.00001
1
1
1
1
1
1.00017
1.00087
1.00003
1
1
1
1.00006
1.00013
1.00001
1.00008
1
1
1
1.00001
1.00006
1.00007
1
1
1
1
1
1.00003
1.00004
1.00002
1
1
1
1
1.00003
1.00004
1.00004
1.00001
1
1
1
1
1.00004
1.00004
1.00001
1.00001
1.00001
1
1
1
1.00002
1
1.00001
1.00005
1.00005
1
1
1
1
1
1
1.00007
1.00024
1.00024
1
1
773.412
785.867
831.21
839.771
855.18
879.007
898.75
849.13
773.927
780.314
816.384
874.546
836.917
841.044
903.384
852.483
774.351
780.14
810.4
887.636
833.082
846.886
917.287
853.634
774.665
780.44
807.269
898.265
833.059
837.539
914.196
853.553
774.948
780.185
804.367
889.703
833.044
853.628
920.63
854.969
777.366
780.97
801.799
860.748
885.428
873.107
914.347
856.504
785.855
775.745
799.062
882.057
895.289
837.244
903.538
858.105
791.606
782.673
755.772
775.949
837.44
806.648
752.209
788.556
791.607
781.792
757.653
787.199
834.411
831.275
755.11
792.905
785.117
781.49
759.051
791.117
834.033
823.352
752.566
798.139
783.222
781.388
762.38
796.436
833.69
827.021
759.092
802.223
781.432
781.144
759.557
796.393
833.406
817.793
753.011
801.528
791.236
780.299
754.009
792.774
827.054
806.752
749.885
794.897
791.325
779.483
755.013
785.076
820.659
825.897
754.477
787.386
448.644
448.006
451.187
444.782
423.59
433.944
447.079
443.767
447.685
446.231
448.462
440.074
422.225
428.736
445.136
440.348
444.625
443.13
444.159
433.926
418.901
427.607
440.112
436.743
443.369
442.009
441.947
430
417.036
425.361
437.176
433.907
443.169
441.607
442.264
429.935
416.562
426.436
437.215
433.441
442.433
442.467
445.663
433.209
416.471
427.827
439.406
434.925
441.664
442.766
447.113
436.139
418.825
425.687
442.528
437.768
22.5427
21.1921
19.6081
20.5968
23.0342
22.9098
22.0463
22.439
21.1752
19.931
18.4968
19.8107
22.007
21.8893
21.1581
21.9639
19.5295
18.7096
17.8641
20.1406
22.0437
21.8615
21.4542
22.0105
18.6656
17.4899
16.8624
19.6635
21.3137
21.1098
20.7113
21.383
18.5509
17.5298
16.6803
19.635
21.3269
21.0777
20.6606
21.3322
20.2118
18.5911
16.7051
19.4176
21.4221
21.0409
20.2763
21.1939
21.5306
19.4433
17.132
19.093
21.2668
20.8416
19.7167
20.6832
0.999996
1.00012
1.00015
1.00011
1.00005
1.00002
1.00004
1.00006
1.00011
1.00014
1.00016
1.0001
1.00005
1.00004
1.00007
1.0001
1.00015
1.00017
1.00017
1.00008
1.00004
1.00003
1.00005
1.00005
1.00016
1.0002
1.0002
1.00007
1.00004
1.00003
1.00006
1.00005
1.00016
1.00019
1.0002
1.00007
1.00003
1.00003
1.00005
1.00004
1.00011
1.00017
1.00023
1.0001
1.00004
1.00002
1.00007
1.00006
0.999997
1.00012
1.0002
1.0001
1.00003
1.00003
1.00008
1.00012
1
1
1
1
1
1
1
1
1
1
1
1
1
1
1
1
1
1
1
1
1
1
1
1
1
1
1
1
1
1
1
1
1
1
1
1
1
1
1
1
1
1
1
1
1
1
1
1
1
1
1
1
1
1
1
1
1
1
1
1
1
1
1
1
1
1
1
1
1
1
1
1
1
1
1
1
1
1
1
1
1
1
1
1
1
1
1
1
1
1
1
1
1
1
1
1
1
1
1
1
1
1
1
1
1
1
1
1
1
1
1
1
1
1
1
1
1
1
1
1
1
1
1
1
1
1
1
1
1
1
1
1
1
1
1
1
1
1
1
1
1
1
1
1
1
1
1
1
1
1
1
1
1
1
1
1
1
1
1
1
1
1
1
1
1
1
1
1
1
1
1
1
1
1
1
1
1
1
1
1
1
1
1
1
1
1
1
1
1
1
1
1
1
1
1
1
1
1
1
1
1
1
1
1
1
1
1
1
1
1
1
1
1
1
1
1
1
1
1
1
1
1
1
1
1
1
1
1
1
1
1
1
1
1
1
1
1
1
1
1
1
1
1
1
1
1
1
1
1
1
1
1
1
1
1
1
1
1
1
1
1
1
1
1
1
1
1
1
1
1
1
1
1
1
1
1
1
1
1
1
820.931
753.57
830.68
808.158
851.715
896.211
890.353
853.431
809.209
753.731
813.014
833.363
844.432
909.398
886.197
858.278
782.794
760.389
797.542
835.031
851.016
910.918
883.026
858.493
773.658
796.265
790.915
837.652
853.055
906.489
883.096
859.093
770.59
800.951
792.458
841.453
855.099
903.703
883.39
859.604
769.928
800.847
795.7
845.453
857.355
900.852
883.853
859.853
769.96
802.512
798.876
847.951
855.475
898.147
883.251
860.151
789.17
754.38
754.858
762.774
834.921
794.696
742.811
777.894
775.237
775.799
755.788
745.331
819.129
769.224
745.299
770.563
768.674
792.634
747.592
747.37
810.223
755.805
747.671
768.34
763.055
794.236
742.837
750.836
805.821
753.731
748.877
767.671
765.242
792.575
742.065
752.937
803.608
756.673
750.017
768.083
770.396
794.237
741.844
754.488
803.202
762.694
751.43
769.765
775.991
793.852
743.966
754.902
804.363
768.283
753.196
771.221
441.748
449.091
456.005
446.694
420.223
434.299
449.562
445.776
446.357
447.184
454.754
453.59
431.403
444.189
453.196
450.836
450.934
447.89
454.767
454.795
436.793
449.813
454.923
453.654
454.452
447.839
455.867
455.378
439.707
452.198
456.142
454.855
455.845
450.074
456.676
455.874
441.209
452.611
456.853
455.713
456.192
451.095
456.941
456.076
441.629
451.583
456.881
455.794
455.767
451.538
456.525
455.619
441.458
449.95
455.942
455.2
25.3476
22.1795
17.6784
20.0019
23.5673
22.9391
20.9219
21.2657
27.0426
25.0179
21.675
21.6767
25.0429
24.3444
22.9537
23.0133
27.474
26.3205
24.2726
24.0264
26.5933
25.8194
24.8866
24.8567
28.1816
27.8496
26.1485
25.7092
27.8074
27.0995
26.3689
26.3739
28.4559
28.2272
26.8878
26.6534
28.5744
28.0408
27.3949
27.3739
28.3507
28.1923
27.1458
27.0257
28.9153
28.6037
27.965
27.9223
27.7499
27.6174
26.7691
26.7423
28.6276
28.5083
27.9075
27.8658
1.00007
1.00019
1.00042
1.00024
1.00006
1.00001
1.00006
1.00007
1.00007
1.00014
1.00027
1.00024
1.00005
1.00001
1.00004
1.00006
1.00013
1.00017
1.00021
1.00018
1.00004
1.00001
1.00003
1.00006
1.00015
1.00015
1.00018
1.00016
1.00005
1.00002
1.00003
1.00006
1.00016
1.00015
1.00016
1.00014
1.00005
1.00002
1.00003
1.00005
1.00016
1.00015
1.00015
1.00012
1.00004
1.00002
1.00002
1.00003
1.00017
1.00016
1.00014
1.00012
1.00004
1.00002
1.00002
1.00002
1
1
1
1
1
1
1
1
1
1
1
1
1
1
1
1
1
1
1
1
1
1
1
1
1
1
1
1
1
1
1
1
1
1
1
1
1
1
1
1
1
1
1
1
1
1
1
1
1
1
1
1
1
1
1
1
1
1
1
1
1
1
1
1
1
1
1
1
1
1
1
1
1
1
1
1
1
1
1
1
1
1
1
1
1
1
1
1
1
1
1
1
1
1
1
1
1
1
1
1
1
1
1
1
1
1
1
1
1
1
1
1
1
1
1
1
1
1
1
1
1
1
1
1
1
1
1
1
1
1
1
1
1
1
1
1
1
1
1
1
1
1
1
1
1
1
1
1
1
1
1
1
1
1
1
1
1
1
1
1
1
1
1
1
1
1
1
1
1
1
1
1
1
1
1
1
1
1
1
1
1
1
1
1
1
1
1
1
1
1
1
1
1
1
1
1
1
1
1
1
1
1
1
1
1
1
1
1
1
1
1
1
1
1
1
1
1
1
1
1
1
1
1
1
1
1
1
1
1
1
1
1
1
1
1
1
1
1
1
1
1
1
1
1
1
1
1
1
1
1
1
1
1
1
1
1
1
1
1
1
1
1
1
1
1
1
1
1
1
1
1
1
1
1
1
1
1
1
1
1
769.982
796.388
804.452
848.666
859.46
900.255
881.152
859.944
769.99
783.104
815.492
845.399
872.245
905.463
878.15
858.98
770.013
775.079
840.897
837.6
882.815
911.344
880.486
855.065
770.401
780.67
845.1
829.626
880.599
894.242
885.144
852.227
771.33
780.841
832.969
836.074
852.528
863.658
893.414
846.924
772.125
779.283
824.98
847.871
844.304
844.297
892.806
846.42
772.817
782.118
827.51
844.538
844.899
847.833
893.637
847.518
780.113
795.594
744.723
755.701
806.518
765.601
756.568
772.167
781.434
795.38
747.261
753.802
810.069
758.19
759.098
773.831
791.509
790.462
751.129
752.287
814.413
759.44
758.449
778.8
791.552
781.877
749.92
761.269
826.497
788.749
754.451
782.167
791.583
781.688
748.324
779.918
837.527
817.466
752.286
789.383
791.601
785.786
750.692
782.283
836.483
829.155
755.494
792.822
791.607
784.238
754.516
782.772
837.055
827.297
756.679
792.512
456.884
452.783
456.588
455.348
441.582
450.303
454.95
454.544
456.424
453.116
455.671
454.612
439.988
450.339
453.717
452.647
453.372
452.039
454.701
453.163
436.419
447.616
451.786
449.551
453.73
453.203
455.163
450.719
429.186
439.731
450.511
447.192
453.379
452.967
454.924
446.697
424.187
433.465
449.159
444.42
452.184
450.908
453.56
445.814
424.035
430.667
448.301
443.267
451.036
450.079
452.881
445.68
424.183
430.86
448.062
443.248
27.2734
26.9967
26.2822
26.3043
28.1364
28.0267
27.5241
27.5422
26.3889
26.023
25.3963
25.5517
27.5642
27.3837
26.913
27.1133
25.5678
24.5315
23.6412
24.2295
26.6467
26.4399
25.8524
26.3178
24.3191
22.7738
21.6293
22.7729
25.608
25.5312
24.5347
24.9209
23.5167
21.7754
20.396
22.0301
24.7011
24.5886
23.3824
24.0164
23.4728
21.8529
20.2645
21.4368
24.0619
23.9793
22.7871
23.4129
23.3742
21.6821
19.9657
20.8363
23.3556
23.2614
22.1276
22.713
1.0002
1.00019
1.00016
1.00012
1.00005
1.00002
1.00002
1.00002
1.00025
1.00022
1.00018
1.00013
1.00005
1.00002
1.00003
1.00002
1.00026
1.00026
1.00023
1.00015
1.00005
1.00002
1.00003
1.00003
1.00024
1.00028
1.00026
1.00016
1.00007
1.00003
1.00004
1.00004
1.0002
1.00025
1.00026
1.00015
1.00007
1.00004
1.00005
1.00005
1.00014
1.00018
1.00021
1.00014
1.00006
1.00004
1.00006
1.00006
0.999997
1.00013
1.00017
1.00012
1.00006
1.00004
1.00006
1.00007
1
1
1
1
1
1
1
1
1
1
1
1
1
1
1
1
1
1
1
1
1
1
1
1
1
1
1
1
1
1
1
1
1
1
1
1
1
1
1
1
1
1
1
1
1
1
1
1
1
1
1
1
1
1
1
1
1
1
1
1
1
1
1
1
1
1
1
1
1
1
1
1
1
1
1
1
1
1
1
1
1
1
1
1
1
1
1
1
1
1
1
1
1
1
1
1
1
1
1
1
1
1
1
1
1
1
1
1
1
1
1
1
1
1
1
1
1
1
1
1
1
1
1
1
1
1
1
1
1
1
1
1
1
1
1
1
1
1
1
1
1
1
1
1
1
1
1
1
1
1
1
1
1
1
1
1
1
1
1
1
1
1
1
1
1
1
1
1
1
1
1
1
1
1
1
1
1
1
1
1
1
1
1
1
1
1
1
1
1
1
1
1
1
1
1
1
1
1
1
1
1
1
1
1
1
1
1
1
1
1
1
1
1
1
1
1
1
1
1
1
1
1
1
1
1
1
1
1
1
1
1
1
1
1
1
1
1
1
1
1
1
1
1
1
1
1
1
1
1
1
1
1
1
1
1
1
1
1
1
1
1
1
1
1
1
1
1
1
1
1
1
1
1
1
1
1
1
1
1
1
792.997
766.728
798.736
882.349
895.585
838.188
908.241
863.605
796.805
760.597
796.028
872.641
895.886
854.017
904.318
865.232
800.902
756.202
798.421
862.256
896.15
869.207
896.631
864.837
802.265
753.983
801.498
848.687
896.424
887.034
893.412
862.788
811.739
753.826
803.932
833.565
902.322
892.873
884.675
859.684
804.398
753.63
804.66
830.112
899.39
871.04
882.177
855.095
817.999
753.477
823.329
799.506
875.77
887.138
887.283
851.228
791.421
779.225
756.419
781.749
819.347
826.918
750.055
785.016
786.704
778.893
753.621
784.204
823.291
815.509
750.353
782.763
785.449
778.683
751.14
788.61
821.744
805.514
752.095
780.666
785.281
774.641
749.313
793.482
814.518
790.671
750.867
777.937
790.66
762.95
742.985
800.744
811.524
782.108
754.692
777.04
790.626
762.371
745.442
800.601
813.11
803.697
756.426
782.162
790.289
753.06
749.026
788.735
834.271
797.727
748.697
781.095
440.185
442.46
447.139
436.958
419.852
426.765
444.942
439.993
442.719
444.778
449.376
437.505
420.705
430.696
447.122
442.586
442.754
445.163
450.578
436.279
421.434
432.986
448.118
443.746
442.157
445.711
451.535
434.677
423.257
436.319
448.773
444.817
440.936
448.226
455.004
433.366
423.286
437.592
448.316
444.854
441.684
448.581
454.918
433.516
420.895
431.096
446.229
442.251
441.015
449.428
456.435
437.393
416.01
431.566
446.745
443.007
22.4545
20.1602
17.7539
19.4121
21.4497
20.9401
19.5044
20.4467
22.6417
20.138
17.5175
19.548
21.3782
20.7662
19.1597
20.1113
22.4148
19.815
16.7262
19.5125
21.1198
20.3985
18.5819
19.5771
22.1833
19.4501
16.034
19.7432
21.1212
20.2079
18.4021
19.3063
22.5418
19.2251
14.8936
20.0134
21.3176
20.2404
18.4558
19.2313
22.8244
19.4136
15.0941
20.0893
21.827
20.9566
18.9451
19.5929
23.8795
20.3015
15.2163
20.0842
22.4919
21.7584
19.6105
20.0754
0.999996
1.00011
1.00018
1.00009
1.00003
1.00003
1.00009
1.00015
0.999996
1.00013
1.00022
1.00011
1.00004
1.00002
1.0001
1.00017
1.00009
1.00017
1.00029
1.00012
1.00004
1.00002
1.00011
1.00018
1.00011
1.00021
1.00035
1.00011
1.00003
1.00001
1.00009
1.00013
1.0001
1.00023
1.00043
1.00012
1.00002
1.00001
1.00008
1.00009
1.00009
1.00023
1.00045
1.00014
1.00003
1.00001
1.00007
1.00008
1.00008
1.00022
1.00051
1.00019
1.00005
1.00001
1.00006
1.00007
1
1
1
1
1
1
1
1
1
1
1
1
1
1
1
1
1
1
1
1
1
1
1
1
1
1
1
1
1
1
1
1
1
1
1
1
1
1
1
1
1
1
1
1
1
1
1
1
1
1
1
1
1
1
1
1
1
1
1
1
1
1
1
1
1
1
1
1
1
1
1
1
1
1
1
1
1
1
1
1
1
1
1
1
1
1
1
1
1
1
1
1
1
1
1
1
1
1
1
1
1
1
1
1
1
1
1
1
1
1
1
1
1
1
1
1
1
1
1
1
1
1
1
1
1
1
1
1
1
1
1
1
1
1
1
1
1
1
1
1
1
1
1
1
1
1
1
1
1
1
1
1
1
1
1
1
1
1
1
1
1
1
1
1
1
1
1
1
1
1
1
1
1
1
1
1
1
1
1
1
1
1
1
1
1
1
1
1
1
1
1
1
1
1
1
1
1
1
1
1
1
1
1
1
1
1
1
1
1
1
1
1
1
1
1
1
1
1
1
1
1
1
1
1
1
1
1
1
1
1
1
1
1
1
1
1
1
1
1
1
1
1
1
1
1
1
1
1
1
1
1
1
1
1
1
1
1
1
1
1
1
1
1
1
1
1
1
1
1
1
1
1
1
1
1
1
1
1
1
1
)
;

boundaryField
{
    base
    {
        type            calculated;
        value           nonuniform 0();
    }
    outlet
    {
        type            calculated;
        value           nonuniform List<scalar> 
749
(
1
1
1
1
1
1
1
1
1
1
1
1
1
1
1
1
1
1
1
1
1
1
1
1
1
1
1
1
1
1
1
1
1
1
1
1
1
1
1
1
1
1
1
1
1
1
1
1
1
1
1
1
1
1
1
1
1
1
1
1
1
1
1
1
1
1
1
1
1
1
1
1
1
1
1
1
1
1
1
1
1
1
1
1
1
1
1
1
1
1
1
1
1
1
1
1
1
1
1
1
1
1
1
1
1
1
1
1
1
1
1
1
1
1
1
1
1
1
1
1
1
1
1
1
1
1
1
1
1
1
1
1
1
1
1
1
1
1
1
1
1
1
1
1
1
1
1
1
1
1
1
1
1
1
1
1
1
1
1
1
1
1
1
1
1
1
1
1
1
1
1
1
1
1
1
1
1
1
1
1
1
1
1
1
1
1
1
1
1
1
1
1
1
1
1
1
1
1
1
1
1
1
1
1
1
1
1
1
1
1
1
1
1
1
1
1
1
1
1
1
1
1
1
1
1
1
1
1
1
1
1
1
1
1
1
1
1
1
1
1
1
1
1
1
1
1
1
1
1
1
1
1
1
1
1
1
1
1
1
1
1
1
1
1
1
1
1
1
1
1
1
1
1
1
1
1
1
1
1
1
1
1
1
1
1
1
1
1
1
1
1
1
1
1
1
1
1
1
1
1
1
1
1
1
1
1
1
1
1
1
1
1
1.00001
1.00002
1
1.00004
1
1
1.00006
1.00004
1.00005
1.00003
1.00132
1.00095
1.00052
1.00025
1.00013
1.00011
1.00013
1.00226
1.00225
1.00184
1.00073
1.00044
1.00032
1.00033
1.00137
1.00131
1.00131
1.00084
1.0007
1.00064
1.00046
1
1
1
1
1
1
1
1
1
1
1
1
1
1
1
1
1
1
1
1
1
1
1
1
1
1
1
1
1
1
1
1
1.00025
1.00068
1.00041
1.00006
1.00006
1.00012
1.00022
1.00039
1.00108
1.00166
1.0002
1.00018
1.00031
1.00059
1.00104
1.00152
1.00229
1.00014
1.00015
1.00023
1.0003
1.00055
1.00101
1.00109
1
1
1
1
1
1
1
1
1
1
1
1
1
1
1
1
1
1
1
1
1
1
1
1
1
1
1
1
1.00052
1.00017
1.00013
1.0002
1.00039
1.00051
1.0003
1.0017
1.00172
1.00169
1.00174
1.00186
1.00189
1.00169
1.0023
1.00231
1.0023
1.00229
1.00228
1.00228
1.00227
1.00095
1.00122
1.00134
1.00152
1.00166
1.0017
1.00154
1
1
1
1
1
1
1
1
1
1
1
1
1
1
1
1
1
1
1
1
1
1
1.00001
1.00003
1.00004
1.00004
1
1
1.00006
1.00006
1.00004
1.00004
1.00001
1.00001
1
1.00013
1.00007
1.00002
1.00001
1.00001
1.00005
1.00007
1.00001
1
1
1
1.00001
1.00005
1.00024
1.00008
1
1
1
1
1
1.00024
1
1
1
1
1
1
1
1
1
1
1
1
1
1
1
1
1
1
1
1
1
1
1
1
1
1
1
1
1
1
1
1
1
1
1
1
1
1
1
1
1
1
1
1
1
1
1
1
1
1
1
1
1
1
1
1
1
1
1
1
1
1
1
1
1
1
1
1
1
1
1
1
1
1
1
1
1
1
1
1
1
1
1
1
1
1
1
1
1
1
1
1
1
1
1
1
1
1
1
1
1
1
1
1
1
1
1
1
1
1
1
1
1
1
1
1
1
1
1
1
1
1
1
1
1
1
1
1
1
1
1
1
1
1
1
1
1
1
1
1
1
1
1
1
1
1
1
1
1
1
1
1
1
1
1
1
1
1
1
1
1
1
1
1
1
1
1
1
1
1
1
1
1
1
1
1
1
1
1
1
1
1
1
1
1
1
1
1
1
1
1
1
1
1
1
1
1
1
1
1
1
1
1
1
1
1
1
1
1
1
1
1
1
1
1
1
1
1
1
1
1
1
1
1
1
1
1
1
1
1
1
1
1
1
1
1
1
1
)
;
    }
    walls
    {
        type            calculated;
        value           nonuniform List<scalar> 
816
(
999.998
1000
1000
1000
1000
1000
1000
999.999
1000
1000
1000
1000
1000
1000
999.999
999.999
1000
1000
1000
1000
1000
999.999
999.995
1000
1000
1000
1000
1000
999.886
999.994
1000
1000
1000
1000
1000
999.72
999.994
1000
1000
1000
1000
1000
1000
1000
1000
1000
1000
1000
1000
1000
1000
1000
1000
1000
1000
1000
1000
1000
1000
1000
1000
1000
1000
1000
1000
1000
1000
1000
1000
1000
1000
1000
1000
1000
1000
1000
1000
1000
1000
1000
1000
1000
1000
1000
999.94
997
998.132
999.888
994.981
994.981
999.616
999.939
994.809
994.876
999.888
994.982
995.257
999.784
999.913
994.808
994.808
999.767
995.399
998.269
999.946
999.893
994.808
994.808
996.757
998.807
999.898
999.984
999.876
996.259
994.808
994.813
999.905
999.983
999.984
999.836
998.705
994.811
995.404
999.597
999.981
999.877
1000
1000
1000
1000
1000
1000
1000
1000
1000
1000
1000
1000
1000
1000
1000
1000
1000
1000
1000
1000
1000
1000
1000
1000
1000
1000
1000
1000
1000
1000
1000
1000
1000
1000
1000
1000
1000
1000
1000
1000
1000
1000
1000
1000
1000
1000
1000
1000
1000
1000
1000
1000
1000
1000
1000
1000
1000
1000
1000
1000
1000
1000
1000
1000
1000
1000
1000
1000
1000
1000
1000
1000
1000
1000
1000
1000
1000
999.994
1000
1000
1000
1000
1000
1000
1000
1000
1000
1000
1000
1000
1000
1000
1000
1000
1000
1000
1000
1000
1000
1000
1000
1000
1000
1000
1000
1000
1000
1000
1000
1000
1000
1000
1000
1000
1000
1000
1000
1000
1000
1000
1000
1000
1000
1000
1000
1000
1000
1000
1000
1000
1000
1000
1000
1000
1000
1000
1000
1000
1000
1000
1000
1000
1000
1000
1000
1000
1000
1000
1000
1000
1000
1000
1000
1000
1000
1000
1000
1000
1000
1000
1000
999.98
999.939
999.91
999.94
999.86
999.709
999.781
1000
1000
1000
1000
1000
1000
1000
1000
1000
1000
1000
1000
1000
1000
1000
1000
1000
1000
1000
1000
1000
1000
1000
1000
1000
1000
1000
1000
1000
1000
1000
1000
1000
1000
1000
1000
1000
1000
1000
1000
1000
1000
1000
1000
1000
1000
1000
1000
1000
1000
1000
1000
1000
1000
1000
1000
1000
1000
1000
1000
1000
1000
1000
1000
1000
1000
1000
1000
1000
1000
1000
999.999
1000
1000
1000
1000
1000
1000
999.999
950.627
947.878
943.395
942.819
942.379
945.004
951.728
1000
1000
1000
1000
1000
1000
1000
1000
1000
1000
1000
1000
1000
1000
1000
1000
1000
1000
1000
1000
1000
1000
1000
1000
1000
1000
1000
1000
1000
1000
1000
1000
1000
1000
1000
961.046
963.475
964.937
966.053
966.87
967.161
967.096
1000
1000
1000
1000
1000
1000
1000
1000
1000
1000
1000
1000
1000
1000
1000
1000
1000
1000
1000
1000
1000
1000
1000
1000
1000
1000
1000
1000
1000
1000
1000
1000
1000
1000
1000
966.159
964.429
962.218
958.712
956.304
954.573
953.057
1000
1000
1000
1000
1000
1000
1000
1000
1000
1000
1000
1000
1000
1000
1000
1000
1000
1000
1000
1000
1000
1000
1000
999.999
1000
1000
1000
1000
1000
1000
999.998
1000
1000
1000
1000
1000
1000
951.734
952.209
953.205
953.118
955.451
958.068
959.656
999.729
1000
1000
1000
1000
1000
1000
1000
1000
1000
1000
1000
1000
999.995
999.111
996.739
996.739
999.147
999.885
999.783
998.786
1000
1000
999.996
999.992
999.999
1000
1000
849.13
852.483
853.634
853.553
854.969
856.504
858.105
788.556
792.905
798.139
802.223
801.528
794.897
787.386
443.767
440.348
436.743
433.907
433.441
434.925
437.768
22.439
21.9639
22.0105
21.383
21.3322
21.1939
20.6832
1.00006
1.0001
1.00005
1.00005
1.00004
1.00006
1.00012
1
1
1
1
1
1
1
1
1
1
1
1
1
1
1
1
1
1
1
1
1
1
1
1
1
1
1
1
1
1
1
1
1
1
1
853.431
858.278
858.493
859.093
859.604
859.853
860.151
777.894
770.563
768.34
767.671
768.083
769.765
771.221
445.776
450.836
453.654
454.855
455.713
455.794
455.2
21.2657
23.0133
24.8567
26.3739
27.3739
27.9223
27.8658
1.00007
1.00006
1.00006
1.00006
1.00005
1.00003
1.00002
1
1
1
1
1
1
1
1
1
1
1
1
1
1
1
1
1
1
1
1
1
1
1
1
1
1
1
1
1
1
1
1
1
1
1
859.944
858.98
855.065
852.227
846.924
846.42
847.518
772.167
773.831
778.8
782.167
789.383
792.822
792.512
454.544
452.647
449.551
447.192
444.42
443.267
443.248
27.5422
27.1133
26.3178
24.9209
24.0164
23.4129
22.713
1.00002
1.00002
1.00003
1.00004
1.00005
1.00006
1.00007
1
1
1
1
1
1
1
1
1
1
1
1
1
1
1
1
1
1
1
1
1
1
1
1
1
1
1
1
1
1
1
1
1
1
1
863.605
865.232
864.837
862.788
859.684
855.095
851.228
785.016
782.763
780.666
777.937
777.04
782.162
781.095
439.993
442.586
443.746
444.817
444.854
442.251
443.007
20.4467
20.1113
19.5771
19.3063
19.2313
19.5929
20.0754
1.00015
1.00017
1.00018
1.00013
1.00009
1.00008
1.00007
1
1
1
1
1
1
1
1
1
1
1
1
1
1
1
1
1
1
1
1
1
1
1
1
1
1
1
1
1
1
1
1
1
1
1
)
;
    }
    inlet
    {
        type            calculated;
        value           nonuniform 0();
    }
    procBoundary3to2
    {
        type            processor;
        value           nonuniform List<scalar> 
729
(
972.167
871.945
864.198
772.628
842.718
975.396
1000
854.079
859.405
804.811
793.221
843.454
842.412
1000
820.69
360.443
716.545
748.24
801.047
902.982
999.269
841.358
390.278
700.131
831.852
821.174
900.898
998.567
822.057
804.697
756.619
767.54
839.414
841.197
1000
920.016
768.191
845.254
822.093
773.63
952.676
1000
999.756
986.845
964.865
972.716
994.536
1000
1000
1000
999.999
999.981
999.994
999.929
999.744
999.731
999.993
1000
1000
1000
1000
1000
1000
1000
1000
1000
1000
1000
1000
1000
1000
1000
1000
1000
1000
1000
1000
1000
1000
1000
1000
1000
1000
1000
1000
1000
1000
1000
1000
1000
1000
1000
1000
1000
1000
1000
1000
1000
1000
1000
1000
1000
999.983
999.999
1000
1000
1000
1000
1000
1000
1000
1000
1000
1000
1000
999.996
1000
1000
1000
1000
1000
989.277
1000
999.99
1000
1000
999.999
1000
1000
970.401
1000
999.998
999.996
999.999
1000
1000
1000
962.274
999.999
999.929
999.949
1000
1000
1000
1000
999.905
999.999
999.954
999.98
1000
1000
1000
1000
1000
1000
1000
999.994
999.929
999.995
999.976
1000
999.996
1000
999.999
999.997
999.488
998.729
999.95
999.918
999.999
1000
999.997
1000
999.933
997.933
998.662
999.918
992.943
999.999
999.999
999.998
999.97
998.026
998.029
999.916
992.43
1000
1000
1000
999.986
999.869
999.85
999.58
1000
1000
999.991
999.883
999.945
999.701
999.824
994.981
1000
999.999
999.986
1000
999.423
997.306
995.252
994.981
999.999
999.999
999.999
1000
999.604
998.146
995.669
999.453
999.999
999.99
1000
999.966
998.791
999.508
1000
1000
999.999
999.972
1000
999.921
996.812
998.47
1000
1000
1000
999.968
999.949
999.953
997.408
997.414
999.945
1000
1000
999.978
999.991
999.992
999.789
997.341
999.871
1000
1000
999.989
999.999
999.949
998.146
998.481
999.999
1000
1000
999.998
999.98
999.995
999.914
999.937
999.997
1000
1000
1000
1000
999.999
1000
1000
1000
1000
1000
1000
1000
1000
1000
1000
1000
1000
1000
1000
1000
1000
1000
1000
1000
1000
1000
1000
1000
1000
1000
1000
1000
1000
1000
1000
1000
1000
1000
1000
1000
1000
1000
1000
1000
1000
1000
1000
1000
1000
1000
1000
1000
1000
1000
1000
1000
1000
1000
1000
1000
1000
1000
1000
1000
1000
1000
1000
1000
1000
1000
1000
1000
1000
1000
1000
1000
1000
1000
1000
1000
1000
1000
1000
1000
1000
1000
1000
1000
1000
1000
1000
1000
1000
1000
1000
1000
1000
1000
1000
1000
1000
1000
1000
1000
1000
1000
1000
1000
1000
1000
1000
1000
1000
1000
1000
1000
1000
1000
1000
1000
1000
1000
1000
1000
1000
1000
1000
1000
1000
1000
1000
1000
1000
1000
1000
1000
1000
1000
1000
1000
1000
1000
1000
1000
1000
1000
1000
1000
1000
1000
1000
1000
1000
1000
1000
1000
1000
1000
1000
1000
1000
1000
1000
1000
1000
1000
1000
1000
1000
1000
1000
1000
1000
1000
1000
1000
1000
1000
1000
1000
1000
1000
1000
1000
1000
1000
1000
1000
1000
1000
1000
1000
1000
1000
1000
1000
1000
1000
1000
1000
1000
1000
1000
1000
1000
1000
1000
1000
1000
1000
1000
1000
1000
1000
1000
1000
1000
1000
1000
1000
1000
1000
1000
1000
1000
1000
1000
1000
1000
1000
1000
1000
1000
1000
1000
1000
1000
1000
1000
1000
1000
1000
1000
1000
1000
1000
1000
1000
1000
1000
1000
1000
1000
1000
1000
1000
1000
1000
1000
1000
1000
1000
1000
1000
1000
1000
1000
1000
1000
1000
1000
1000
1000
1000
1000
1000
1000
1000
1000
1000
1000
1000
1000
1000
1000
1000
1000
1000
1000
1000
1000
1000
1000
1000
1000
1000
1000
1000
1000
1000
1000
1000
1000
1000
1000
1000
1000
1000
1000
1000
1000
1000
1000
1000
1000
1000
1000
1000
1000
1000
1000
1000
1000
1000
1000
1000
1000
1000
1000
1000
1000
1000
1000
1000
1000
1000
1000
1000
1000
1000
1000
1000
1000
1000
1000
1000
1000
1000
1000
1000
1000
1000
1000
1000
1000
1000
1000
1000
1000
1000
1000
1000
1000
1000
1000
1000
1000
1000
1000
1000
1000
1000
1000
1000
1000
1000
1000
1000
1000
1000
1000
1000
1000
1000
1000
1000
1000
1000
1000
1000
1000
1000
1000
1000
1000
1000
1000
1000
1000
1000
1000
1000
1000
1000
1000
1000
1000
1000
1000
1000
1000
1000
1000
1000
1000
1000
1000
1000
1000
1000
1000
1000
1000
1000
1000
1000
1000
1000
1000
1000
1000
1000
1000
1000
1000
1000
1000
1000
1000
1000
1000
1000
1000
1000
1000
1000
1000
1000
1000
1000
1000
1000
1000
1000
1000
1000
1000
1000
1000
1000
1000
1000
1000
1000
1000
)
;
    }
}


// ************************************************************************* //
