/*--------------------------------*- C++ -*----------------------------------*\
| =========                 |                                                 |
| \\      /  F ield         | OpenFOAM: The Open Source CFD Toolbox           |
|  \\    /   O peration     | Version:  plus.master.MPPICInterFoam            |
|   \\  /    A nd           | Web:      www.OpenFOAM.com                      |
|    \\/     M anipulation  |                                                 |
\*---------------------------------------------------------------------------*/
FoamFile
{
    version     2.0;
    format      ascii;
    class       volScalarField;
    location    "12.2";
    object      rho;
}
// * * * * * * * * * * * * * * * * * * * * * * * * * * * * * * * * * * * * * //

dimensions      [1 -3 0 0 0 0 0];

internalField   nonuniform List<scalar> 
11821
(
1000
1000
1000
1000
1000
1000
1000
1000
391.116
620.387
661.489
506.851
421.924
1000
1000
459.943
72.8281
111.281
74.3909
607.049
1000
1000
648.745
94.9025
1
117.121
669.092
1000
1000
538.003
78.0455
75.4093
88.1374
654.433
1000
1000
375.639
568.03
633.319
417.29
470.345
1000
1000
1000
1000
1000
1000
1000
1000
999.96
1000
1000
1000
1000
1000
1000
1000
909.663
948.981
877.97
895.791
960.196
1000
1000
708.734
221.927
132.77
396.752
1000.01
1000
1000
816.955
104.873
12.1079
236.204
1000
1000
1000
769.601
185.697
78.3306
310.944
1000
1000
1000
793.324
852.563
765.052
774.982
998.549
1000
1000
1000
1000
1000
1000
998.463
1000
999.825
999.994
1000
1000
1000
1000
1000
999.602
999.974
914.628
819.325
980.878
1000
1000
1000
701.706
200.29
110.494
439.3
1000
1000
1000
736.847
83.5501
18.4232
235.429
1000
1000
1000
728.098
156.496
61.4123
296.674
1000
1000
1000
906.181
799.359
664.771
842.962
1000
1000
999.996
1000
1000
1000
1000
999.644
1000
999.877
999.992
1000
1000
1000
1000
1000
999.885
999.991
847
691.591
991.894
1000
1000
1000
648.3
101.184
52.2124
413.89
1000
1000
995.434
500.982
38.3272
14.682
203.777
999.839
1000
1000
604.506
64.1115
27.3176
225.149
990.369
1000
1000
948.315
652.773
448.577
860.746
1000
1000
999.997
1000
1000
990.85
1000
1000
1000
999.957
999.884
1000
1000.01
1000
1000
1000
999.978
999.919
849.944
679.565
997.993
1000
1000
1000.01
665.211
24.9589
14.5593
549.959
1000
1000
986.002
384.458
7.42507
8.8416
250.337
999.136
1000
999.719
567.554
7.34378
6.70789
276.752
994.733
1000
1000
978.072
605.562
381.971
907.914
1000
1000
999.999
999.999
999.85
983.923
1000
1000
1000
1000
1000
1000
1000
1000
1000
1000
1000
1000
1000
1000
1000
1000
1000
1000
1000
1000
1000
1000
1000
1000
1000
1000
1000
1000
1000
1000
1000
1000
1000
1000
1000
1000
1000
1000
1000
1000
1000
1000
1000
1000
1000
1000
1000
1000
1000
1000
1000
1000
1000
1000
1000
1000
1000
1000
1000
1000
1000
1000
1000
1000
1000
1000
1000
1000
1000
1000
1000
1000
1000
1000
1000
1000
1000
1000
1000
1000
1000
1000
1000
1000
1000
1000
1000
1000
1000
1000
1000
1000
1000
1000
1000
1000
1000
1000
1000
1000
1000
1000
1000
1000
1000
1000
1000
1000
1000
1000
1000
1000
1000
1000
1000
1000
1000
1000
1000
1000
1000
1000
1000
1000
1000
1000
1000
1000
1000
1000
1000
1000
1000
1000
1000
1000
1000
1000
1000
1000
1000
1000
1000
1000
1000
1000
1000
1000
1000
1000
1000
1000
1000
1000
1000
1000
1000
1000
1000
1000
1000
1000
1000
1000
1000
1000
1000
1000
1000
1000
1000
1000
1000
1000
1000
1000
1000
1000
1000
1000
1000
1000
1000
1000
1000
1000
1000
1000
1000
1000
1000
1000
1000
1000
1000
1000
1000
1000
1000
1000
1000
1000
1000
1000
1000
1000
1000
1000
1000
1000
1000
1000
1000
1000
1000
1000
1000
1000
1000
1000
1000
1000
1000
1000
1000
999.999
1000
1000
1000
1000
1000
1000
1000
1000
1000
1000
1000
1000
1000
1000
1000
1000
1000
1000
1000
1000
1000
1000
1000
1000
1000
1000
1000
1000
1000
1000
1000
1000
1000
1000
1000
1000
1000
1000
1000
1000
1000
1000
1000
1000
1000
1000
1000
1000
1000
1000
1000
1000
1000
1000
1000
1000
1000
1000
1000
1000
1000
1000
999.995
999.984
999.984
1000
1000
1000
1000
1000
1000
999.998
999.996
1000
1000
1000
1000
1000
1000
1000
1000
1000
1000
1000
1000
1000
1000
1000
1000
1000
1000
1000
1000
999.999
999.998
1000
1000
1000
1000
1000
1000
1000
999.996
999.991
999.996
1000
1000
1000
1000
1000
1000
999.974
999.94
999.995
999.981
999.995
1000
1000
1000
1000
1000
1000
999.999
1000
1000
1000
1000
1000
1000
1000
1000
999.999
999.999
1000
1000
1000
1000
1000
1000
1000
1000
1000
1000
1000
1000
1000
1000
1000
1000
1000
1000
1000
1000
1000
1000
1000
1000
999.999
999.999
1000
1000
1000
1000
1000
1000
999.999
999.982
999.972
999.975
999.995
999.996
1000
1000
1000
1000
1000
1000
1000
1000
1000
1000
1000
1000
999.967
999.436
1000
999.999
999.999
999.999
1000
1000
1000
999.992
1000
1000
1000
1000
1000
1000
1000
1000
1000
1000
1000
1000
1000
1000
999.984
999.947
1000
1000
1000
1000
1000
1000
999.981
999.177
999.994
999.998
1000
1000
1000
1000
1000
1000
1000
1000
999.997
999.995
999.994
999.986
999.982
999.982
1000
1000
1000
999.897
999.383
999.361
999.362
999.362
1000
1000
1000
999.968
999.503
999.363
999.37
999.727
1000
1000
999.993
999.898
999.909
1000
999.992
999.978
1000
1000
1000
999.861
999.45
999.446
999.899
999.978
1000
1000
1000
1000
999.999
999.291
998.682
998.685
1000
999.999
1000
1000
999.885
999.734
999.942
999.948
1000
999.999
999.998
999.999
999.998
999.996
999.999
1000
1000
1000
1000
999.714
999.424
999.993
999.951
999.981
1000
1000
1000
999.721
999.441
999.753
1000
999.974
1000
999.991
999.942
999.91
999.987
1000
1000
999.968
1000
1000
999.708
999.277
999.984
999.911
999.977
999.957
1000
1000
1000
1000
999.863
999.457
999.939
999.993
1000
1000
1000
999.969
999.895
999.963
1000
999.999
1000
1000
999.999
999.998
1000
1000
999.998
999.941
1000
1000
1000
999.983
999.962
999.989
999.997
999.983
1000
1000
1000
999.988
999.911
999.91
999.91
999.915
1000
1000
1000
1000
1000
1000
1000
1000
1000
1000
1000
1000
1000
1000
1000
1000
1000
1000
1000
1000
1000
1000
1000
1000
1000
1000
1000
1000
1000
1000
1000
1000
999.894
999.932
1000
1000
1000
999.907
999.726
999.727
999.827
999.711
1000
1000
1000
999.891
999.726
999.726
999.862
999.897
1000
999.999
999.994
1000
999.994
999.992
1000
1000
1000
1000
1000
1000
1000
1000
1000
1000
1000
1000
1000
1000
1000
999.989
1000
1000
1000
1000
1000
1000
1000
999.987
1000
1000
1000
1000
1000
1000
1000
1000
999.826
1000
1000
1000
999.998
999.991
999.988
999.996
999.689
999.687
999.874
999.828
999.543
999.711
1000
999.997
999.912
999.879
999.053
998.734
998.733
999.076
1000
1000
1000
999.999
999.992
999.981
999.98
999.998
1000
999.999
1000
999.999
999.928
999.893
999.893
999.893
999.906
1000
1000
1000
999.986
999.902
999.893
999.965
1000
1000
1000
1000
1000
1000
1000
1000
1000
1000
999.888
1000
1000
1000
1000
1000
1000
1000
999.687
999.838
999.938
999.882
999.867
1000
1000
1000
999.976
999.319
998.732
998.741
999.87
999.968
999.991
1000
999.998
999.976
999.952
999.973
999.999
999.998
1000
1000
999.999
999.932
999.901
999.903
999.986
999.98
999.997
1000
1000
999.995
999.934
999.919
1000
999.998
1000
1000
1000
1000
1000
1000
1000
1000
1000
1000
999.967
1000
1000
1000
999.999
1000
1000
1000
999.79
1000
999.993
999.971
999.998
1000
1000
1000
999.996
999.237
998.73
999.794
1000
1000
999.999
1000
999.996
999.93
999.949
999.995
1000
1000
1000
1000
999.977
999.899
999.97
999.991
1000
1000
1000
1000
999.998
999.978
999.942
999.993
1000
1000
1000
1000
1000
1000
1000
1000
1000
1000
1000
1000
1000
1000
999.999
999.998
999.999
1000
1000
1000
1000
1000
999.998
999.997
999.997
1000
1000
1000
1000
1000
1000
999.997
999.997
1000
1000
1000
1000
1000
1000
1000
1000
1000
1000
1000
999.992
999.99
999.994
1000
1000
1000
1000
1000
999.997
999.995
1000
1000
999.998
999.995
999.995
1000
1000
1000
1000
1000
999.987
999.984
999.984
999.984
1000
1000
999.997
999.975
999.975
999.975
999.983
1000
1000
1000
1000
1000
1000
1000
999.999
999.996
1000
1000
1000
1000
1000
1000
1000
1000
1000
1000
1000
1000
1000
1000
1000
1000
999.998
999.991
1000
1000
1000
1000
999.998
999.976
1000
1000
1000
1000
1000
1000
1000
999.751
999.989
999.974
999.974
999.974
999.985
1000
1000
1000
1000
1000
1000
1000
1000
1000
999.999
999.999
1000
1000
999.969
998.832
998.368
999.717
1000
1000
1000
1000
999.861
999.736
999.943
1000
999.814
998.713
1000
999.995
999.985
1000
1000
999.997
999.903
999.843
999.998
999.958
999.907
999.939
1000
1000
1000
999.999
999.978
999.582
999.528
999.541
999.93
1000
1000
999.944
999.987
999.986
999.984
999.983
999.989
999.999
1000
1000
999.99
999.899
999.86
999.967
999.988
999.956
999.982
1000
1000
999.498
998.331
998.342
998.343
999.419
1000
999.969
999.997
999.987
999.908
999.333
998.357
997.988
998.003
998.023
1000
999.998
999.936
999.788
999.89
999.93
999.861
999.848
999.992
999.907
999.948
999.946
999.541
999.153
999.153
999.153
999.851
999.523
999.525
999.921
999.991
999.952
999.926
999.91
999.998
1000
999.999
999.996
999.999
1000
1000
1000
999.87
999.747
999.87
999.992
999.978
999.983
1000
1000
999.877
998.57
998.319
998.729
999.892
999.903
1000
999.993
999.957
999.854
999.715
998.824
998.549
999.795
999.751
999.891
1000
999.962
999.849
999.871
999.984
999.987
999.887
999.8
999.951
999.922
999.978
999.949
999.346
999.155
1000
999.94
999.755
999.516
999.937
1000
999.99
999.985
999.993
1000
1000
1000
999.999
999.999
1000
1000
1000
1000
1000
1000
1000
1000
1000
1000
1000
1000
1000
1000
1000
1000
1000
1000
1000
1000
1000
1000
1000
1000
1000
1000
1000
1000
1000
1000
1000
1000
1000
1000
1000
1000
1000
1000
1000
999.989
999.997
1000
1000
1000
1000
999.972
1000
1000
1000
1000
1000
1000
999.997
1000
999.361
999.984
1000
999.965
998.696
1000
999.994
999.361
999.621
999.959
999.697
998.691
999.908
1000
1000
999.999
999.859
999.857
999.997
1000
999.886
999.86
999.996
1000
999.999
999.998
1000
999.914
999.727
999.998
999.999
999.955
999.965
1000
999.999
999.997
1000
999.999
1000
1000
1000
1000
1000
1000
1000
1000
1000
1000
1000
1000
1000
1000
1000
1000
1000
1000
999.997
999.995
999.998
1000
1000
999.995
1000
999.84
999.999
1000
999.963
999.569
1000
999.999
1000
998.072
999.833
999.923
999.906
1000
1000
999.934
998.035
999.867
999.356
999.903
1000
999.994
999.984
999.972
999.8
999.994
1000
1000
1000
1000
1000
1000
1000
1000
1000
1000
1000
1000
1000
1000
1000
1000
1000
1000
1000
1000
1000
1000
1000
1000
1000
1000
1000
1000
1000
1000
1000
1000
1000
1000
1000
1000
1000
1000
1000
1000
1000
1000
1000
1000
1000
1000
1000
1000
1000
1000
1000
1000
1000
1000
1000
1000
1000
1000
1000
1000
1000
1000
1000
1000
1000
1000
1000
1000
1000
1000
1000
1000
1000
1000
1000
1000
1000
1000
1000
1000
1000
1000
1000
1000
1000
1000
1000
1000
1000
1000
1000
1000
1000
1000
1000
1000
1000
1000
1000
1000
1000
1000
1000
1000
1000
1000
1000
1000
1000
1000
1000
1000
1000
1000
1000
1000
1000
1000
1000
1000
1000
1000
1000
1000
1000
1000
1000
1000
1000
1000
1000
1000
1000
1000
1000
1000
1000
1000
1000
1000
1000
1000
1000
1000
1000
1000
1000
1000
1000
1000
1000
1000
1000
1000
1000
1000
1000
1000
1000
1000
1000
1000
1000
1000
1000
1000
1000
1000
1000
1000
1000
1000
1000
1000
1000
1000
1000
1000
1000
1000
1000
1000
1000
1000
1000
1000
1000
1000
1000
1000
1000
1000
1000
1000
1000
1000
1000
1000
1000
1000
1000
1000
1000
1000
1000
1000
1000
1000
1000
1000
1000
1000
1000
1000
1000
1000
1000
1000
1000
1000
1000
1000
1000
1000
1000
1000
1000
1000
1000
1000
1000
1000
1000
1000
1000
1000
1000
1000
1000
1000
1000
1000
1000
1000
1000
1000
1000
1000
1000
1000
1000
1000
1000
1000
1000
1000
1000
1000
1000
1000
1000
1000
1000
1000
1000
1000
1000
1000
1000
1000
1000
1000
1000
1000
1000
1000
1000
1000
1000
1000
1000
1000
1000
1000
1000
1000
1000
1000
1000
999.999
999.999
1000
999.996
999.926
999.788
999.8
999.95
1000
1000
1000
1000
999.995
999.94
999.85
999.808
999.925
1000
1000
1000
999.999
999.999
999.996
999.983
999.975
1000
1000
999.998
999.979
999.957
999.954
999.968
999.991
1000
1000
999.978
999.914
999.896
999.983
1000
1000
1000
1000
1000
1000
1000
1000
1000
1000
1000
1000
1000
1000
1000
1000
1000
999.997
1000
999.787
999.553
999.553
999.665
999.994
1000
1000
1000
999.97
999.903
999.886
999.873
999.738
999.72
999.844
1000
1000
1000
999.996
999.967
999.94
999.933
999.943
1000
1000
999.895
999.546
999.477
999.697
999.986
1000
1000
999.963
999.357
999.232
999.688
1000
1000
1000
1000
1000
1000
1000
1000
999.999
999.996
999.996
1000
1000
1000
1000
1000
1000
999.999
999.997
999.361
999.361
999.684
999.994
1000
999.994
999.997
999.986
999.985
999.97
999.97
999.839
999.317
999.347
999.906
999.993
999.988
999.961
999.921
999.898
999.857
999.843
999.9
999.977
999.708
998.936
998.812
998.89
999.835
999.998
999.998
999.998
998.701
998.706
998.86
999.676
1000
999.992
999.947
999.953
1000
999.995
999.997
1000
1000
999.997
999.99
999.99
1000
1000
1000
1000
1000
1000
999.999
999.997
999.784
999.998
999.924
999.914
999.916
999.937
999.965
999.951
999.119
999.119
999.12
999.121
999.121
999.462
999.993
999.992
999.947
999.937
999.899
999.87
999.921
999.943
999.958
999.995
998.998
998.812
998.812
998.812
999.475
999.998
999.943
999.918
998.695
998.844
999.578
999.953
999.984
999.798
999.675
999.908
999.89
999.897
999.964
999.997
999.999
999.994
999.988
999.991
1000
1000
1000
1000
1000
1000
999.999
999.999
999.988
999.941
999.917
999.907
999.916
999.935
999.962
999.996
1000
999.685
999.127
999.122
999.387
999.919
999.993
999.998
999.771
999.703
999.871
999.908
999.908
999.972
999.998
999.998
999.865
999.964
999.956
999.762
999.523
999.524
999.525
999.541
1000
1000
1000
999.997
999.909
999.704
999.684
999.951
1000
1000
1000
1000
1000
999.997
999.992
999.998
999.909
1000
999.997
1000
1000
1000
1000
1000
999.747
999.747
999.778
999.946
1000
1000
1000
1000
1000
999.998
999.981
999.93
999.87
999.953
999.992
999.997
999.999
999.998
999.999
1000
1000
1000
999.999
999.999
999.997
999.995
999.994
999.998
1000
1000
1000
1000
999.997
999.997
1000
1000
1000
1000
1000
1000
1000
1000
1000
1000
1000
1000
1000
1000
1000
999.996
999.998
1000
1000
1000
1000
1000
999.729
999.909
1000
1000
1000
1000
1000
1000
1000
999.987
999.843
999.827
999.827
999.844
999.998
1000
999.996
999.981
999.96
999.983
999.999
999.999
999.999
1000
999.955
999.955
999.96
999.998
1000
1000
1000
1000
999.96
1000
1000
1000
1000
1000
1000
1000
1000
1000
1000
1000
1000
1000
1000
1000
1000
1000
1000
1000
1000
1000
1000
1000
999.999
1000
1000
1000
1000
1000
1000
1000
1000
999.997
999.997
999.999
999.999
999.999
999.997
999.999
999.998
999.998
999.978
999.958
999.988
999.992
999.995
1000
999.999
1000
1000
1000
999.993
999.975
999.977
999.998
1000
1000
1000
1000
1000
999.999
999.999
999.999
1000
1000
1000
1000
1000
1000
1000
1000
1000
1000
1000
1000
1000
1000
1000
1000
1000
1000
1000
1000
1000
1000
1000
1000
1000
999.999
999.998
999.997
999.995
999.994
999.992
999.996
1000
1000
999.979
999.933
999.923
999.923
999.923
999.934
1000
999.998
999.997
999.997
999.992
999.949
999.929
1000
1000
1000
1000
1000
1000
999.999
999.998
1000
1000
1000
1000
1000
1000
1000
1000
1000
1000
1000
1000
1000
1000
1000
1000
1000
1000
1000
1000
1000
1000
1000
1000
1000
1000
1000
1000
1000
999.999
999.997
999.997
999.996
1000
1000
1000
1000
1000
999.995
999.923
999.893
1000
1000
1000
1000
1000
999.997
999.994
999.988
1000
1000
1000
1000
1000
1000
1000
1000
1000
1000
1000
1000
1000
1000
1000
1000
1000
1000
1000
1000
1000
1000
1000
1000
999.988
999.976
999.973
999.996
1000
1000
1000
1000
999.99
999.989
999.986
999.994
999.998
1000
1000
1000
999.997
999.998
999.998
999.998
999.995
999.99
999.991
999.993
1000
1000
999.979
999.93
999.88
999.864
999.957
999.975
1000
999.969
999.827
999.827
999.967
1000
1000
1000
1000
1000
1000
1000
1000
1000
1000
999.999
1000
1000
1000
1000
1000
1000
999.998
999.995
999.651
999.61
999.94
1000
1000
1000
1000
1000
999.891
999.61
999.61
999.772
1000
1000
1000
1000
999.998
999.972
999.929
999.886
999.963
999.984
999.982
999.985
999.945
999.896
999.873
999.864
999.864
999.864
999.892
999.995
999.569
999.569
999.666
999.99
1000
1000
999.988
999.973
1000
1000
1000
1000
1000
999.999
999.996
999.993
999.999
999.999
1000
999.999
999.999
999.995
999.991
999.993
999.999
999.996
999.998
999.997
999.995
999.986
999.979
999.994
998.654
999.998
999.984
999.982
999.999
1000
999.999
1000
999.817
999.739
999.81
999.985
999.992
999.995
999.991
999.989
999.663
999.618
999.618
999.868
1000
999.992
999.99
999.995
999.979
1000
999.999
1000
1000
999.984
999.925
999.926
1000
1000
1000
1000
999.999
999.996
999.994
999.992
1000
999.998
999.997
999.996
999.995
999.993
999.992
999.993
999.943
999.977
999.985
999.988
999.993
999.985
999.945
999.932
999.2
999.998
999.998
999.999
999.999
999.997
999.996
999.992
999.867
999.822
999.939
999.999
999.999
999.999
999.999
999.998
1000
999.991
999.989
999.996
999.959
999.888
999.862
999.97
999.942
999.996
1000
1000
999.997
999.957
999.894
999.934
999.999
999.999
999.999
999.999
999.999
999.999
999.998
999.996
999.99
999.992
999.998
1000
1000
1000
1000
999.995
999.975
999.978
999.994
1000
1000
999.996
999.947
999.92
999.985
999.979
999.979
999.994
999.995
999.893
999.789
999.933
999.802
999.806
999.81
999.878
999.97
999.938
999.987
1000
1000
999.995
999.997
999.919
999.816
999.816
999.816
999.897
1000
1000
1000
999.998
999.978
999.96
999.957
999.981
1000
1000
1000
1000
1000
1000
1000
1000
1000
1000
1000
1000
1000
1000
1000
1000
1000
1000
1000
1000
1000
1000
1000
1000
1000
1000
1000
1000
1000
1000
1000
1000
1000
1000
1000
1000
1000
1000
1000
1000
1000
1000
1000
1000
1000
1000
1000
1000
1000
1000
1000
1000
1000
1000
1000
1000
1000
1000
1000
1000
1000
1000
1000
1000
1000
1000
1000
1000
1000
1000
1000
1000
1000
1000
1000
1000
1000
1000
1000
1000
1000
1000
1000
1000
1000
1000
1000
1000
1000
1000
1000
1000
1000
1000
1000
1000
1000
1000
1000
1000
1000
1000
1000
1000
1000
1000
1000
1000
1000
1000
1000
1000
1000
1000
1000
1000
1000
1000
1000
1000
1000
1000
1000
1000
1000
1000
1000
1000
1000
1000
1000
1000
1000
1000
1000
1000
1000
1000
1000
1000
1000
1000
1000
1000
1000
1000
1000
1000
1000
1000
1000
1000
1000
1000
1000
1000
1000
1000
1000
1000
1000
1000
1000
1000
1000
1000
1000
1000
1000
1000
1000
1000
1000
1000
1000
1000
1000
1000
1000
1000
1000
1000
1000
1000
1000
1000
1000
1000
1000
1000
1000
1000
1000
1000
1000
1000
1000
1000
1000
1000
1000
1000
1000
1000
1000
1000
1000
1000
1000
1000
1000
1000
1000
1000
1000
1000
1000
1000
1000
1000
1000
1000
1000
1000
1000
1000
1000
1000
1000
1000
1000
1000
1000
1000
1000
1000
1000
1000
1000
1000
1000
1000
1000
1000
1000
1000
1000
1000
1000
1000
1000
1000
1000
1000
1000
1000
1000
1000
1000
1000
1000
1000
1000
1000
1000
1000
1000
1000
1000
1000
1000
1000
1000
1000
1000
1000
1000
1000
1000
1000
1000
1000
1000
1000
1000
1000
1000
1000
999.997
999.997
999.999
999.999
999.999
1000
1000
1000
1000
999.999
999.994
999.983
999.984
999.997
1000
1000
999.966
999.964
999.978
999.995
999.999
1000
1000
1000
999.98
999.981
999.988
999.997
1000
1000
1000
999.996
1000
1000
1000
999.999
999.999
1000
1000
1000
1000
1000
1000
999.991
999.988
999.999
1000
1000
1000
1000
1000
1000
1000
999.997
999.999
1000
999.996
1000
1000
1000
1000
1000
1000
1000
999.981
999.931
999.86
999.795
999.808
999.947
999.985
999.987
999.993
999.991
999.983
999.965
999.959
999.981
999.993
999.993
999.976
999.988
999.993
999.999
1000
999.999
999.999
999.996
1000
1000
999.999
999.972
999.96
999.992
999.999
999.998
1000
1000
999.985
999.875
999.845
999.97
999.995
999.993
1000
1000
1000
1000
1000
1000
999.999
1000
999.997
999.996
999.997
1000
1000
1000
1000
1000
999.847
999.795
999.795
999.795
999.795
999.81
999.883
999.918
999.993
999.983
999.966
999.937
999.915
999.962
999.988
999.991
999.996
999.998
999.999
999.999
999.998
999.999
999.999
999.999
1000
1000
999.99
999.927
999.925
999.987
999.99
999.994
1000
1000
999.939
999.845
999.845
999.845
999.907
1000
999.997
999.998
1000
1000
1000
1000
1000
1000
999.996
999.995
999.997
999.999
1000
999.999
1000
1000
999.914
999.8
999.867
999.98
999.969
999.78
999.722
999.722
999.972
999.951
999.893
999.913
999.936
999.865
999.937
999.982
1000
1000
1000
999.995
999.977
999.964
999.992
999.999
1000
1000
999.991
999.821
999.627
999.535
999.864
999.976
999.991
999.898
999.892
999.978
999.943
999.845
999.812
999.858
999.984
999.984
999.991
1000
1000
1000
1000
1000
1000
1000
1000
1000
1000
999.999
1000
999.998
1000
1000
999.976
999.951
999.938
999.878
999.829
999.725
999.999
999.646
999.398
999.398
999.53
999.778
999.528
999.732
999.996
999.985
999.981
999.98
999.988
999.97
999.861
999.773
999.963
999.93
999.933
999.602
999.442
999.43
999.43
999.443
999.851
999.792
999.841
999.977
999.993
999.972
999.845
999.618
999.991
999.981
999.98
999.997
1000
1000
1000
1000
1000
1000
999.989
999.977
999.96
999.986
1000
1000
1000
1000
999.955
999.923
999.897
999.96
1000
1000
999.997
999.996
999.994
999.98
999.977
999.991
1000
1000
999.999
999.999
999.999
999.999
999.998
999.999
1000
999.999
1000
999.995
999.989
999.983
999.974
999.994
1000
1000
1000
1000
999.997
999.97
999.949
999.988
1000
1000
1000
1000
1000
1000
1000
1000
1000
1000
1000
1000
999.984
999.968
999.974
999.985
999.991
999.998
1000
999.996
999.916
999.88
999.88
999.887
999.979
1000
1000
1000
999.985
999.971
999.982
999.99
999.999
1000
1000
999.982
999.958
999.986
1000
1000
1000
999.999
999.999
999.853
999.729
999.931
999.979
999.991
1000
1000
1000
1000
999.982
999.901
999.901
999.948
1000
1000
1000
1000
1000
1000
1000
1000
1000
1000
1000
1000
1000
1000
999.996
999.983
999.982
999.985
1000
1000
1000
999.944
999.88
999.88
999.88
999.905
1000
1000
999.933
999.761
999.824
999.98
999.987
1000
1000
999.992
999.95
999.932
999.988
999.996
1000
1000
999.979
999.783
999.729
999.729
999.729
999.933
999.986
999.994
1000
999.999
1000
999.965
999.901
999.901
999.939
999.968
1000
1000
1000
1000
1000
1000
1000
1000
1000
1000
1000
1000
1000
1000
1000
999.993
1000
999.999
999.994
999.991
999.993
999.949
999.886
999.822
999.999
1000
999.917
999.752
999.738
999.738
999.738
999.822
999.95
999.925
999.951
999.978
999.995
999.998
999.998
999.982
999.998
999.999
999.999
999.883
999.729
999.691
999.691
999.691
1000
1000
999.999
999.999
999.994
999.947
999.869
999.88
1000
1000
1000
1000
1000
1000
1000
1000
1000
1000
1000
1000
1000
1000
1000
1000
1000
1000
1000
1000
1000
1000
999.995
999.999
999.996
999.998
999.999
1000
1000
999.889
999.784
999.784
999.892
999.892
999.892
999.892
999.926
999.971
999.998
999.998
999.991
999.989
999.989
999.998
1000
999.939
999.781
999.691
1000
1000
1000
1000
1000
1000
999.986
999.96
1000
1000
1000
1000
1000
1000
1000
1000
1000
1000
1000
1000
1000
1000
1000
1000
1000
999.998
999.982
999.983
999.999
1000
1000
1000
1000
1000
999.998
999.999
1000
1000
1000
999.996
999.994
999.988
999.993
999.999
999.999
999.999
1000
999.99
999.979
999.979
999.988
999.997
999.995
999.997
1000
999.995
1000
1000
999.999
999.983
999.974
999.984
999.999
1000
999.999
1000
1000
1000
1000
1000
1000
1000
999.999
1000
1000
1000
999.999
1000
1000
1000
1000
999.98
999.82
999.753
999.979
999.995
1000
1000
1000
999.996
999.942
999.934
999.997
1000
1000
999.998
999.992
999.994
999.997
999.999
999.999
1000
1000
999.987
999.998
999.999
1000
999.985
999.968
999.977
999.996
999.984
999.993
1000
999.99
999.892
999.884
999.894
999.99
1000
999.997
1000
1000
1000
999.999
1000
999.999
1000
999.998
1000
1000
999.999
999.997
1000
1000
1000
1000
999.969
999.815
999.739
999.739
999.747
999.887
999.898
1000
1000
999.885
999.75
999.98
999.987
999.986
999.984
999.996
999.999
999.997
999.992
999.998
1000
999.995
999.957
999.998
1000
1000
999.99
999.966
999.952
999.943
999.923
999.974
1000
1000
999.946
999.884
999.883
999.883
999.945
999.996
1000
1000
999.999
999.999
999.998
999.998
999.998
999.996
999.999
999.999
999.996
999.996
999.995
999.999
999.994
999.995
1000
1000
999.985
999.739
999.61
999.61
999.61
999.996
1000
1000
999.93
999.719
999.832
999.981
999.971
999.999
1000
999.999
999.993
999.986
999.988
999.967
999.9
1000
1000
1000
999.901
999.734
999.74
999.851
999.861
999.989
1000
1000
1000
999.982
999.917
999.851
999.851
999.997
1000
1000
1000
1000
999.999
999.997
999.996
999.993
999.999
1000
1000
1000
1000
999.998
999.99
999.978
1000
1000
1000
999.987
999.888
999.763
999.632
1000
1000
1000
999.998
999.544
999.239
999.239
999.618
1000
1000
1000
999.993
999.976
999.967
999.967
999.94
1000
1000
1000
999.879
999.571
999.546
999.546
999.66
1000
1000
1000
999.991
999.974
999.98
999.945
999.896
1000
1000
1000
1000
1000
1000
1000
1000
1000
1000
1000
1000
1000
1000
1000
1000
1000
1000
1000
1000
1000
1000
1000
1000
1000
1000
1000
1000
1000
1000
1000
1000
1000
1000
1000
1000
1000
1000
1000
1000
1000
1000
1000
1000
1000
1000
1000
1000
1000
1000
1000
1000
1000
1000
1000
1000
1000
1000
1000
1000
1000
1000
1000
1000
1000
1000
1000
1000
1000
1000
1000
1000
1000
1000
1000
1000
1000
1000
1000
1000
1000
1000
1000
1000
1000
1000
1000
1000
1000
1000
1000
1000
1000
1000
1000
1000
1000
1000
1000
1000
1000
1000
1000
1000
1000
1000
1000
1000
1000
1000
1000
1000
1000
1000
1000
1000
1000
1000
1000
1000
1000
1000
1000
1000
1000
1000
1000
1000
1000
1000
1000
1000
1000
1000
1000
1000
1000
1000
1000
1000
1000
1000
1000
1000
1000
1000
1000
1000
1000
1000
1000
1000
1000
1000
1000
1000
1000
1000
1000
1000
1000
1000
1000
1000
1000
1000
1000
1000
1000
1000
1000
1000
1000
1000
1000
1000
1000
1000
1000
1000
1000
1000
1000
1000
1000
1000
1000
1000
1000
1000
1000
1000
1000
1000
1000
1000
1000
1000
1000
1000
1000
1000
1000
1000
1000
1000
1000
1000
1000
1000
1000
1000
1000
1000
1000
1000
1000
1000
1000
1000
1000
1000
1000
1000
1000
1000
1000
1000
1000
1000
1000
1000
1000
1000
1000
1000
1000
1000
1000
1000
1000
1000
1000
1000
1000
1000
1000
1000
1000
1000
1000
1000
1000
1000
1000
1000
1000
1000
1000
1000
1000
1000
1000
1000
1000
1000
1000
1000
1000
1000
1000
1000
1000
1000
1000
1000
1000
1000
1000
1000
1000
1000
1000
1000
1000
1000
1000
1000
1000
1000
1000
1000
1000
1000
1000
1000
1000
1000
1000
1000
1000
1000
1000
1000
1000
1000
1000
1000
1000
1000
1000
1000
1000
1000
1000
1000
1000
1000
1000
1000
1000
1000
1000
1000
1000
1000
1000
1000
1000
1000
1000
1000
1000
1000
1000
1000
1000
1000
1000
1000
1000
1000
1000
1000
1000
1000
1000
1000
1000
1000
1000
1000
1000
1000
1000
1000
1000
1000
1000
1000
1000
1000
1000
1000
1000
1000
1000
1000
1000
1000
1000
1000
1000
1000
1000
1000
1000
1000
1000
1000
1000
1000
1000
1000
1000
1000
1000
1000
1000
1000
1000
1000
1000
1000
1000
1000
1000
1000
1000
1000
1000
1000
1000
1000
1000
1000
1000
1000
1000
1000
1000
1000
1000
1000
1000
1000
1000
1000
1000
1000
1000
1000
1000
1000
1000
1000
1000
1000
1000
1000
1000
1000
1000
1000
1000
1000
1000
1000
1000
1000
1000
1000
1000
1000
1000
1000
1000
1000
1000
1000
1000
1000
1000
1000
1000
1000
1000
1000
1000
1000
1000
1000
1000
1000
1000
1000
1000
1000
1000
1000
1000
1000
1000
1000
1000
1000
1000
1000
1000
1000
1000
1000
1000
1000
1000
1000
1000
1000
1000
1000
1000
1000
1000
1000
1000
1000
1000
1000
1000
1000
1000
1000
1000
1000
1000
1000
1000
1000
1000
1000
1000
1000
1000
1000
1000
1000
1000
1000
1000
1000
1000
1000
1000
1000
1000
1000
1000
1000
1000
1000
1000
1000
1000
1000
1000
1000
1000
1000
1000
1000
1000
1000
1000
1000
1000
1000
1000
1000
1000
1000
1000
1000
1000
1000
1000
1000
1000
1000
1000
1000
1000
1000
1000
1000
1000
1000
1000
1000
1000
1000
1000
1000
1000
1000
1000
1000
1000
1000
1000
1000
1000
1000
1000
1000
1000
1000
1000
1000
1000
1000
1000
1000
1000
1000
1000
1000
1000
1000
1000
1000
1000
1000
1000
1000
1000
1000
1000
1000
1000
1000
1000
1000
1000
1000
1000
1000
1000
1000
1000
1000
1000
1000
1000
1000
1000
1000
1000
1000
1000
1000
1000
1000
1000
1000
1000
1000
1000
1000
1000
999.999
1000
1000
1000
1000
1000
999.992
999.943
999.928
1000
1000
1000
999.802
999.529
999.528
999.824
999.981
1000
1000
1000
1000
1000
999.962
999.88
999.694
1000
1000
1000
1000
1000
1000
1000
999.986
1000
1000
1000
1000
1000
1000
1000
1000
1000
1000
1000
1000
1000
1000
1000
1000
1000
1000
1000
1000
1000
1000
1000
1000
1000
1000
1000
1000
999.994
999.971
999.906
999.828
1000
1000
1000
1000
999.918
999.527
999.511
999.537
1000
1000
1000
999.998
999.985
999.98
999.969
999.766
1000
1000
1000
1000
1000
1000
1000
999.995
1000
1000
1000
1000
1000
1000
1000
1000
1000
1000
1000
1000
1000
1000
1000
1000
1000
1000
1000
1000
1000
1000
1000
1000
1000
1000
1000
1000
1000
1000
999.987
999.949
1000
1000
1000
1000
1000
999.993
999.588
999.525
1000
1000
1000
1000
1000
999.999
999.961
999.925
1000
1000
1000
1000
1000
1000
1000
1000
1000
1000
1000
1000
1000
1000
1000
1000
1000
1000
1000
1000
1000
1000
1000
1000
1000
1000
1000
1000
1000
1000
1000
1000
1000
1000
1000
1000
1000
1000
1000
1000
1000
1000
1000
1000
1000
1000
1000
999.759
1000
1000
1000
1000
1000
1000
1000
1000
1000
1000
1000
1000
1000
1000
1000
1000
1000
1000
1000
1000
1000
1000
1000
1000
1000
1000
1000
1000
1000
1000
1000
1000
1000
1000
1000
1000
1000
1000
1000
1000
1000
1000
1000
1000
1000
1000
1000
1000
1000
1000
1000
1000
1000
1000
1000
1000
1000
1000
1000
1000
1000
1000
1000
1000
1000
1000
1000
1000
1000
1000
1000
1000
1000
1000
1000
1000
1000
1000
1000
1000
1000
1000
1000
1000
1000
1000
1000
1000
1000
1000
1000
1000
1000
1000
1000
1000
1000
1000
1000
1000
1000
1000
1000
1000
1000
1000
1000
1000
1000
1000
1000
1000
1000
1000
1000
1000
1000
1000
1000
1000
1000
1000
1000
1000
1000
1000
1000
1000
1000
1000
1000
1000
1000
1000
1000
1000
1000
1000
1000
1000
1000
1000
1000
1000
1000
1000
1000
1000
1000
1000
1000
1000
1000
1000
1000
1000
1000
1000
1000
1000
1000
1000
1000
1000
1000
1000
1000
1000
1000
1000
1000
1000
1000
1000
1000
1000
1000
1000
1000
1000
1000
1000
1000
1000
1000
1000
1000
1000
1000
1000
1000
1000
1000
1000
1000
1000
1000
1000
1000
1000
1000
1000
1000
1000
1000
1000
1000
1000
1000
1000
1000
1000
1000
1000
1000
1000
1000
1000
1000
1000
1000
1000
1000
1000
1000
1000
1000
1000
1000
1000
1000
1000
1000
1000
1000
1000
1000
1000
1000
1000
1000
1000
1000
1000
1000
1000
1000
1000
1000
1000
1000
1000
1000
1000
1000
1000
1000
1000
1000
1000
1000
1000
1000
1000
1000
1000
1000
1000
1000
1000
1000
1000
1000
1000
1000
1000
1000
1000
1000
1000
1000
1000
1000
1000
1000
1000
1000
1000
1000
1000
1000
1000
1000
1000
1000
1000
1000
1000
1000
1000
1000
1000
1000
1000
1000
1000
1000
1000
1000
1000
1000
1000
1000
1000
1000
1000
1000
1000
1000
1000
1000
1000
1000
1000
1000
1000
1000
1000
1000
1000
1000
1000
1000
1000
1000
1000
1000
1000
1000
1000
1000
1000
1000
1000
1000
1000
1000
1000
1000
1000
1000
1000
1000
1000
1000
1000
1000
1000
1000
1000
1000
1000
1000
1000
1000
1000
1000
1000
1000
1000
1000
1000
1000
1000
1000
1000
1000
1000
1000
1000
1000
1000
1000
1000
1000
1000
1000
1000
1000
1000
1000
1000
1000
1000
1000
1000
1000
1000
1000
1000
1000
1000
1000
1000
1000
1000
1000
1000
1000
1000
1000
1000
1000
1000
1000
1000
1000
1000
1000
1000
1000
1000
1000
1000
1000
1000
1000
1000
1000
1000
1000
1000
1000
1000
1000
1000
1000
1000
1000
1000
1000
1000
1000
1000
1000
1000
1000
1000
1000
1000
1000
1000
1000
1000
1000
1000
1000
1000
1000
1000
1000
1000
1000
1000
1000
1000
1000
1000
1000
1000
1000
1000
1000
1000
1000
1000
1000
1000
1000
1000
1000
1000
1000
1000
1000
1000
1000
1000
1000
1000
1000
1000
1000
1000
1000
1000
1000
1000
1000
1000
1000
1000
1000
1000
1000
1000
1000
1000
1000
1000
1000
1000
1000
1000
1000
1000
1000
1000
1000
1000
1000
1000
1000
1000
1000
1000
1000
1000
1000
1000
1000
1000
1000
1000
1000
1000
1000
1000
1000
1000
1000
1000
1000
1000
1000
1000
1000
1000
1000
1000
1000
1000
1000
1000
1000
1000
1000
1000
1000
1000
1000
1000
1000
1000
1000
1000
1000
1000
1000
1000
1000
1000
1000
1000
1000
1000
1000
1000
1000
1000
1000
1000
1000
1000
1000
1000
1000
1000
1000
1000
1000
1000
1000
1000
1000
1000
1000
1000
1000
1000
1000
1000
1000
1000
1000
1000
1000
1000
1000
1000
1000
1000
1000
1000
1000
1000
1000
1000
1000
1000
1000
1000
1000
1000
1000
1000
1000
1000
1000
1000
1000
1000
1000
1000
1000
1000
1000
1000
1000
1000
1000
1000
1000
1000
1000
1000
1000
1000
1000
1000
1000
1000
1000
1000
1000
1000
1000
1000
1000
1000
1000
1000
1000
1000
1000
1000
1000
1000
1000
1000
1000
1000
1000
1000
1000
1000
1000
1000
1000
1000
1000
1000
1000
1000
1000
1000
1000
1000
1000
1000
1000
1000
1000
1000
1000
1000
1000
1000
1000
1000
1000
1000
1000
1000
1000
1000
1000
1000
1000
1000
1000
1000
1000
1000
1000
1000
1000
1000
1000
1000
1000
1000
1000
1000
1000
1000
1000
1000
1000
1000
1000
1000
1000
1000
1000
1000
1000
1000
1000
1000
1000
1000
1000
1000
1000
1000
1000
1000
1000
1000
1000
1000
1000
1000
1000
1000
1000
1000
1000
1000
1000
1000
1000
1000
1000
1000
1000
1000
1000
1000
1000
1000
1000
1000
1000
1000
1000
1000
1000
1000
1000
1000
1000
1000
1000
1000
1000
1000
1000
1000
1000
1000
1000
1000
1000
1000
1000
1000
1000
1000
1000
1000
1000
1000
1000
1000
1000
1000
1000
1000
1000
1000
1000
1000
1000
1000
1000
1000
1000
1000
1000
1000
1000
1000
1000
1000
1000
1000
1000
1000
1000
1000
1000
1000
1000
1000
1000
1000
1000
1000
1000
1000
1000
1000
1000
1000
1000
1000
1000
1000
1000
1000
1000
1000
1000
1000
1000
1000
1000
1000
1000
1000
1000
1000
1000
1000
1000
1000
1000
1000
1000
1000
1000
1000
1000
1000
1000
1000
1000
1000
1000
1000
1000
1000
1000
1000
1000
1000
1000
1000
1000
1000
1000
1000
1000
1000
1000
1000
1000
1000
1000
1000
1000
1000
1000
1000
1000
1000
1000
1000
1000
1000
1000
1000
1000
1000
1000
1000
1000
1000
1000
1000
1000
1000
1000
1000
1000
1000
1000
1000
1000
1000
1000
1000
1000
1000
1000
1000
1000
1000
1000
1000
1000
1000
1000
1000
1000
1000
1000
1000
1000
1000
1000
1000
1000
1000
1000
1000
1000
1000
1000
1000
1000
1000
1000
1000
1000
1000
1000
1000
1000
1000
1000
1000
1000
1000
1000
1000
1000
1000
1000
1000
1000
1000
1000
1000
1000
1000
1000
1000
1000
1000
1000
1000
1000
1000
1000
1000
1000
1000
1000
1000
1000
1000
1000
1000
1000
1000
1000
1000
1000
1000
1000
1000
1000
1000
1000
1000
1000
1000
1000
1000
1000
1000
1000
1000
1000
1000
1000
1000
1000
1000
1000
1000
1000
1000
1000
1000
1000
1000
1000
1000
1000
1000
1000
1000
1000
1000
1000
1000
1000
1000
1000
1000
1000
1000
1000
1000
1000
1000
1000
1000
1000
1000
1000
1000
1000
1000
1000
1000
1000
1000
1000
1000
1000
1000
1000
1000
1000
1000
1000
1000
1000
1000
1000
1000
1000
1000
1000
1000
1000
1000
1000
1000
1000
1000
1000
1000
1000
1000
1000
1000
1000
1000
1000
1000
1000
1000
1000
999.998
999.984
999.97
1000
1000
999.996
999.988
999.978
999.861
999.722
999.865
1000
1000
999.973
999.787
999.716
999.716
999.722
999.979
1000
1000
999.994
999.991
999.981
999.891
999.853
999.987
1000
1000
1000
1000
1000
1000
1000
1000
1000
1000
1000
1000
1000
1000
1000
1000
1000
1000
1000
1000
1000
1000
1000
1000
1000
1000
1000
1000
1000
1000
1000
1000
1000
1000
1000
1000
999.998
999.985
999.965
999.955
1000
1000
1000
1000
999.95
999.759
999.722
999.807
1000
1000
1000
1000
1000
1000
1000
999.993
1000
1000
1000
1000
1000
1000
1000
1000
1000
1000
1000
1000
1000
1000
1000
1000
1000
1000
1000
1000
1000
1000
1000
1000
1000
1000
1000
1000
1000
1000
1000
1000
1000
1000
1000
1000
1000
1000
1000
1000
1000
1000
1000
1000
1000
1000
999.942
999.953
1000
1000
1000
1000
1000
1000
999.998
999.998
1000
1000
1000
1000
1000
1000
1000
1000
1000
1000
1000
1000
1000
1000
1000
1000
1000
1000
1000
1000
1000
1000
1000
1000
1000
1000
1000
1000
1000
1000
1000
1000
1000
1000
1000
1000
1000
1000
1000
1000
1000
1000
1000
1000
1000
1000
1000
1000
1000
1000
1000
1000
1000
1000
1000
1000
1000
1000
1000
1000
1000
1000
1000
1000
1000
1000
1000
1000
1000
1000
1000
1000
1000
1000
1000
1000
1000
1000
1000
1000
1000
1000
1000
1000
1000
1000
1000
1000
1000
1000
1000
1000
1000
1000
1000
1000
1000
1000
1000
1000
1000
1000
1000
1000
1000
1000
1000
1000
1000
1000
1000
1000
1000
1000
1000
1000
1000
1000
1000
1000
1000
1000
1000
1000
1000
1000
1000
1000
1000
1000
1000
1000
1000
1000
1000
1000
1000
1000
1000
1000
1000
1000
1000
1000
1000
1000
1000
1000
1000
1000
1000
1000
1000
1000
1000
1000
1000
1000
1000
1000
1000
1000
1000
1000
1000
1000
1000
1000
1000
1000
1000
1000
1000
1000
1000
1000
1000
1000
1000
1000
1000
1000
1000
1000
1000
1000
1000
1000
1000
1000
1000
1000
1000
1000
1000
1000
1000
1000
1000
1000
1000
1000
1000
1000
1000
1000
1000
1000
1000
1000
1000
1000
1000
1000
1000
1000
1000
1000
1000
1000
1000
1000
1000
1000
1000
1000
1000
1000
1000
1000
1000
1000
1000
1000
1000
1000
1000
1000
1000
1000
1000
1000
1000
1000
1000
1000
1000
1000
1000
1000
1000
1000
1000
1000
1000
1000
1000
1000
1000
1000
1000
1000
1000
1000
1000
1000
1000
1000
1000
1000
1000
1000
1000
1000
1000
1000
1000
1000
1000
1000
1000
1000
1000
1000
1000
1000
1000
1000
1000
1000
1000
1000
1000
1000
1000
1000
1000
1000
1000
1000
1000
1000
1000
1000
1000
1000
1000
1000
1000
1000
1000
1000
1000
1000
1000
1000
1000
1000
1000
1000
1000
1000
1000
1000
1000
1000
1000
1000
1000
1000
1000
1000
1000
1000
1000
1000
1000
1000
1000
1000
1000
1000
1000
1000
1000
1000
1000
1000
1000
1000
1000
1000
1000
1000
1000
1000
1000
1000
1000
1000
1000
1000
1000
1000
1000
1000
1000
1000
1000
1000
1000
1000
1000
1000
1000
1000
1000
1000
1000
1000
1000
1000
1000
1000
1000
1000
1000
1000
1000
1000
1000
1000
1000
1000
1000
1000
1000
1000
1000
1000
1000
1000
1000
1000
1000
1000
1000
1000
1000
1000
1000
1000
1000
1000
1000
1000
1000
1000
1000
1000
1000
1000
1000
1000
1000
1000
1000
1000
1000
1000
1000
1000
1000
1000
1000
1000
1000
1000
1000
1000
1000
1000
1000
1000
1000
1000
1000
1000
1000
1000
1000
1000
1000
1000
1000
1000
1000
1000
1000
1000
1000
1000
1000
1000
999.984
999.868
1000.01
1000.04
1000
999.999
1000
999.991
996.509
846.646
671.924
996.441
1000
1000
1000.03
686.424
14.7931
6.85403
714.386
1000.01
1000
973.374
326.6
5.90859
7.13998
368.699
993.931
1000
997.761
514.277
5.66581
5.75811
425.737
996.622
1000
1000
967.859
546.343
332.026
926.887
1000
1000
1000
1000
998.865
974.619
1000
1000
1000
999.983
999.923
999.992
999.997
999.998
999.996
1000
999.994
995.907
866.882
724.799
995.451
1000
1000
1000.01
714.864
45.7386
6.23216
800.449
1000.01
1000
964.456
297.249
5.54939
5.64119
484.3
997.444
1000
995.571
490.153
5.52432
5.54626
556.515
999.659
1000
1000
956.471
527.457
333.017
934.589
1000
1000
1000
1000
997.911
974.565
1000
1000
1000
999.982
999.919
999.984
999.984
999.996
999.995
1000
999.998
997.534
922.568
848.737
997.825
1000
1000
999.994
774.28
151.763
56.4583
881.325
999.998
1000
970.453
318.072
5.47957
5.50994
592
999.888
1000
997.886
532.358
5.5034
5.5268
679.465
999.988
1000
999.999
959.82
584.283
412.933
956.847
1000
1000
1000
999.998
999.632
987.896
999.999
1000
1000
999.981
999.907
999.992
999.995
999.997
999.997
1000
999.994
999.482
979.115
959.427
999.718
1000
1000
999.989
856.094
359.312
271.748
960.022
1000
1000
989.109
426.343
5.47957
5.47957
754.406
999.989
1000
999.874
653.636
21.7716
7.35769
842.55
999.997
1000
999.998
972.082
726.058
624.093
985.928
999.997
1000
1000
999.998
999.947
999.633
999.991
1000
1000
999.982
999.925
999.998
999.998
999.999
1000
1000
999.998
999.953
999.173
998.065
999.991
1000
1000
1000
929.475
641.289
613.648
997.877
999.999
1000
999.715
653.9
9.03956
63.3243
945.393
999.962
1000
1000.01
789.531
142.942
152.655
979.198
999.963
1000
999.999
986.239
864.245
836.166
998.436
1000
1000
1000
1000
999.991
999.985
999.975
999.986
999.998
999.988
999.96
999.999
1000
1000
1000
1000
1000
1000
999.998
999.998
1000
1000
1000
999.998
963.134
831.685
828.104
1000
1000
1000
999.984
829.729
104.996
292.055
999.99
1000.01
1000
1000
874.022
304.872
420.618
999.996
1000
1000
999.999
993.385
937.07
927.925
999.007
1000
999.999
1000
1000
999.975
999.973
999.977
999.967
999.979
999.994
999.995
1000
1000
1000
1000
1000
1000
1000
999.999
1000
999.631
1000
1000
1000
969.352
889.071
875.436
1000
1000
1000
1000
873.686
224.542
490.215
999.999
1000
1000
1000
892.436
387.231
572.892
1000
1000
1000
1000
993.94
954.813
944.014
998.132
1000
1000
1000
1000
1000
1000
999.979
999.974
999.98
999.999
1000
1000
1000
1000
1000
999.999
1000
999.783
999.999
996.64
997.453
1000
1000
996.488
948.549
880.731
856.634
989.746
1000
1000
999.687
854.861
262.539
513.902
999.879
1000
1000.01
998.635
873.68
402.286
584.913
1000
1000
1000
998.641
971.472
941.053
921.441
984.801
1000
1000
1000
1000
999.443
996.057
999.983
999.995
1000
1000
1000.01
1000
1000
1000
1000
999.999
1000
966.797
937.178
927.099
987.668
1000
1000
943.241
752.852
774.864
670.327
878.104
1000
1000
881.901
734.373
257.852
473.664
916.944
976.5
1000.01
885.548
733.673
400.669
543.391
908.133
985.796
1000
961.698
777.831
808.444
711.14
888.334
1000
1000
1000
977.68
934.858
935.676
995.627
1000
1000
1000
1000.01
1000
1000
1000
1000
999.999
989.817
792.919
652.417
671.044
938.388
1000
1000
717.837
314.32
405.965
240.555
539.696
972.242
1000
468.822
337.13
183.576
325.243
497.249
845.588
1000.02
493.986
259.06
331.707
294.242
477.367
879.813
1000
777.297
333.12
337.511
253.317
589.45
987.289
1000
996.214
823.656
654.264
700.85
960.979
999.999
999.998
1000
1000.02
993.088
999.007
1000
1000
1000
975.847
691.117
474.97
567.742
918.268
1000
1000
590.76
103.228
83.8107
92.5578
405.473
949.346
1000
231.921
61.6286
55.558
73.8628
134.215
760.264
1000.01
272.631
65.6549
74.9135
67.9796
159.654
811.33
1000.01
657.97
107.465
72.8297
90.5383
470.42
972.269
1000
986.791
715.566
461.656
593.425
943.667
999.996
999.998
1000
1000
1000
1000
1000
1000
1000
1000
1000
1000
1000
1000
1000
1000
1000
1000
1000
1000
1000
1000
1000
1000
1000
1000
1000
1000
1000
1000
1000
1000
1000
1000
1000
1000
1000
1000
1000
1000
1000
1000
1000
1000
1000
1000
1000
1000
1000
1000
1000
1000
1000
1000
1000
1000
1000
1000
1000
1000
1000
1000
1000
1000
1000
1000
1000
1000
1000
1000
1000
1000
1000
1000
1000
1000
1000
1000
1000
1000
1000
1000
1000
1000
1000
1000
1000
1000
1000
1000
1000
1000
1000
1000
1000
1000
1000
1000
1000
1000
1000
1000
1000
1000
1000
1000
1000
1000
1000
999.998
999.999
1000
1000
1000
1000
1000
1000
1000
1000
1000
1000
1000
1000
1000
1000
1000
1000
1000
1000
1000
1000
1000
1000
1000
1000
1000
1000
1000
1000
1000
1000
1000
1000
1000
1000
1000
1000
1000
1000
1000
1000
1000
1000
1000
1000
1000
1000
1000
1000
1000
1000
1000
1000
1000
1000
999.991
999.999
1000
1000
1000
1000
1000
1000
1000
1000
1000
1000
1000
1000
1000
1000
1000
1000
1000
1000
1000
1000
1000
1000
1000
1000
1000
1000
1000
1000
1000
1000
1000
1000
1000
1000
1000
1000
1000
1000
1000
1000
1000
1000
1000
1000
1000
1000
1000
1000
1000
1000
1000
1000
1000
1000
999.992
999.999
1000
1000
1000
1000
1000
1000
1000
1000
1000
1000
1000
1000
1000
1000
1000
1000
1000
1000
1000
1000
1000
1000
1000
1000
1000
1000
1000
1000
1000
1000
1000
1000
1000
1000
1000
1000
1000
1000
1000
1000
1000
1000
1000
1000
1000
1000
1000
1000
1000
1000
1000
1000
1000
1000
999.995
999.999
1000
1000
1000
1000
1000
1000
1000
1000
1000
1000
1000
1000
1000
1000
1000
1000
1000
1000
1000
1000
1000
1000
1000
1000
1000
1000
1000
1000
1000
1000
1000
1000
1000
1000
1000
1000
1000
1000
1000
1000
1000
1000
1000
1000
1000
1000
1000
1000
1000
1000
1000
1000
1000
1000
999.999
1000
1000
1000
1000
1000
1000
1000
1000
1000
1000
1000
1000
1000
1000
1000
1000
1000
1000
1000
1000
1000
1000
1000
1000
1000
1000
1000
1000
1000
1000
1000
1000
1000
1000
1000
1000
1000
1000
1000
1000
1000
1000
1000
1000
1000
1000
1000
1000
1000
1000
1000
1000
1000
999.996
999.995
999.999
999.998
999.998
999.999
1000
1000
1000
1000
1000
1000
1000
1000
1000
1000
1000
1000
1000
1000
1000
1000
1000
1000
1000
1000
1000
1000
1000
1000
1000
1000
1000
1000
1000
1000
1000
1000
1000
1000
1000
1000
1000
1000
1000
1000
1000
1000
1000
1000
1000
1000
1000
1000
1000
1000
999.991
999.967
999.97
999.99
999.997
999.998
1000
1000
1000
1000
1000
1000
1000
1000
1000
1000
1000
1000
1000
1000
1000
1000
1000
1000
1000
1000
1000
1000
1000
1000
1000
1000
1000
1000
1000
1000
1000
1000
1000
1000
1000
1000
1000
1000
1000
1000
1000
1000
1000
1000
1000
1000
1000
1000
1000
1000
999.99
999.955
999.946
999.983
999.997
999.998
1000
1000
1000
1000
1000
1000
1000
1000
1000
1000
1000
1000
1000
1000
1000
1000
1000
1000
1000
1000
1000
1000
1000
1000
1000
1000
1000
1000
1000
1000
1000
1000
1000
1000
1000
1000
1000
1000
1000
1000
1000
1000
1000
1000
1000
1000
1000
1000
1000
999.988
999.991
999.96
999.95
999.985
999.998
999.998
1000
1000
1000
1000
1000
1000
1000
1000
1000
1000
1000
1000
1000
1000
1000
1000
1000
1000
1000
1000
1000
1000
1000
1000
1000
1000
1000
1000
1000
1000
1000
1000
1000
1000
1000
1000
1000
1000
1000
1000
1000
1000
1000
1000
1000
1000
1000
1000
1000
999.974
999.989
999.978
999.971
999.994
999.998
999.999
1000
1000
1000
999.999
999.998
999.999
1000
1000
1000
1000
1000
999.999
999.816
999.605
999.964
1000
1000
1000
1000
1000
999.862
999.463
999.588
1000
1000
1000
999.996
999.95
999.933
999.972
1000
999.999
999.989
1000
999.999
999.386
998.445
999.886
1000
999.999
999.941
999.991
999.994
999.989
999.963
999.926
999.933
1000
999.989
1000
1000
1000
999.986
999.958
999.992
1000
1000
1000
1000
999.999
999.999
1000
1000
1000
1000
1000
1000
1000
999.931
999.861
999.958
999.999
1000
1000
1000
1000
999.979
999.624
999.542
999.995
1000
999.997
999.998
999.961
999.949
999.969
1000
1000
1000
1000
999.999
999.394
998.443
998.936
999.945
999.973
999.373
999.993
999.938
999.943
999.917
999.914
999.94
999.955
999.937
1000
999.999
1000
999.999
999.997
1000
1000
1000
1000
1000
1000
1000
1000
1000
1000
1000
1000
1000
1000
999.983
999.97
999.97
999.998
1000
999.999
1000
1000
999.996
999.844
999.801
999.983
1000
999.993
999.999
999.968
999.968
999.976
1000
1000
1000
1000
999.999
999.508
998.438
998.433
998.704
998.684
999.051
999.998
999.933
999.802
999.751
999.751
999.731
999.712
999.747
1000
999.998
999.996
1000
1000
1000
1000
999.998
1000
1000
1000
1000
1000
1000
1000
1000
1000
1000
1000
999.996
999.999
999.992
999.998
999.991
1000
1000
1000
999.998
999.996
1000
999.986
999.999
999.996
999.999
999.972
999.971
999.977
999.996
1000
1000
1000
1000
999.769
998.551
998.433
998.433
998.498
999.59
1000
999.957
999.785
999.499
999.16
999.26
999.526
999.711
1000
999.997
999.987
999.988
999.994
999.997
999.998
999.986
1000
1000
1000
1000
1000
1000
1000
999.998
1000
1000
1000
1000
1000
1000
999.999
999.989
1000
1000
1000
999.999
999.999
1000
999.999
999.999
1000
999.999
999.98
999.968
999.973
999.981
999.992
999.962
1000
1000
999.962
999.342
998.505
998.434
999.236
999.967
1000
999.992
999.845
999.516
999.145
999.305
999.603
999.841
1000
999.997
999.985
999.974
999.979
999.993
999.991
999.971
1000
1000
1000
1000
1000
1000
1000
999.996
1000
1000
1000
1000
1000
1000
999.994
999.989
1000.01
1000
1000
999.998
999.997
999.999
999.999
999.998
1000
1000
999.994
999.968
999.954
999.968
999.987
999.909
1000
1000
999.997
999.929
999.544
999.47
999.934
999.99
1000
1000
999.946
999.764
999.714
999.752
999.842
999.974
1000
999.999
999.99
999.977
999.982
999.997
999.978
999.973
1000
1000
1000
1000
1000
1000
999.998
999.996
1000
1000
1000
1000
1000
999.993
999.984
999.993
1000.01
1000
1000
999.998
999.996
999.999
999.999
999.996
1000
1000
999.999
999.982
999.957
999.979
999.987
999.908
1000.01
1000
999.998
999.999
999.998
999.999
999.999
999.99
1000
1000
999.996
999.993
999.994
999.988
999.948
999.996
1000
999.999
999.995
999.99
999.993
999.994
999.94
999.983
1000
1000
1000
1000
999.999
999.998
999.995
999.998
1000
1000
1000
1000
999.991
999.981
999.984
999.999
1000.01
1000
1000
999.999
999.998
999.999
999.998
999.994
1000
1000
1000
999.997
999.996
999.999
999.975
999.908
1000
1000
999.999
999.999
999.999
999.999
999.999
999.99
1000
1000
999.999
999.986
999.94
999.89
999.927
1000
1000
999.996
999.989
999.99
999.979
999.891
999.937
999.996
1000
1000
1000
1000
999.998
999.994
999.995
1000
1000
1000
1000
999.994
999.981
999.981
999.989
1000
1000
1000
1000
1000
1000
999.999
999.994
999.994
999.361
1000
1000
1000
1000
999.994
999.9
999.921
1000.02
1000
999.999
999.998
999.999
999.999
999.987
999.992
1000
1000
999.988
999.902
999.861
999.861
999.922
1000
1000
999.996
999.985
999.975
999.893
999.861
999.948
1000
1000
1000
1000
1000
999.998
999.992
999.996
1000
1000.03
1000
1000
999.986
999.981
999.982
999.997
1000
965.804
1000
1000
1000
1000
999.996
999.989
999.995
940.349
1000
1000
1000
1000
999.941
999.882
999.969
1000
1000
999.998
999.996
999.998
999.998
999.977
999.996
1000
1000
999.944
999.86
999.861
999.861
999.958
1000
999.999
999.997
999.988
999.946
999.861
999.886
999.98
1000
1000
1000
1000
999.999
999.996
999.995
999.999
1000
1000.07
1000
1000
999.983
999.981
999.991
1000
1000
922.988
1000
1000
1000
999.998
999.992
999.987
999.998
880.755
1000
1000
1000
999.991
999.883
999.882
999.993
998.92
1000
999.998
999.993
999.993
999.963
999.979
1000
1000
1000
999.919
999.86
999.86
999.909
999.995
1000
1000
999.998
999.992
999.946
999.894
999.964
999.998
1000
999.978
999.999
1000
1000
1000
1000
1000
1000
999.744
1000
1000
999.999
1000
1000
1000
1000
999.986
999.436
998.73
999.638
1000
1000
1000
1000
999.997
999.893
999.928
999.99
1000
1000
1000
1000
999.955
999.898
1000
1000
1000
1000
1000
1000
999.993
999.986
999.982
1000
1000
1000
1000
1000
1000
1000
1000
1000
1000
1000
1000
1000
999.974
999.999
1000
1000
1000
1000
1000
1000
999.677
999.999
1000
1000
1000
1000
1000
1000
999.985
999.702
998.73
999.222
1000
1000
1000
1000
999.986
999.892
999.905
999.973
1000
1000
1000
1000
999.926
999.9
999.997
1000
1000
1000
1000
1000
999.988
999.992
1000
1000
1000
1000
1000
1000
1000
1000
1000
1000
1000
1000
1000
1000
999.964
999.999
1000
1000
1000
1000
1000
1000
999.663
999.996
1000
1000
1000
1000
1000
1000
999.989
999.845
998.791
998.901
999.998
1000
1000
1000
999.987
999.905
999.905
999.949
1000
1000
1000
1000
999.906
999.899
999.983
1000
1000
1000
1000
1000
999.979
999.991
1000
1000
1000
1000
1000
1000
1000
1000
1000
1000
1000
1000
1000
1000
999.948
999.998
1000
1000
1000
1000
1000
1000
999.663
999.915
1000
1000
1000
1000
1000
1000
999.99
999.921
999.076
998.925
999.997
1000
1000
1000
999.992
999.934
999.91
999.948
999.999
1000
1000
1000
999.906
999.899
999.926
999.997
1000
1000
1000
1000
999.968
999.971
999.999
1000
1000
1000
1000
1000
1000
1000
1000
1000
1000
1000
1000
1000
999.932
999.994
1000
1000
1000
1000
1000
1000
999.663
999.703
999.997
1000
1000
1000
1000
1000
999.99
999.957
999.64
999.579
1000
1000
1000
1000
999.992
999.961
999.913
999.956
999.999
1000
1000
1000
999.924
999.899
999.899
999.954
1000
1000
1000
1000
999.972
999.938
999.958
999.993
1000
1000
1000
1000
1000
1000
1000
1000
1000
1000
1000
1000
999.932
999.984
1000
1000
1000
1000
1000
999.999
999.663
999.663
999.958
1000
1000
1000
1000
1000
999.98
999.958
999.986
1000
1000
1000
1000
1000
999.996
999.985
999.964
999.966
999.998
1000
1000
1000
999.964
999.899
999.899
999.903
999.999
1000
1000
1000
999.988
999.941
999.902
999.975
999.999
1000
1000
1000
1000
1000
1000
1000
999.999
1000
1000
1000
999.942
999.978
999.998
1000
1000
999.999
999.998
999.998
999.736
999.665
999.918
1000
1000
1000
1000
1000
999.943
999.842
999.986
1000
999.974
1000
1000
1000
999.999
999.996
999.988
999.976
999.997
1000
1000
1000
999.997
999.928
999.899
999.933
999.997
1000
1000
1000
999.998
999.966
999.936
999.972
999.998
1000
1000
1000
1000
1000
1000
999.999
999.999
1000
1000
1000
999.974
999.982
999.998
1000
1000
999.997
999.995
999.998
999.915
999.676
999.929
1000
1000
1000
1000
1000
999.942
999.701
999.898
999.966
999.969
1000
1000
1000
1000
1000
999.993
999.987
999.993
1000
1000
1000
1000
999.988
999.964
999.989
999.997
1000
1000
1000
999.999
999.996
999.993
999.988
999.998
1000
1000
1000
999.999
999.999
1000
999.999
1000
1000
1000
1000
999.997
999.995
999.999
1000
999.999
999.994
999.995
999.999
999.989
999.897
999.925
999.978
1000
1000
1000
1000
999.977
999.807
999.811
999.859
999.972
1000
1000
1000
1000
1000
999.993
999.987
999.992
1000
1000
1000
1000
1000
1000
1000
999.999
1000
1000
1000
1000
1000
1000
1000
999.999
1000
1000
1000
999.998
999.998
999.998
999.999
1000
1000
1000
1000
999.999
999.999
999.999
1000
999.999
999.995
999.996
1000
999.999
999.998
999.921
999.962
1000
1000
1000
1000
1000
999.981
999.849
999.848
999.978
1000
1000
1000
1000
1000
999.995
999.989
999.993
1000
1000
1000
1000
1000
999.999
999.999
1000
1000
1000
1000
1000
1000
1000
1000
1000
1000
1000
1000
999.998
999.998
999.998
999.999
1000
1000
1000
1000
999.999
999.999
999.998
1000
999.999
999.996
999.999
1000
999.998
999.998
999.93
999.971
1000
1000
1000
1000
999.999
999.998
999.947
999.928
999.993
1000
1000
1000
1000
1000
999.996
999.994
999.998
1000
1000
1000
1000
1000
999.999
999.998
1000
1000
1000
1000
1000
1000
1000
1000
1000
1000
1000
1000
999.998
999.998
999.999
1000
1000
1000
1000
1000
999.886
999.673
999.659
999.938
999.991
999.984
999.997
1000
999.843
998.32
998.316
998.802
999.998
1000
1000
999.996
999.961
999.648
999.267
998.868
999.573
999.999
1000
999.998
1000
999.965
999.867
999.864
999.983
999.996
999.964
999.897
999.951
999.914
999.978
999.95
999.413
999.321
1000
1000
999.7
999.515
999.917
1000
999.989
999.983
1000
1000
1000
1000
1000
1000
1000
1000
1000
1000
999.932
999.708
999.581
999.832
999.999
999.994
999.996
1000
999.87
998.414
998.316
999.045
999.972
999.999
999.987
999.977
999.963
999.654
998.941
998.837
999.803
999.999
999.999
999.8
999.982
999.974
999.894
999.857
999.953
999.997
999.999
999.99
999.907
999.896
999.978
999.946
999.414
999.708
1000
1000
999.737
999.515
999.808
1000
999.991
999.987
1000
1000
999.999
1000
1000
1000
1000
1000
1000
1000
999.96
999.799
999.656
999.842
999.999
999.999
999.999
999.999
999.821
998.51
998.33
999.579
999.848
999.799
999.818
999.933
999.959
999.702
998.998
998.823
999.323
999.74
999.562
999.355
999.978
999.983
999.92
999.864
999.906
999.995
1000
999.979
999.913
999.877
999.976
999.944
999.49
999.853
1000
1000
999.833
999.515
999.592
999.997
999.995
999.992
1000
1000
999.999
1000
1000
1000
1000
1000
1000
1000
999.99
999.864
999.751
999.885
1000
1000
1000
999.991
999.471
998.499
998.76
999.789
999.776
999.601
999.733
999.826
999.912
999.783
999.254
998.821
998.821
998.82
998.838
999.527
999.991
999.985
999.936
999.894
999.896
999.97
999.977
999.972
999.982
999.884
999.972
999.946
999.727
999.846
999.998
1000
999.957
999.563
999.566
999.995
999.997
999.995
1000
1000
999.999
1000
1000
1000
1000
1000
1000
1000
1000
999.899
999.793
999.898
1000
1000
1000
999.974
998.853
998.499
998.895
999.812
999.814
999.658
999.836
999.791
999.806
999.824
999.671
998.822
998.821
998.821
999.074
999.866
999.999
999.991
999.946
999.918
999.896
999.904
999.916
999.987
999.999
999.922
999.97
999.966
999.944
999.886
999.993
1000
999.979
999.773
999.691
999.999
999.999
999.998
1000
1000
999.999
999.999
1000
1000
1000
1000
1000
1000
1000
999.93
999.856
999.92
1000
1000
999.992
999.968
998.657
998.499
998.922
999.857
999.929
999.87
999.908
999.791
999.776
999.817
999.923
999.351
998.84
999.048
999.776
999.875
1000
999.995
999.968
999.931
999.894
999.88
999.918
999.955
999.999
999.968
999.975
999.996
1000
999.983
999.994
1000
999.959
999.592
999.931
1000
1000
1000
1000
1000
999.999
999.996
999.999
1000
1000
1000
1000
1000
999.878
999.839
999.921
999.984
1000
1000
999.898
999.974
998.724
998.501
999.079
999.944
999.998
999.992
999.753
999.802
999.831
999.795
999.959
999.938
999.803
999.864
999.988
999.78
1000
999.999
999.993
999.958
999.9
999.921
999.974
999.807
1000.01
999.993
999.994
1000
1000
1000
999.997
1000
999.916
999.585
999.931
1000
1000
1000
1000
999.999
999.996
999.987
999.997
1000
1000
1000
1000
1000
999.597
999.052
999.783
999.994
999.998
999.913
999.851
999.991
998.86
998.506
999.144
999.997
999.998
999.912
999.667
999.902
999.94
999.785
999.96
999.997
999.997
999.995
999.991
999.745
1000.01
1000
999.995
999.979
999.98
999.994
999.997
999.745
1000.01
999.997
999.999
1000
1000
1000
999.998
999.764
999.985
999.612
999.55
1000
1000
1000
1000
999.993
999.995
999.976
999.989
999.996
999.999
1000
1000
1000
999.623
998.686
998.904
999.607
999.834
999.772
999.887
1000
999.018
998.513
998.945
999.938
999.997
999.578
999.667
999.986
1000
999.793
999.949
999.997
999.997
999.995
999.832
999.861
1000.04
1000
999.996
999.98
999.997
1000
1000
999.792
1000
999.987
999.866
999.961
999.999
1000
999.998
999.41
1000
999.733
999.331
999.849
999.997
1000
999.999
999.973
999.997
999.968
999.967
999.985
999.997
1000
1000
1000
999.795
998.991
998.561
999.003
999.695
999.803
999.957
1000
999.265
998.518
998.554
999.101
999.182
999.448
999.793
1000
1000
999.827
999.91
999.992
999.994
999.863
999.685
999.965
1000
999.999
999.996
999.979
999.995
999.989
999.876
999.909
999.845
999.997
999.597
999.346
999.847
1000
999.996
999.408
1000
999.959
999.329
999.273
999.9
1000
999.999
999.895
1000
999.973
999.939
999.959
999.993
1000
1000
1000
999.937
999.575
999.014
999.184
999.719
999.908
999.997
1000
999.669
998.696
998.556
998.557
998.977
999.645
999.963
1000
999.995
999.861
999.861
999.971
999.914
999.651
999.685
999.995
999.707
999.999
999.996
999.978
999.995
999.775
999.723
999.948
988.763
999.997
999.446
999.236
999.395
999.98
999.965
999.408
1000.03
999.977
999.363
999.235
999.678
1000
999.996
999.774
1000
999.987
999.908
999.915
999.989
1000
1000
1000
1000
1000
1000
1000
1000
1000
1000
1000
1000
1000
1000
1000
1000
1000
1000
1000
1000
1000
1000
1000
1000
1000
1000
1000
1000
1000
1000
1000
1000
1000
1000
1000
1000
1000
1000
1000
1000
1000
1000
1000
1000
1000
1000
1000
1000
1000
1000
1000
1000
1000
1000
1000
1000
1000
1000
1000
1000
1000
1000
1000
1000
1000
1000
1000
1000
1000
1000
1000
1000
1000
1000
1000
1000
1000
1000
1000
1000
1000
1000
1000
1000
1000
1000
1000
1000
1000
1000
1000
1000
1000
1000
1000
1000
1000
1000
1000
1000
1000
1000
1000
1000
1000
1000
1000
1000
1000
1000
1000
1000
1000
1000
1000
1000
1000
1000
1000
1000
1000
1000
1000
1000
1000
1000
1000
1000
1000
1000
1000
1000
1000
1000
1000
1000
1000
1000
1000
1000
1000
1000
1000
1000
1000
1000
1000
1000
1000
1000
1000
1000
1000
1000
1000
1000
1000
1000
1000
1000
1000
1000
1000
1000
1000
1000
1000
1000
1000
1000
1000
1000
1000
1000
1000
1000
1000
1000
1000
1000
1000
1000
1000
1000
1000
1000
1000
1000
1000
1000
1000
1000
1000
1000
1000
1000
1000
1000
1000
1000
1000
1000
1000
1000
1000
1000
1000
1000
1000
1000
1000
1000
1000
1000
1000
1000
1000
1000
1000
1000
1000
1000
1000
1000
1000
1000
1000
1000
1000
1000
1000
1000
1000
1000
1000
1000
1000
1000
1000
1000
1000
1000
1000
1000
1000
1000
1000
1000
1000
1000
1000
1000
1000
1000
1000
1000
1000
1000
1000
1000
1000
1000
1000
1000
1000
1000
1000
1000
1000
1000
1000
1000
1000
1000
1000
1000
1000
1000
1000
1000
1000
1000
1000
1000
1000
1000
1000
1000
1000
1000
1000
1000
1000
1000
1000
1000
1000
1000
1000
1000
1000
1000
1000
1000
1000
1000
1000
1000
1000
1000
1000
1000
1000
1000
1000
1000
1000
1000
1000
1000
1000
1000
1000
1000
1000
1000
1000
1000
1000
1000
1000
1000
1000
1000
1000
1000
1000
1000
1000
1000
1000
1000
1000
1000
1000
1000
1000
1000
1000
1000
1000
1000
1000
1000
1000
1000
1000
1000
1000
1000
1000
1000
1000
1000
1000
1000
1000
1000
1000
1000
1000
1000
1000
1000
1000
1000
1000
1000
1000
1000
1000
1000
1000
1000
1000
1000
1000
1000
1000
1000
1000
1000
1000
1000
1000
1000
1000
1000
1000
1000
1000
1000
1000
1000
1000
1000
1000
1000
1000
1000
1000
1000
1000
1000
1000
1000
1000
1000
1000
1000
1000
1000
1000
1000
1000
1000
1000
1000
1000
1000
1000
1000
1000
1000
1000
1000
1000
1000
1000
1000
1000
1000
1000
1000
1000
1000
1000
1000
1000
1000
1000
1000
1000
1000
1000
1000
1000
1000
1000
1000
1000
1000
1000
1000
1000
1000
1000
1000
1000
1000
1000
1000
1000
1000
1000
1000
1000
1000
1000
1000
1000
1000
1000
1000
1000
1000
1000
1000
1000
1000
1000
1000
1000
1000
1000
1000
1000
1000
1000
1000
1000
1000
1000
1000
1000
1000
1000
1000
1000
1000
1000
1000
1000
1000
1000
1000
1000
1000
1000
1000
1000
1000
1000
1000
1000
1000
1000
1000
1000
1000
1000
1000
1000
1000
1000
1000
1000
1000
1000
1000
1000
1000
1000
1000
1000
1000
1000
1000
1000
1000
1000
1000
1000
1000
1000
1000
1000
1000
1000
1000
1000
1000
1000
1000
1000
1000
1000
1000
1000
1000
1000
1000
1000
1000
1000
1000
1000
1000
1000
1000
1000
1000
1000
1000
1000
1000
1000
1000
1000
1000
1000
1000
1000
1000
1000
1000
1000
1000
1000
1000
1000
1000
1000
1000
1000
1000
1000
1000
1000
1000
1000
1000
1000
1000
1000
1000
1000
1000
1000
1000
1000
1000
1000
1000
1000
1000
1000
999.998
999.996
999.98
999.954
999.937
999.92
999.91
999.844
999.994
999.957
999.76
999.477
999.243
999.229
999.279
999.142
999.996
999.992
999.976
999.976
999.992
999.981
999.873
999.782
999.556
999.59
999.99
999.99
999.999
999.853
999.43
999.275
999.845
999.799
999.967
999.988
999.999
999.96
999.845
999.81
1000
999.998
999.996
999.996
1000
1000
1000
1000
1000
1000
1000
1000
1000
1000
1000
1000
999.995
999.997
1000
1000
1000
999.984
999.921
999.815
999.942
999.996
1000
1000
999.985
999.344
998.81
998.81
999.969
999.994
999.997
999.982
999.967
999.97
999.952
999.952
999.556
999.612
999.945
999.988
999.961
999.753
999.61
999.363
999.979
999.992
999.996
999.999
999.994
999.95
999.923
999.948
1000
1000
1000
1000
1000
1000
1000
1000
1000
1000
1000
1000
1000
1000
1000
1000
1000
999.999
999.999
999.998
999.998
1000
999.998
999.931
999.887
999.953
999.978
999.986
999.979
999.993
999.643
998.81
999.525
999.691
999.921
999.994
999.983
999.938
999.901
999.664
999.873
999.94
999.975
999.994
999.929
999.709
999.611
999.896
1000
999.997
1000
1000
999.997
999.979
999.977
999.978
1000
1000
1000
1000
1000
1000
1000
1000
1000
1000
1000
1000
1000
1000
1000
1000
1000
1000
1000
999.999
999.998
1000
1000
1000
999.988
999.95
999.973
999.988
999.951
999.923
999.93
999.911
999.525
999.525
999.684
999.993
999.932
999.781
999.326
999.247
1000
999.994
999.979
999.986
999.932
999.894
999.647
999.499
1000
1000
1000
1000
999.999
1000
999.998
999.959
1000
1000
1000
1000
1000
1000
1000
1000
1000
1000
1000
1000
1000
1000
1000
1000
1000
1000
1000
1000
1000
1000
1000
999.997
1000
1000
999.999
999.998
999.985
999.975
999.917
999.811
999.966
999.833
999.943
999.864
999.664
999.654
999.506
999.247
999.998
999.991
999.996
999.98
999.959
999.965
999.866
999.467
1000
1000
1000
1000
1000
1000
999.999
999.962
1000
1000
1000
1000
1000
1000
1000
1000
1000
1000
1000
1000
1000
1000
1000
1000
1000
1000
1000
1000
1000
1000
1000
999.996
1000
1000
1000
1000
999.996
999.987
999.943
999.872
1000
1000
1000
999.988
999.704
999.439
999.439
999.768
1000
1000
1000
1000
999.996
999.979
999.898
999.831
1000
1000
1000
1000
1000
1000
1000
999.993
1000
1000
1000
1000
1000
1000
1000
1000
1000
1000
1000
1000
1000
1000
1000
1000
1000
1000
1000
1000
1000
1000
1000
1000
1000
1000
1000
1000
1000
999.999
999.987
999.974
1000
1000
1000
1000
1000
999.862
999.307
999.178
1000
1000
1000
1000
1000
999.998
999.982
999.971
1000
1000
1000
1000
1000
1000
1000
1000
1000
1000
1000
1000
1000
1000
1000
1000
1000
1000
1000
1000
1000
1000
1000
1000
1000
1000
1000
1000
1000
1000
1000
1000
1000
1000
1000
1000
1000
1000
1000
999.987
1000
1000
1000
1000
1000
1000
1000
999.518
1000
1000
1000
1000
1000
1000
1000
999.989
1000
1000
1000
1000
1000
1000
1000
1000
1000
1000
1000
1000
1000
1000
1000
1000
1000
1000
1000
1000
1000
1000
1000
1000
1000
1000
1000
1000
1000
1000
1000
1000
1000
1000
1000
1000
1000
1000
1000
1000
1000
1000
1000
1000
1000
1000
1000
1000
1000
1000
1000
1000
1000
1000
1000
1000
1000
1000
1000
1000
1000
1000
1000
1000
1000
1000
1000
1000
1000
1000
1000
1000
1000
1000
1000
1000
1000
1000
1000
1000
1000
1000
1000
1000
1000
1000
1000
1000
1000
1000
1000
1000
1000
1000
1000
1000
1000
1000
1000
1000
1000
1000
1000
1000
1000
1000
1000
1000
1000
1000
1000
1000
1000
1000
1000
1000
1000
1000
1000
1000
1000
1000
1000
1000
1000
1000
1000
1000
1000
1000
1000
1000
1000
1000
1000
1000
1000
1000
1000
1000
1000
1000
1000
1000
1000
1000
1000
1000
1000
1000
1000
1000
1000
1000
1000
1000
1000
1000
1000
1000
1000
1000
1000
1000
1000
1000
1000
1000
1000
1000
1000
1000
1000
1000
1000
1000
1000
1000
1000
1000
1000
1000
1000
1000
1000
1000
1000
1000
1000
1000
1000
1000
1000
1000
1000
1000
1000
1000
1000
1000
1000
1000
1000
1000
1000
1000
1000
1000
1000
1000
1000
1000
1000
1000
1000
1000
1000
1000
1000
1000
1000
1000
1000
1000
1000
1000
1000
1000
1000
1000
1000
1000
1000
1000
1000
1000
1000
1000
1000
1000
1000
1000
1000
999.999
999.998
999.997
1000
1000
999.986
1000
1000
999.989
999.899
999.805
999.797
999.797
999.888
1000
1000
999.998
999.993
999.991
999.994
999.995
999.969
1000
1000
1000
1000
1000
1000
1000
1000
1000
1000
1000
1000
1000
1000
1000
1000
1000
1000
1000
1000
1000
1000
1000
1000
1000
1000
1000
1000
1000
1000
1000
1000
1000
1000
1000
1000
1000
999.998
999.995
999.997
1000
1000
1000
1000
1000
999.92
999.791
999.785
1000
1000
1000
1000
1000
999.998
999.991
999.996
1000
1000
1000
1000
1000
1000
1000
1000
1000
1000
1000
1000
1000
1000
1000
1000
1000
1000
1000
1000
1000
1000
1000
1000
1000
1000
1000
1000
1000
1000
1000
1000
1000
1000
1000
1000
1000
1000
1000
1000
1000
1000
1000
1000
1000
1000
1000
999.988
1000
1000
1000
1000
1000
1000
1000
1000
1000
1000
1000
1000
1000
1000
1000
1000
1000
1000
1000
1000
1000
1000
1000
1000
1000
1000
1000
1000
1000
1000
1000
1000
1000
1000
1000
1000
1000
1000
1000
1000
1000
1000
1000
1000
1000
1000
1000
1000
1000
1000
1000
1000
1000
1000
1000
1000
1000
1000
1000
1000
1000
1000
1000
1000
1000
1000
1000
1000
1000
1000
1000
1000
1000
1000
1000
1000
1000
1000
1000
1000
1000
1000
1000
1000
1000
1000
1000
1000
1000
1000
1000
1000
1000
1000
1000
1000
1000
1000
1000
1000
1000
1000
1000
1000
1000
1000
1000
1000
1000
1000
1000
1000
1000
1000
1000
1000
1000
1000
1000
1000
1000
1000
1000
1000
1000
1000
1000
1000
1000
1000
1000
1000
1000
1000
1000
1000
1000
1000
1000
1000
1000
1000
1000
1000
1000
1000
1000
1000
1000
1000
1000
1000
1000
1000
1000
1000
1000
1000
1000
1000
1000
1000
1000
1000
1000
1000
1000
1000
1000
1000
1000
1000
1000
1000
1000
1000
1000
1000
1000
1000
1000
1000
1000
1000
1000
1000
1000
1000
1000
1000
1000
1000
1000
1000
1000
1000
1000
1000
1000
1000
1000
1000
1000
1000
1000
1000
1000
1000
1000
1000
1000
1000
1000
1000
1000
1000
1000
1000
1000
1000
1000
1000
1000
1000
1000
1000
1000
1000
1000
1000
1000
1000
1000
1000
1000
1000
1000
1000
1000
1000
1000
1000
1000
1000
1000
1000
1000
1000
1000
1000
1000
1000
1000
1000
1000
1000
1000
1000
1000
1000
1000
1000
1000
1000
1000
1000
1000
1000
1000
1000
1000
1000
1000
1000
1000
1000
1000
1000
1000
1000
1000
1000
1000
1000
1000
1000
1000
1000
1000
1000
1000
1000
1000
1000
1000
1000
1000
1000
1000
1000
1000
1000
1000
1000
1000
1000
1000
1000
1000
1000
1000
1000
1000
1000
1000
1000
1000
1000
1000
1000
1000
1000
1000
1000
1000
1000
1000
1000
1000
1000
1000
1000
1000
1000
1000
1000
1000
1000
1000
1000
1000
1000
1000
1000
1000
1000
1000
1000
1000
1000
1000
1000
1000
1000
1000
1000
1000
1000
1000
1000
1000
1000
1000
1000
1000
1000
1000
1000
1000
1000
1000
1000
1000
1000
1000
1000
1000
1000
1000
1000
1000
1000
1000
1000
1000
1000
1000
1000
1000
1000
1000
1000
1000
1000
1000
1000
1000
1000
1000
1000
1000
1000
1000
1000
1000
1000
1000
1000
1000
1000
1000
1000
1000
1000
1000
1000
1000
1000
1000
1000
1000
1000
1000
1000
1000
1000
1000
1000
1000
1000
1000
1000
1000
1000
1000
1000
1000
1000
1000
1000
1000
1000
1000
1000
1000
1000
1000
1000
1000
1000
1000
1000
1000
1000
1000
1000
1000
1000
1000
1000
1000
1000
1000
1000
1000
1000
1000
1000
1000
1000
1000
1000
1000
1000
1000
1000
1000
1000
1000
1000
1000
1000
1000
1000
1000
1000
1000
1000
1000
1000
1000
1000
1000
1000
1000
1000
1000
1000
1000
1000
1000
1000
1000
1000
1000
1000
1000
1000
1000
1000
1000
1000
999.999
1000
1000
1000
1000
1000
1000
1000
999.986
1000
1000
1000
999.997
999.971
999.928
999.871
1000
1000
1000
1000
999.903
999.514
999.206
999.206
1000
1000
999.999
999.998
999.987
999.97
999.965
999.965
1000
1000
1000
1000
1000
999.9
999.57
999.488
1000
1000
1000
1000
1000
999.999
999.972
999.947
1000
1000
1000
1000
1000
1000
1000
1000
1000
1000
1000
1000
1000
1000
1000
1000
1000
1000
1000
1000
1000
1000
999.982
999.894
1000
1000
1000
999.999
999.999
999.963
999.561
999.206
1000
1000
999.997
999.98
999.956
999.973
999.886
999.659
999.999
1000
1000
1000
999.989
999.958
999.863
999.541
1000
1000
1000
1000
1000
1000
999.998
999.984
1000
1000
1000
1000
1000
1000
1000
1000
1000
1000
1000
1000
1000
1000
1000
1000
1000
1000
1000
1000
1000
1000
999.996
999.983
999.999
1000
1000
1000
999.985
999.915
999.838
999.704
1000
1000
1000
999.98
999.757
999.628
999.785
999.517
999.999
1000
1000
1000
999.986
999.943
999.911
999.916
1000
1000
1000
1000
1000
1000
999.999
1000
1000
1000
1000
1000
1000
1000
1000
1000
1000
1000
1000
1000
1000
1000
1000
1000
1000
1000
1000
1000
1000
1000
1000
999.989
1000
1000
1000
1000
1000
999.98
999.918
999.821
1000
1000
1000
1000
999.924
999.48
999.473
999.766
1000
1000
1000
1000
999.999
999.984
999.966
999.957
1000
1000
1000
1000
1000
1000
1000
1000
1000
1000
1000
1000
1000
1000
1000
1000
1000
1000
1000
1000
1000
1000
1000
1000
1000
1000
1000
1000
1000
1000
1000
1000
1000
1000
1000
1000
1000
1000
999.983
999.92
1000
1000
1000
1000
1000
999.932
999.481
999.474
1000
1000
1000
1000
1000
1000
999.985
999.945
1000
1000
1000
1000
1000
1000
1000
1000
1000
1000
1000
1000
1000
1000
1000
1000
1000
1000
1000
1000
1000
1000
1000
1000
1000
1000
1000
1000
1000
1000
1000
1000
1000
1000
1000
1000
1000
1000
1000
999.995
1000
1000
1000
1000
1000
1000
999.94
999.509
1000
1000
1000
1000
1000
1000
1000
999.984
1000
1000
1000
1000
1000
1000
1000
1000
1000
1000
1000
1000
1000
1000
1000
1000
1000
1000
1000
1000
1000
1000
1000
1000
1000
1000
1000
1000
1000
1000
1000
1000
1000
1000
1000
1000
1000
1000
1000
999.999
1000
1000
1000
1000
1000
1000
1000
1000
1000
1000
1000
1000
1000
1000
1000
1000
1000
1000
1000
1000
1000
1000
1000
1000
1000
1000
1000
1000
1000
1000
1000
1000
1000
1000
1000
1000
1000
1000
1000
1000
1000
1000
1000
1000
1000
1000
1000
1000
1000
1000
1000
1000
1000
1000
1000
1000
1000
1000
1000
1000
1000
1000
1000
1000
1000
1000
1000
1000
1000
1000
1000
1000
1000
1000
1000
1000
1000
1000
1000
1000
1000
1000
1000
1000
1000
1000
1000
1000
1000
1000
1000
1000
1000
1000
1000
1000
1000
1000
1000
1000
1000
1000
1000
1000
1000
1000
1000
1000
1000
1000
1000
1000
1000
1000
1000
1000
1000
1000
1000
1000
1000
1000
1000
1000
1000
1000
1000
1000
1000
1000
1000
1000
1000
1000
1000
1000
1000
1000
1000
1000
1000
1000
1000
1000
1000
1000
1000
1000
1000
1000
1000
1000
1000
1000
1000
1000
1000
1000
1000
1000
1000
1000
1000
1000
1000
1000
1000
1000
1000
1000
1000
1000
1000
1000
1000
1000
1000
1000
1000
1000
1000
1000
1000
1000
1000
1000
1000
1000
1000
1000
1000
1000
1000
1000
1000
1000
1000
1000
1000
1000
1000
1000
1000
1000
1000
1000
1000
1000
1000
1000
1000
1000
1000
1000
1000
1000
1000
1000
1000
1000
1000
1000
1000
1000
1000
1000
1000
1000
1000
1000
1000
1000
1000
1000
1000
1000
1000
1000
1000
1000
1000
1000
1000
1000
1000
1000
1000
1000
1000
1000
1000
1000
1000
1000
1000
1000
)
;

boundaryField
{
    base
    {
        type            calculated;
        value           nonuniform List<scalar> 
248
(
1000
1000
1000
1000
1000
1000
1000
1000
1000
1000
1000
1000
1000
1000
1000
1000
1000
1000
1000
1000
1000
1000
1000
1000
1000
1000
1000
1000
1000
1000
1000
1000
1000
1000
1000
1000
1000
1000
1000
1000
1000
1000
1000
1000
1000
1000
1000
1000
1000
1000
1000
1000
1000
1000
1000
1000
1000
1000
1000
1000
1000
1000
1000
1000
1000
1000
1000
1000
1000
1000
1000
1000
1000
1000
1000
1000
1000
1000
1000
1000
1000
1000
1000
1000
999.992
999.997
1000
1000
1000
1000
1000
999.99
999.995
1000
999.999
999.998
1000
1000
999.994
1000
1000
999.998
999.997
999.997
1000
1000
1000
1000
999.999
999.997
999.997
1000
1000
999.998
999.987
1000
1000
1000
1000
1000
999.995
999.984
1000
1000
1000
1000
1000
999.995
999.984
1000
1000
1000
1000
1000
1000
999.984
1000
1000
1000
1000
1000
1000
1000
1000
1000
1000
1000
1000
1000
1000
1000
1000
1000
1000
1000
1000
1000
1000
1000
1000
1000
1000
1000
1000
1000
1000
1000
1000
999.999
1000
1000
999.995
1000
1000
1000
999.998
999.996
1000
999.984
999.998
1000
1000
1000
999.991
999.974
999.984
999.996
1000
1000
1000
999.996
999.94
1000
1000
1000
1000
1000
1000
1000
1000
1000
1000
1000
1000
1000
1000
999.999
1000
1000
1000
1000
1000
1000
999.998
999.983
999.988
1000
1000
1000
1000
1000
999.962
999.911
1000
1000
1000
1000
1000
999.989
999.91
1000
1000
1000
1000
999.998
999.997
999.91
1000
1000
1000
1000
999.941
999.983
999.915
1000
1000
1000
1000
)
;
    }
    outlet
    {
        type            calculated;
        value           nonuniform 0();
    }
    walls
    {
        type            calculated;
        value           nonuniform List<scalar> 
1583
(
1000
1000
1000
1000
1000
1000
1000
1000
1000
1000
1000
1000
1000
1000
999.989
999.997
1000
1000
1000
1000
999.972
1000
1000
999.999
999.859
999.857
999.997
1000
999.886
999.86
999.996
1000
999.999
999.998
1000
1000
1000
1000
1000
1000
1000
1000
1000
999.997
999.995
999.998
1000
1000
999.995
999.994
999.984
999.972
999.8
999.994
1000
1000
1000
1000
1000
1000
1000
1000
1000
1000
1000
1000
1000
1000
1000
1000
1000
1000
1000
1000
1000
1000
1000
1000
1000
1000
1000
1000
1000
1000
1000
1000
1000
1000
1000
1000
1000
1000
1000
1000
1000
1000
1000
1000
1000
1000
1000
1000
1000
1000
1000
1000
1000
1000
1000
1000
1000
1000
1000
999.999
1000
1000
1000
1000
1000
1000
1000
1000
1000
1000
1000
1000
1000
999.996
1000
1000
999.998
999.978
1000
1000
999.926
999.995
999.999
999.979
999.914
1000
1000
999.788
999.94
999.999
999.957
999.896
1000
1000
999.8
999.85
999.996
999.954
999.983
1000
1000
999.95
999.808
999.983
999.968
1000
1000
999.999
1000
999.925
999.975
999.991
1000
1000
999.909
999.747
1000
999.999
999.997
999.997
1000
1000
999.747
999.998
999.998
999.995
999.997
1000
999.997
999.778
999.981
999.999
999.994
1000
1000
1000
999.946
999.93
1000
999.998
1000
1000
1000
1000
999.87
1000
1000
1000
1000
1000
1000
999.953
1000
1000
1000
1000
1000
1000
999.992
999.999
1000
1000
1000
1000
1000
999.997
999.999
1000
1000
1000
1000
999.988
999.99
999.997
1000
1000
1000
1000
999.976
999.989
999.998
1000
999.969
1000
1000
999.973
999.986
999.998
999.979
999.827
1000
1000
999.996
999.994
999.998
999.93
999.827
1000
1000
1000
999.998
999.995
999.88
999.967
1000
1000
1000
1000
999.99
999.864
1000
1000
1000
1000
1000
999.991
999.957
1000
1000
1000
1000
1000
999.993
999.975
1000
999.999
1000
1000
1000
1000
1000
1000
1000
1000
1000
1000
1000
1000
1000
1000
1000
1000
1000
1000
1000
1000
1000
1000
1000
1000
1000
1000
1000
1000
1000
1000
1000
1000
1000
1000
1000
1000
1000
1000
1000
1000
1000
1000
1000
1000
1000
1000
1000
1000
1000
1000
1000
1000
1000
1000
1000
1000
1000
1000
1000
1000
1000
1000
1000
1000
1000
1000
1000
1000
1000
1000
1000
1000
1000
1000
1000
1000
1000
1000
1000
1000
1000
1000
1000
1000
1000
1000
1000
1000
1000
1000
1000
1000
1000
1000
999.996
1000
1000
1000
1000
999.987
999.993
999.996
999.998
999.993
1000
1000
999.918
999.991
999.999
999.994
1000
1000
1000
999.722
999.982
999.999
999.976
999.858
1000
999.998
999.725
999.732
999.773
999.443
999.618
1000
999.997
1000
999.966
999.98
1000
1000
1000
999.997
999.999
999.964
999.981
1000
1000
1000
999.999
999.994
999.978
999.988
1000
1000
1000
999.999
999.983
999.995
999.997
999.999
999.991
1000
999.999
999.984
999.999
1000
999.999
999.988
1000
1000
999.997
1000
1000
1000
999.999
999.997
1000
1000
1000
1000
1000
1000
999.999
1000
1000
1000
999.996
1000
1000
1000
1000
1000
1000
999.999
1000
1000
1000
999.998
1000
1000
999.999
1000
1000
1000
999.985
999.905
1000
1000
999.994
999.968
1000
999.993
999.822
999.822
999.982
999.691
999.88
1000
1000
999.999
999.784
999.998
999.691
999.96
1000
1000
1000
999.997
999.999
1000
1000
1000
1000
1000
999.996
999.999
999.995
1000
1000
999.989
999.955
999.994
999.999
999.989
999.997
1000
999.977
999.923
999.98
999.999
999.983
999.97
1000
999.96
999.897
999.977
999.998
999.974
999.949
1000
999.986
999.96
999.991
999.999
999.994
999.988
1000
1000
1000
1000
1000
1000
1000
1000
1000
1000
1000
999.999
1000
1000
1000
1000
1000
999.996
999.99
999.995
1000
1000
1000
1000
999.998
999.987
999.984
1000
1000
1000
999.898
999.984
999.957
999.923
999.945
999.998
999.994
999.61
999.971
999.9
999.861
999.851
999.996
999.99
999.632
999.618
999.94
999.66
999.896
1000
1000
1000
1000
999.994
999.979
1000
999.999
1000
999.998
1000
999.988
999.979
1000
1000
1000
999.982
999.998
999.993
999.988
999.999
1000
1000
999.983
999.999
999.999
999.997
999.983
1000
1000
999.999
1000
999.999
999.995
999.974
1000
1000
1000
1000
999.999
999.997
999.984
1000
1000
1000
1000
1000
1000
999.999
1000
1000
1000
999.996
999.99
999.995
1000
1000
1000
1000
1000
1000
1000
1000
1000
1000
1000
1000
1000
1000
1000
1000
1000
1000
1000
1000
1000
1000
1000
1000
1000
1000
1000
1000
1000
1000
1000
1000
1000
1000
1000
1000
1000
1000
1000
1000
1000
1000
1000
1000
1000
1000
1000
1000
1000
1000
1000
1000
1000
1000
1000
1000
1000
1000
1000
1000
1000
1000
1000
1000
1000
1000
1000
1000
1000
1000
1000
1000
1000
1000
1000
1000
1000
1000
1000
1000
1000
1000
1000
1000
1000
1000
1000
1000
1000
1000
1000
1000
1000
1000
1000
1000
1000
1000
1000
1000
1000
1000
1000
1000
1000
1000
1000
1000
1000
1000
1000
1000
1000
1000
1000
1000
1000
1000
1000
1000
1000
1000
1000
1000
1000
1000
1000
1000
1000
1000
1000
1000
1000
1000
1000
1000
1000
1000
1000
1000
1000
1000
1000
1000
1000
1000
1000
1000
1000
1000
1000
1000
1000
1000
1000
1000
1000
1000
1000
1000
1000
1000
1000
1000
1000
1000
1000
1000
1000
1000
1000
1000
1000
1000
1000
1000
1000
1000
1000
1000
1000
1000
1000
1000
1000
1000
1000
1000
1000
1000
1000
1000
1000
1000
1000
1000
1000
1000
1000
1000
1000
1000
1000
1000
1000
1000
1000
1000
1000
1000
1000
1000
1000
1000
1000
1000
1000
1000
1000
1000
1000
1000
1000
1000
1000
1000
1000
1000
1000
1000
1000
1000
1000
1000
1000
1000
1000
1000
1000
1000
1000
1000
1000
1000
1000
1000
1000
1000
1000
1000
1000
1000
1000
1000
1000
1000
1000
1000
1000
1000
1000
1000
1000
1000
1000
1000
1000
1000
1000
1000
1000
1000
1000
1000
1000
1000
1000
1000
1000
1000
1000
1000
1000
1000
1000
1000
1000
1000
1000
1000
1000
1000
1000
1000
1000
1000
1000
1000
1000
1000
1000
1000
1000
1000
1000
1000
1000
1000
1000
1000
1000
1000
1000
1000
1000
1000
1000
1000
1000
1000
1000
1000
1000
1000
1000
1000
1000
1000
1000
1000
1000
1000
1000
1000
1000
1000
1000
1000
1000
1000
1000
1000
1000
1000
1000
1000
1000
1000
1000
1000
1000
1000
1000
1000
1000
1000
1000
1000
1000
1000
1000
1000
1000
1000
1000
1000
1000
1000
1000
1000
1000
1000
1000
1000
1000
1000
1000
1000
1000
1000
1000
1000
1000
1000
1000
1000
1000
1000
1000
1000
1000
1000
1000
1000
999.989
999.941
999.989
1000
1000
1000
1000
1000
999.373
999.937
1000
1000
1000
1000
1000
999.051
999.747
999.998
1000
999.991
999.999
1000
999.59
999.711
999.986
999.998
999.989
999.999
999.962
999.967
999.841
999.971
999.996
999.989
999.998
999.909
999.99
999.974
999.973
999.996
999.993
999.996
999.908
999.99
999.996
999.983
999.998
999.999
999.994
999.908
999.99
1000
999.996
1000
1000
999.994
999.921
999.992
1000
1000
1000
1000
999.995
999.969
999.996
1000
1000
1000
1000
999.998
999.993
1000
1000
1000
1000
1000
1000
1000
1000
1000
1000
1000
1000
1000
1000
1000
1000
1000
1000
1000
1000
1000
1000
1000
1000
1000
1000
1000
1000
1000
1000
1000
1000
1000
1000
1000
1000
1000
1000
999.999
1000
1000
1000
1000
1000
1000
999.998
1000
1000
1000
1000
1000
1000
999.998
1000
1000
1000
1000
1000
1000
999.999
1000
1000
1000
1000
1000
1000
1000
1000
1000
1000
1000
1000
1000
1000
1000
1000
1000
1000
1000
1000
1000
999.996
999.998
999.897
1000
1000
1000
1000
999.977
999.8
999.99
1000
1000
1000
999.999
999.933
999.355
999.979
1000
1000
1000
999.991
999.826
999.527
999.972
1000
1000
1000
999.974
999.791
999.866
999.987
1000
1000
1000
999.968
999.791
999.875
999.955
1000
1000
1000
999.974
999.802
999.78
999.807
1000
999.999
1000
999.991
999.902
999.745
999.745
999.764
999.993
1000
1000
999.986
999.861
999.792
999.41
999.973
1000
1000
1000
999.965
999.909
999.408
999.895
1000
1000
1000
999.995
999.948
999.408
999.774
1000
1000
1000
1000
1000
1000
1000
1000
1000
1000
1000
1000
1000
1000
1000
1000
1000
1000
1000
1000
1000
1000
1000
1000
1000
1000
1000
1000
1000
1000
1000
1000
1000
1000
1000
1000
1000
1000
1000
1000
1000
1000
1000
1000
1000
1000
1000
1000
1000
1000
1000
1000
1000
1000
1000
1000
1000
1000
1000
1000
1000
1000
1000
1000
1000
1000
1000
1000
1000
1000
1000
1000
1000
1000
1000
1000
1000
1000
1000
999.844
999.142
999.782
999.275
999.81
1000
1000
999.815
998.81
999.952
999.363
999.948
1000
1000
999.931
998.81
999.664
999.896
999.978
1000
1000
1000
999.911
999.247
999.499
999.959
1000
1000
999.997
999.811
999.247
999.467
999.962
1000
1000
999.996
999.872
999.768
999.831
999.993
1000
1000
1000
999.974
999.178
999.971
1000
1000
1000
1000
999.987
999.518
999.989
1000
1000
1000
1000
1000
1000
1000
1000
1000
1000
1000
1000
1000
1000
1000
1000
1000
1000
1000
1000
1000
1000
1000
1000
1000
1000
1000
1000
1000
1000
1000
999.986
999.888
999.969
1000
1000
1000
1000
999.997
999.785
999.996
1000
1000
1000
1000
1000
999.988
1000
1000
1000
1000
1000
1000
1000
1000
1000
1000
1000
1000
1000
1000
1000
1000
1000
1000
1000
1000
1000
1000
1000
1000
1000
1000
1000
1000
1000
1000
1000
1000
1000
1000
1000
1000
1000
1000
1000
1000
1000
1000
1000
1000
1000
1000
1000
1000
1000
1000
1000
1000
1000
1000
1000
1000
1000
1000
1000
1000
1000
1000
1000
1000
1000
999.871
999.206
999.965
999.488
999.947
1000
1000
999.894
999.206
999.659
999.541
999.984
1000
1000
999.983
999.704
999.517
999.916
1000
1000
1000
999.989
999.821
999.766
999.957
1000
1000
1000
1000
999.92
999.474
999.945
1000
1000
1000
1000
999.995
999.509
999.984
1000
1000
1000
1000
999.999
1000
1000
1000
1000
1000
1000
1000
1000
1000
1000
1000
1000
1000
1000
1000
1000
1000
1000
1000
1000
1000
1000
1000
1000
1000
1000
1000
1000
1000
1000
1000
1000
)
;
    }
    inlet
    {
        type            calculated;
        value           uniform 1;
    }
    procBoundary0to1
    {
        type            processor;
        value           nonuniform List<scalar> 
760
(
1000
1000
1000
1000
1000
1000
1000
1000
1000
1000
1000
1000
1000
1000
1000
1000
1000
1000
1000
1000
1000
1000
1000
1000
1000
1000
1000
1000
1000
1000
1000
1000
1000
1000
1000
1000
1000
1000
1000
1000
1000
1000
1000
1000
1000
1000
1000
1000
1000
1000
1000
1000
1000
1000
1000
1000
1000
1000
1000
1000
1000
1000
1000
1000
1000
1000
1000
1000
1000
1000
1000
1000
1000
1000
1000
1000
1000
1000
1000
1000
1000
1000
1000
1000
1000
1000
1000
1000
1000
1000
1000
1000
1000
1000
1000
1000
1000
1000
1000
1000
1000
1000
1000
1000
1000
1000
1000
1000
1000
1000
1000
1000
1000
1000
1000
1000
1000
1000
1000
1000
1000
1000
1000
1000
1000
1000
1000
1000
1000
1000
1000
1000
1000
1000
1000
1000
1000
1000
1000
1000
1000
1000
1000
1000
1000
1000
1000
1000
1000
1000
1000
1000
1000
1000
1000
1000
1000
1000
1000
1000
1000
1000
1000
1000
1000
1000
1000
1000
1000
1000
1000
1000
1000
1000
1000
1000
1000
1000
1000
1000
1000
1000
1000
1000
1000
1000
1000
1000
1000
1000
1000
1000
1000
1000
1000
1000
1000
1000
1000
1000
1000
1000
1000
1000
1000
1000
1000
1000
1000
1000
1000
1000
1000
1000
1000
1000
1000
1000
1000
1000
1000
1000
1000
1000
1000
1000
1000
1000
1000
1000
1000
1000
1000
1000
1000
1000
1000
1000
1000
1000
1000
1000
1000
1000
1000
1000
999.994
999.93
999.814
999.91
999.992
1000
1000
988.706
826.916
619.962
771.433
969.145
999.895
1000
748.687
198.772
56.7686
151.865
637.918
982.465
999.995
340.222
56.722
54.2903
56.7668
233.951
877.46
999.961
395.515
61.3346
55.4285
61.7912
290.994
911.664
999.972
788.043
203.964
61.7205
162.393
689.529
991.217
999.997
992.731
829.949
583.006
781.29
978.914
999.973
999.993
1000
1000
1000
1000
1000
1000
1000
1000
1000
1000
1000
1000
1000
1000
1000
1000
1000
1000
1000
1000
1000
1000
1000
1000
1000
1000
1000
1000
1000
1000
1000
1000
1000
1000
1000
1000
1000
1000
1000
1000
1000
1000
1000
1000
1000
1000
1000
1000
999.975
999.99
999.995
999.993
1000
999.999
1000
1000
999.992
1000
1000
999.998
999.996
999.999
1000
1000
999.852
1000
1000
999.986
999.987
999.999
1000
1000
967.686
999.986
999.999
999.999
999.995
999.985
999.988
999.999
941.73
999.958
999.999
999.999
999.922
999.882
999.901
999.999
999.836
999.998
999.995
999.992
999.975
999.958
999.988
1000
999.993
999.999
999.938
999.861
999.902
999.986
1000
1000
999.999
999.998
999.991
999.962
999.982
999.999
1000
1000
999.997
999.995
999.997
1000
999.999
999.999
1000
1000
999.996
999.995
999.987
999.993
1000
1000
1000
1000
1000
999.999
1000
1000
1000
1000
1000
1000
1000
1000
999.996
999.999
1000
1000
1000
1000
1000
1000
999.999
999.999
1000
1000
1000
1000
1000
1000
1000
1000
1000
1000
1000
1000
999.999
999.999
1000
1000
1000
1000
1000
1000
999.985
999.929
999.817
999.793
999.876
999.988
1000
1000
999.916
999.389
998.752
998.818
999.515
999.934
1000
1000
999.936
999.841
999.86
999.893
999.685
999.65
999.781
999.997
999.868
999.997
999.997
999.976
999.853
999.65
999.791
999.937
998.709
999.847
999.316
999.235
999.318
999.997
999.585
999.41
999.864
999.96
999.31
999.235
999.672
1000
999.959
999.779
999.976
999.974
999.878
999.896
999.99
1000
1000
999.999
1000
1000
1000
1000
1000
1000
1000
1000
1000
1000
1000
1000
1000
1000
1000
1000
1000
1000
1000
1000
1000
1000
1000
1000
1000
1000
1000
1000
1000
1000
1000
1000
1000
1000
1000
1000
1000
1000
1000
1000
1000
1000
1000
1000
1000
1000
1000
1000
1000
1000
1000
1000
1000
1000
1000
1000
1000
1000
1000
1000
1000
1000
1000
1000
1000
1000
1000
1000
1000
1000
1000
1000
1000
1000
1000
1000
1000
1000
1000
1000
1000
1000
1000
1000
1000
1000
1000
1000
1000
1000
1000
1000
1000
1000
1000
1000
1000
1000
1000
1000
1000
1000
1000
1000
1000
1000
1000
1000
1000
1000
1000
1000
1000
1000
1000
1000
1000
1000
1000
1000
1000
1000
1000
1000
1000
1000
1000
1000
1000
1000
1000
1000
1000
1000
1000
1000
1000
1000
1000
1000
1000
1000
1000
1000
1000
1000
1000
1000
1000
1000
1000
1000
1000
1000
1000
1000
1000
1000
1000
1000
1000
1000
1000
1000
1000
1000
1000
1000
1000
1000
1000
1000
1000
1000
1000
1000
1000
1000
1000
1000
1000
1000
1000
1000
1000
1000
1000
1000
1000
1000
1000
1000
1000
1000
1000
1000
1000
1000
1000
1000
1000
1000
1000
1000
1000
1000
1000
1000
1000
1000
1000
1000
1000
1000
1000
1000
1000
1000
1000
1000
1000
1000
1000
1000
1000
1000
1000
1000
1000
1000
1000
1000
1000
1000
1000
1000
1000
1000
1000
1000
1000
)
;
    }
}


// ************************************************************************* //
