/*--------------------------------*- C++ -*----------------------------------*\
| =========                 |                                                 |
| \\      /  F ield         | OpenFOAM: The Open Source CFD Toolbox           |
|  \\    /   O peration     | Version:  plus.master.MPPICInterFoam            |
|   \\  /    A nd           | Web:      www.OpenFOAM.com                      |
|    \\/     M anipulation  |                                                 |
\*---------------------------------------------------------------------------*/
FoamFile
{
    version     2.0;
    format      ascii;
    class       volScalarField;
    location    "8.8";
    object      rho;
}
// * * * * * * * * * * * * * * * * * * * * * * * * * * * * * * * * * * * * * //

dimensions      [1 -3 0 0 0 0 0];

internalField   nonuniform List<scalar> 
11821
(
1000
1000
1000
1000
1000
1000
1000
1000
1000
1000
1000
1000
1000
1000
1000
1000
1000
1000
1000
1000
1000
1000
1000
1000
1000
1000
1000
1000
1000
1000
1000
1000
1000
1000
1000
1000
1000
1000
1000
1000
1000
1000
1000
1000
1000
1000
1000
1000
1000
1000
1000
1000
1000
1000
1000
1000
1000
1000
1000
1000
1000
1000
1000
1000
1000
1000
1000
1000
1000
1000
1000
1000
1000
1000
1000
1000
1000
1000
1000
1000
1000
1000
1000
1000
1000
1000
1000
1000
1000
1000
1000
1000
1000
1000
1000
1000
1000
1000
1000
1000
1000
1000
1000
1000
1000
1000
1000
1000
1000
1000
1000
1000
1000
1000
1000
1000
1000
1000
1000
1000
1000
1000
1000
1000
1000
1000
1000
1000
1000
1000
1000
1000
1000
1000
1000
1000
1000
1000
1000
1000
1000
1000
1000
1000
1000
1000
1000
1000
1000
1000
1000
1000
1000
1000
1000
1000
1000
1000
1000
1000
1000
1000
1000
1000
1000
1000
1000
1000
1000
1000
1000
1000
1000
1000
1000
1000
1000
1000
1000
1000
1000
1000
1000
1000
1000
1000
1000
1000
1000
1000
1000
1000
1000
1000
1000
1000
1000
1000
1000
1000
1000
1000
1000
1000
1000
1000
1000
1000
1000
1000
1000
1000
1000
1000
1000
1000
1000
1000
1000
1000
1000
1000
1000
1000
1000
1000
1000
1000
1000
1000
1000
1000
1000
1000
1000
1000
1000
1000
1000
1000
1000
1000
1000
1000
1000
1000
1000
1000
1000
1000
1000
1000
1000
1000
1000
1000
1000
1000
1000
1000
1000
1000
1000
1000
1000
1000
1000
1000
1000
1000
1000
1000
1000
1000
1000
1000
1000
1000
1000
1000
1000
1000
1000
1000
1000
1000
1000
1000
1000
1000
1000
1000
1000
1000
1000
1000
1000
1000
1000
1000
1000
1000
1000
1000
1000
1000
1000
1000
1000
1000
1000
1000
1000
1000
1000
1000
1000
1000
1000
1000
1000
1000
1000
1000
1000
1000
1000
1000
1000
1000
1000
1000
1000
1000
1000
1000
1000
1000
1000
1000
1000
1000
1000
1000
1000
1000
1000
1000
1000
1000
1000
1000
1000
1000
1000
1000
1000
1000
1000
1000
1000
1000
1000
1000
1000
1000
1000
1000
1000
1000
1000
1000
1000
1000
1000
1000
1000
1000
1000
1000
1000
1000
1000
1000
1000
1000
1000
1000
1000
1000
1000
1000
1000
1000
1000
1000
1000
1000
1000
1000
1000
1000
1000
1000
1000
1000
1000
1000
1000
1000
1000
1000
1000
1000
1000
1000
1000
1000
1000
1000
1000
1000
1000
1000
1000
1000
1000
1000
1000
1000
1000
1000
1000
1000
1000
1000
1000
1000
1000
1000
1000
1000
1000
1000
1000
1000
1000
1000
1000
1000
1000
1000
1000
1000
1000
1000
1000
1000
1000
1000
1000
1000
1000
1000
1000
1000
1000
1000
1000
1000
1000
1000
1000
1000
1000
1000
1000
1000
1000
1000
1000
1000
1000
1000
1000
1000
1000
1000
1000
1000
1000
1000
1000
1000
1000
1000
1000
1000
1000
1000
1000
1000
1000
1000
1000
1000
1000
1000
1000
1000
1000
1000
1000
1000
1000
1000
1000
1000
1000
1000
1000
1000
1000
1000
1000
1000
1000
1000
1000
1000
1000
1000
1000
1000
1000
1000
1000
1000
1000
1000
1000
1000
1000
1000
1000
1000
1000
1000
1000
1000
1000
1000
1000
1000
1000
1000
1000
1000
1000
1000
1000
1000
1000
1000
1000
1000
1000
1000
1000
1000
1000
1000
1000
1000
1000
1000
1000
1000
1000
1000
1000
1000
1000
1000
1000
1000
1000
1000
1000
1000
1000
1000
1000
1000
1000
1000
1000
1000
1000
1000
1000
1000
1000
1000
1000
1000
1000
1000
1000
1000
1000
1000
1000
1000
1000
1000
1000
1000
1000
1000
1000
1000
1000
1000
1000
1000
1000
1000
1000
1000
1000
1000
1000
1000
1000
1000
1000
1000
1000
1000
1000
1000
1000
1000
1000
1000
1000
1000
1000
1000
1000
1000
1000
1000
1000
1000
1000
1000
1000
1000
1000
1000
1000
1000
1000
1000
1000
1000
1000
1000
1000
1000
1000
1000
1000
1000
1000
1000
1000
1000
1000
1000
1000
1000
1000
1000
1000
1000
1000
1000
1000
1000
1000
1000
1000
1000
1000
1000
1000
1000
1000
1000
1000
1000
1000
1000
1000
1000
1000
1000
1000
1000
1000
1000
1000
1000
1000
1000
1000
1000
1000
1000
1000
1000
1000
1000
1000
1000
1000
1000
1000
1000
1000
1000
1000
1000
1000
1000
1000
1000
1000
1000
1000
1000
1000
1000
1000
1000
1000
1000
1000
1000
1000
1000
1000
1000
1000
1000
1000
1000
1000
1000
1000
1000
1000
1000
1000
1000
1000
1000
1000
1000
1000
1000
1000
1000
1000
1000
1000
1000
1000
1000
1000
1000
1000
1000
1000
1000
1000
1000
1000
1000
1000
1000
1000
1000
1000
1000
1000
1000
1000
1000
1000
1000
1000
1000
1000
1000
1000
1000
1000
1000
1000
1000
1000
1000
1000
1000
1000
1000
1000
1000
1000
1000
1000
1000
1000
1000
1000
1000
1000
1000
1000
1000
1000
1000
1000
1000
1000
1000
1000
1000
1000
1000
1000
1000
1000
1000
1000
1000
1000
1000
1000
1000
1000
1000
1000
1000
1000
1000
1000
1000
1000
1000
1000
1000
1000
1000
1000
1000
1000
1000
1000
1000
1000
1000
1000
1000
1000
1000
1000
1000
1000
1000
1000
1000
1000
1000
1000
1000
1000
1000
1000
1000
1000
1000
1000
1000
1000
1000
1000
1000
1000
1000
1000
1000
1000
1000
1000
1000
1000
1000
1000
1000
1000
1000
1000
1000
1000
1000
1000
1000
1000
1000
1000
1000
1000
1000
1000
1000
1000
1000
1000
1000
1000
1000
1000
1000
1000
1000
1000
1000
1000
1000
1000
1000
1000
1000
1000
1000
1000
1000
1000
1000
1000
1000
1000
1000
1000
1000
1000
1000
1000
1000
1000
1000
1000
1000
1000
1000
1000
1000
1000
1000
1000
1000
1000
1000
1000
1000
1000
1000
1000
1000
1000
1000
1000
1000
1000
1000
1000
1000
1000
1000
1000
1000
1000
1000
1000
1000
1000
1000
1000
1000
1000
1000
1000
1000
1000
1000
1000
1000
1000
1000
1000
1000
1000
1000
1000
1000
1000
1000
1000
1000
1000
1000
1000
1000
1000
1000
1000
1000
1000
1000
1000
1000
1000
1000
1000
1000
1000
1000
1000
1000
1000
1000
1000
1000
1000
1000
1000
1000
1000
1000
1000
1000
1000
1000
1000
1000
1000
1000
1000
1000
1000
1000
1000
1000
1000
1000
1000
1000
1000
1000
1000
1000
1000
1000
1000
1000
1000
1000
1000
1000
1000
1000
1000
1000
1000
1000
1000
1000
1000
1000
1000
1000
1000
1000
1000
1000
1000
1000
1000
1000
1000
1000
1000
1000
1000
1000
1000
1000
1000
1000
1000
1000
1000
1000
1000
1000
1000
1000
1000
1000
1000
1000
1000
1000
1000
1000
1000
1000
1000
1000
1000
1000
1000
1000
1000
1000
1000
1000
1000
1000
1000
1000
1000
1000
1000
1000
1000
1000
1000
1000
1000
1000
1000
1000
1000
1000
1000
1000
1000
1000
1000
1000
1000
1000
1000
1000
1000
1000
1000
1000
1000
1000
1000
1000
1000
1000
1000
1000
1000
1000
1000
1000
1000
1000
1000
1000
1000
1000
1000
1000
1000
1000
1000
1000
1000
1000
1000
1000
1000
1000
1000
1000
1000
1000
1000
1000
1000
1000
1000
1000
1000
1000
1000
1000
1000
1000
1000
1000
1000
1000
1000
1000
1000
1000
1000
1000
1000
1000
1000
1000
1000
1000
1000
1000
1000
1000
1000
1000
1000
1000
1000
1000
1000
1000
1000
1000
1000
1000
1000
1000
1000
1000
1000
1000
1000
1000
1000
1000
1000
1000
1000
1000
1000
1000
1000
1000
1000
1000
1000
1000
1000
1000
1000
1000
1000
1000
1000
1000
1000
1000
1000
1000
1000
1000
1000
1000
1000
1000
1000
1000
1000
1000
1000
1000
1000
1000
1000
1000
1000
1000
1000
1000
1000
1000
1000
1000
1000
1000
1000
1000
1000
1000
1000
1000
1000
1000
1000
1000
1000
1000
1000
1000
1000
1000
1000
1000
1000
1000
1000
1000
1000
1000
1000
1000
1000
1000
1000
1000
1000
1000
1000
1000
1000
1000
1000
1000
1000
1000
1000
1000
1000
1000
1000
1000
1000
1000
1000
1000
1000
1000
1000
1000
1000
1000
1000
1000
1000
1000
1000
1000
1000
1000
1000
1000
1000
1000
1000
1000
1000
1000
1000
1000
1000
1000
1000
1000
1000
1000
1000
1000
1000
1000
1000
1000
1000
1000
1000
1000
1000
1000
1000
1000
1000
1000
1000
1000
1000
1000
1000
1000
1000
1000
1000
1000
1000
1000
1000
1000
1000
1000
1000
1000
1000
1000
1000
1000
1000
1000
1000
1000
1000
1000
1000
1000
1000
1000
1000
1000
1000
1000
1000
1000
1000
1000
1000
1000
1000
1000
1000
1000
1000
1000
1000
1000
1000
1000
1000
1000
1000
1000
1000
1000
1000
1000
1000
1000
1000
1000
1000
1000
1000
1000
1000
1000
1000
1000
1000
1000
1000
1000
1000
1000
1000
1000
1000
1000
1000
1000
1000
1000
1000
1000
1000
1000
1000
1000
1000
1000
1000
1000
1000
1000
1000
1000
1000
1000
1000
1000
1000
1000
1000
1000
1000
1000
1000
1000
1000
1000
1000
1000
1000
1000
1000
1000
1000
1000
1000
1000
1000
1000
1000
1000
1000
1000
1000
1000
1000
1000
1000
1000
1000
1000
1000
1000
1000
1000
1000
1000
1000
1000
1000
1000
1000
1000
1000
1000
1000
1000
1000
1000
1000
1000
1000
1000
1000
1000
1000
1000
1000
1000
1000
1000
1000
1000
1000
1000
1000
1000
1000
1000
1000
1000
1000
1000
1000
1000
1000
1000
1000
1000
1000
1000
1000
1000
1000
1000
1000
1000
1000
1000
1000
1000
1000
1000
1000
1000
1000
1000
1000
1000
1000
1000
1000
1000
1000
1000
1000
1000
1000
1000
1000
1000
1000
1000
1000
1000
1000
1000
1000
1000
1000
1000
1000
1000
1000
1000
1000
1000
1000
1000
1000
1000
1000
1000
1000
1000
1000
1000
1000
1000
1000
1000
1000
1000
1000
1000
1000
1000
1000
1000
1000
1000
1000
1000
1000
1000
1000
1000
1000
1000
1000
1000
1000
1000
1000
1000
1000
1000
1000
1000
1000
1000
1000
1000
1000
1000
1000
1000
1000
1000
1000
1000
1000
1000
1000
1000
1000
1000
1000
1000
1000
1000
1000
1000
1000
1000
1000
1000
1000
1000
1000
1000
1000
1000
1000
1000
1000
1000
1000
1000
1000
1000
1000
1000
1000
1000
1000
1000
1000
1000
1000
1000
1000
1000
1000
1000
1000
1000
1000
1000
1000
1000
1000
1000
1000
1000
1000
1000
1000
1000
1000
1000
1000
1000
1000
1000
1000
1000
1000
1000
1000
1000
1000
1000
1000
1000
1000
1000
1000
1000
1000
1000
1000
1000
1000
1000
1000
1000
1000
1000
1000
1000
1000
1000
1000
1000
1000
1000
1000
1000
1000
1000
1000
1000
1000
1000
1000
1000
1000
1000
1000
1000
1000
1000
1000
1000
1000
1000
1000
1000
1000
1000
1000
1000
1000
1000
1000
1000
1000
1000
1000
1000
1000
1000
1000
1000
1000
1000
1000
1000
1000
1000
1000
1000
1000
1000
1000
1000
1000
1000
1000
1000
1000
1000
1000
1000
1000
1000
1000
1000
1000
1000
1000
1000
1000
1000
1000
1000
1000
1000
1000
1000
1000
1000
1000
1000
1000
1000
1000
1000
1000
1000
1000
1000
1000
1000
1000
1000
1000
1000
1000
1000
1000
1000
1000
1000
1000
1000
1000
1000
1000
1000
1000
1000
1000
1000
1000
1000
1000
1000
1000
1000
1000
1000
1000
1000
1000
1000
1000
1000
1000
1000
1000
1000
1000
1000
1000
1000
1000
1000
1000
1000
1000
1000
1000
1000
1000
1000
1000
1000
1000
1000
1000
1000
1000
1000
1000
1000
1000
1000
1000
1000
1000
1000
1000
1000
1000
1000
1000
1000
1000
1000
1000
1000
1000
1000
1000
1000
1000
1000
1000
1000
1000
1000
1000
1000
1000
1000
1000
1000
1000
1000
1000
1000
1000
1000
1000
1000
1000
1000
1000
1000
1000
1000
1000
1000
1000
1000
1000
1000
1000
1000
1000
1000
1000
1000
1000
1000
1000
1000
1000
1000
1000
1000
1000
1000
1000
1000
1000
1000
1000
1000
1000
1000
1000
1000
1000
1000
1000
1000
1000
1000
1000
1000
1000
1000
1000
1000
1000
1000
1000
1000
1000
1000
1000
1000
1000
1000
1000
1000
1000
1000
1000
1000
1000
1000
1000
1000
1000
1000
1000
1000
1000
1000
1000
1000
1000
1000
1000
1000
1000
1000
1000
1000
1000
1000
1000
1000
1000
1000
1000
1000
1000
1000
1000
1000
1000
1000
1000
1000
1000
1000
1000
1000
1000
1000
1000
1000
1000
1000
1000
1000
1000
1000
1000
1000
1000
1000
1000
1000
1000
1000
1000
1000
1000
1000
1000
1000
1000
1000
1000
1000
1000
1000
1000
1000
1000
1000
1000
1000
1000
1000
1000
1000
1000
1000
1000
1000
1000
1000
1000
1000
1000
1000
1000
1000
1000
1000
1000
1000
1000
1000
1000
1000
1000
1000
1000
1000
1000
1000
1000
1000
1000
1000
1000
1000
1000
1000
1000
1000
1000
1000
1000
1000
1000
1000
1000
1000
1000
1000
1000
1000
1000
1000
1000
1000
1000
1000
1000
1000
1000
1000
1000
1000
1000
1000
1000
1000
1000
1000
1000
1000
1000
1000
1000
1000
1000
1000
1000
1000
1000
1000
1000
1000
1000
1000
1000
1000
1000
1000
1000
1000
1000
1000
1000
1000
1000
1000
1000
1000
1000
1000
1000
1000
1000
1000
1000
1000
1000
1000
1000
1000
1000
1000
1000
1000
1000
1000
1000
1000
1000
1000
1000
1000
1000
1000
1000
1000
1000
1000
1000
1000
1000
1000
1000
1000
1000
1000
1000
1000
1000
1000
1000
1000
1000
1000
1000
1000
1000
1000
1000
1000
1000
1000
1000
1000
1000
1000
1000
1000
1000
1000
1000
1000
1000
1000
1000
1000
1000
1000
1000
1000
1000
1000
1000
1000
1000
1000
1000
1000
1000
1000
1000
1000
1000
1000
1000
1000
1000
1000
1000
1000
1000
1000
1000
1000
1000
1000
1000
1000
1000
1000
1000
1000
1000
1000
1000
1000
1000
1000
1000
1000
1000
1000
1000
1000
1000
1000
1000
1000
1000
1000
1000
1000
1000
1000
1000
1000
1000
1000
1000
1000
1000
1000
1000
1000
1000
1000
1000
1000
1000
1000
1000
1000
1000
1000
1000
1000
1000
1000
1000
1000
1000
1000
1000
1000
1000
1000
1000
1000
1000
1000
1000
1000
1000
1000
1000
1000
1000
1000
1000
1000
1000
1000
1000
1000
1000
1000
1000
1000
1000
1000
1000
1000
1000
1000
1000
1000
1000
1000
1000
1000
1000
1000
1000
1000
1000
1000
1000
1000
1000
1000
1000
1000
1000
1000
1000
1000
1000
1000
1000
1000
1000
1000
1000
1000
1000
1000
1000
1000
1000
1000
1000
1000
1000
1000
1000
1000
1000
1000
1000
1000
1000
1000
1000
1000
1000
1000
1000
1000
1000
1000
1000
1000
1000
1000
1000
1000
1000
1000
1000
1000
1000
1000
1000
1000
1000
1000
1000
1000
1000
1000
1000
1000
1000
1000
1000
1000
1000
1000
1000
1000
1000
1000
1000
1000
1000
1000
1000
1000
1000
1000
1000
1000
1000
1000
1000
1000
1000
1000
1000
1000
1000
1000
1000
1000
1000
1000
1000
1000
1000
1000
1000
1000
1000
1000
1000
1000
1000
1000
1000
1000
1000
1000
1000
1000
1000
1000
1000
1000
1000
1000
1000
1000
1000
1000
1000
1000
1000
1000
1000
1000
1000
1000
1000
1000
1000
1000
1000
1000
1000
1000
1000
1000
1000
1000
1000
1000
1000
1000
1000
1000
1000
1000
1000
1000
1000
1000
1000
1000
1000
1000
1000
1000
1000
1000
1000
1000
1000
1000
1000
1000
1000
1000
1000
1000
1000
1000
1000
1000
1000
1000
1000
1000
1000
1000
1000
1000
1000
1000
1000
1000
1000
1000
1000
1000
1000
1000
1000
1000
1000
1000
1000
1000
1000
1000
1000
1000
1000
1000
1000
1000
1000
1000
1000
1000
1000
1000
1000
1000
1000
1000
1000
1000
1000
1000
1000
1000
1000
1000
1000
1000
1000
1000
1000
1000
1000
1000
1000
1000
1000
1000
1000
1000
1000
1000
1000
1000
1000
1000
1000
1000
1000
1000
1000
1000
1000
1000
1000
1000
1000
1000
1000
1000
1000
1000
1000
1000
1000
1000
1000
1000
1000
1000
1000
1000
1000
1000
1000
1000
1000
1000
1000
1000
1000
1000
1000
1000
1000
1000
1000
1000
1000
1000
1000
1000
1000
1000
1000
1000
1000
1000
1000
1000
1000
1000
1000
1000
1000
1000
1000
1000
1000
1000
1000
1000
1000
1000
1000
1000
1000
1000
1000
1000
1000
1000
1000
1000
1000
1000
1000
1000
1000
1000
1000
1000
1000
1000
1000
1000
1000
1000
1000
1000
1000
1000
1000
1000
1000
1000
1000
1000
1000
1000
1000
1000
1000
1000
1000
1000
1000
1000
1000
1000
1000
1000
1000
1000
1000
1000
1000
1000
1000
1000
1000
1000
1000
1000
1000
1000
1000
1000
1000
1000
1000
1000
1000
1000
1000
1000
1000
1000
1000
1000
1000
1000
1000
1000
1000
1000
1000
1000
1000
1000
1000
1000
1000
1000
1000
1000
1000
1000
1000
1000
1000
1000
1000
1000
1000
1000
1000
1000
1000
1000
1000
1000
1000
1000
1000
1000
1000
1000
1000
1000
1000
1000
1000
1000
1000
1000
1000
1000
1000
1000
1000
1000
1000
1000
1000
1000
1000
1000
1000
1000
1000
1000
1000
1000
1000
1000
1000
1000
1000
1000
1000
1000
1000
1000
1000
1000
1000
1000
1000
1000
1000
1000
1000
1000
1000
1000
1000
1000
1000
1000
1000
1000
1000
1000
1000
1000
1000
1000
1000
1000
1000
1000
1000
1000
1000
1000
1000
1000
1000
1000
1000
1000
1000
1000
1000
1000
1000
1000
1000
1000
1000
1000
1000
1000
1000
1000
1000
1000
1000
1000
1000
1000
1000
1000
1000
1000
1000
1000
1000
1000
1000
1000
1000
1000
1000
1000
1000
1000
1000
1000
1000
1000
1000
1000
1000
1000
1000
1000
1000
1000
1000
1000
1000
1000
1000
1000
1000
1000
1000
1000
1000
1000
1000
1000
1000
1000
1000
1000
1000
1000
1000
1000
1000
1000
1000
1000
1000
1000
1000
1000
1000
1000
1000
1000
1000
1000
1000
1000
1000
1000
1000
1000
1000
1000
1000
1000
1000
1000
1000
1000
1000
1000
1000
1000
1000
1000
1000
1000
1000
1000
1000
1000
1000
1000
1000
1000
1000
1000
1000
1000
1000
1000
1000
1000
1000
1000
1000
1000
1000
1000
1000
1000
1000
1000
1000
1000
1000
1000
1000
1000
1000
1000
1000
1000
999.997
999.963
999.93
999.932
999.995
1000
1000
999.333
990.971
950.459
984.969
998.551
999.964
1000
987.929
761.955
339.075
603.947
953.577
999.39
999.997
904.048
235.756
36.4084
62.235
738.331
996.637
999.981
962.446
435.879
37.6367
236.127
883.765
999.285
999.993
996.426
894.484
588.328
852.618
989.08
999.795
999.999
999.882
998.777
991.352
998.648
999.686
999.987
1000
1000
999.999
999.994
1000
1000
1000
1000
999.994
999.894
999.243
999.941
999.036
1000
1000
999.887
972.311
767.669
958.171
999.718
999.986
1000
996.702
640.789
36.4192
419.854
980.479
999.94
999.999
999.689
849.952
189.481
787.157
997.243
999.9
1000
999.961
994.142
929.089
996.805
999.972
999.984
1000
999.993
999.969
999.957
999.905
999.994
999.999
1000
1000
1000
1000
1000
1000
1000
1000
999.905
999.999
999.991
999.999
994.901
1000
1000
999.997
999.782
977.668
999.811
999.996
1000
1000
999.974
931.15
135.54
907.368
999.943
1000
1000
999.987
991.78
679.222
995.514
999.329
999.224
1000
999.999
999.967
999.409
998.71
998.272
1000
1000
1000
1000
999.999
998.925
1000
1000
1000
1000
1000
1000
1000
1000
1000
1000
998.085
992.677
999.999
989.823
990.561
1000
1000
990.724
998.917
999.887
998.004
983.178
1000
1000
999.528
998.995
843.425
997.887
998.883
988.453
1000.01
999.715
997.89
989.456
994.4
995.526
997.046
1000
986.843
999.057
997.589
990.824
965.224
1000
1000
1000
995.208
993.984
994.171
1000
1000
1000
1000
1000
999.527
1000
1000
1000
1000
978.669
897.467
907.418
905.855
972.432
1000
1000
862.198
794.633
965.089
723.008
850.509
999.109
1000
868.824
982.582
963.53
913.219
908.065
950.767
1000.01
834.207
870.853
926.404
742.307
865.427
983.902
1000
902.098
720.188
888.62
761.442
876.598
1000
1000
998.693
953.238
900.534
958.508
999.904
1000
1000
1000
981.78
950.145
986.856
1000
1000
1000
882.257
576.695
500.704
608.028
896.547
1000
1000
501.461
232.743
398.93
229.09
528.895
953.028
1000
343.462
576.324
706.745
318.708
470.422
850.932
1000
390.185
324.459
430.657
218.619
470.255
906.818
1000
642.783
298.01
293.198
329.019
687.643
994.134
1000
974.319
767.934
646.559
804.236
983.286
1000
1000
1000
963.592
904.815
977.077
1000
1000
1000
840.591
442.188
309.732
499.272
878.443
1000
1000
362.182
212.347
202.054
212.166
448.961
939.641
1000
226.59
203.406
214.124
200.652
253.442
821.656
1000
248.667
200.917
199.698
207.771
340.816
889.73
1000
584.785
216.721
213.587
241.184
674.218
991.121
1000
964.145
716.452
561.048
770.802
979.558
1000
1000
999.968
988.32
959.694
993.855
999.987
999.995
1000
923.183
658.938
497.348
723.382
948.148
999.684
1000
587.56
236.162
197.576
287.839
699.384
979.782
999.996
340.157
197.674
192.78
196.719
462.435
925.6
999.988
458.978
199.749
196.282
220.659
591.243
961.679
999.992
795.211
413.074
268.632
495.146
866.343
996.484
999.999
984.104
875.486
763.926
907.967
991.945
999.953
1000
999.837
998.992
996.944
999.53
999.937
999.995
1000
994.021
958.856
906.66
973.663
993.04
999.867
999.999
941.093
658.958
428.677
766.386
971.801
998.85
999.981
807.04
284.79
193.346
449.698
897.615
991.199
999.966
905.874
460.241
243.074
630.439
947.892
996.611
999.984
983.424
882.784
725.402
924.304
991.435
999.636
999.995
998.165
990.948
978.569
994.469
999.312
999.966
1000
999.996
999.997
998.738
999.998
1000
1000
1000
996.356
998.073
998.337
993.567
992.975
1000
1000
994.373
988.508
923.21
970.419
989.458
999.998
999.999
995.468
758.636
408.969
911.848
992.661
995.147
1000
996.244
918.22
687.093
970.408
996.156
997.486
1000
987.843
992.652
988.986
982.333
988.09
1000
1000
998.602
993.722
992.871
995.528
999.998
999.999
1000
1000
995.188
989.688
999.226
1000
1000
1000
954.904
930.68
919.094
930.081
975.856
1000
1000
898.149
780.58
834.951
759.164
914.744
998.793
1000
826.421
859.544
841.086
749.294
912.01
985.516
1000
861.946
879.825
848.094
716.225
928.022
989.228
1000
908.601
757.805
732.792
848.382
925.005
1000
1000
989.797
956.761
946.08
963.241
998.244
1000
1000
998.261
950.172
925.664
976.498
1000
1000
1000
792.809
621.273
558.999
679.561
908.334
1000
1000
536.364
375.284
395.693
389.911
654.68
971.752
1000
387.88
792.703
835.465
376.779
565.445
926.684
1000
426.597
526.983
705.334
374.398
613.471
942.268
1000
637.619
380.505
376.87
478.071
750.23
994.781
1000
942.182
780.595
720.563
832.504
981.485
1000
1000
991.429
908.006
869.818
956.502
1000
1000
1000
691.84
414.949
373.231
538.678
867.244
999.441
1000
371.483
367.959
368.297
373.23
537.156
951.162
1000
377.603
471.356
742.681
371.139
385.079
883.231
1000
375.271
367.699
400.864
370.642
440.992
910.835
1000
483.21
371.602
373.614
374.399
682.687
985.957
1000
903.339
666.972
594.029
761.334
967.511
1000
1000
994.119
943.546
918.31
975.88
999.991
999.998
1000
783.44
541.696
496.627
664.794
912.872
999.485
1000
448.253
367.639
367.98
384.379
679.153
973.871
999.999
374.153
366.752
371.669
369.563
542.66
930.493
999.998
394.614
365.965
363.867
367.729
592.023
948.952
999.998
606.894
391.431
371.169
465.183
795.526
991.875
1000
933.678
770.552
712.956
846.025
978.484
999.992
1000
1000
1000
1000
1000
1000
1000
1000
1000
1000
1000
1000
1000
1000
1000
1000
1000
1000
1000
1000
1000
1000
1000
1000
1000
1000
1000
1000
1000
1000
1000
1000
1000
1000
1000
1000
1000
1000
1000
1000
1000
1000
1000
1000
1000
1000
1000
1000
1000
1000
1000
1000
1000
1000
1000
1000
1000
1000
1000
1000
1000
1000
1000
1000
1000
1000
1000
1000
1000
1000
1000
1000
1000
1000
1000
1000
1000
1000
1000
1000
1000
1000
1000
1000
1000
1000
1000
1000
1000
1000
1000
1000
1000
1000
1000
1000
1000
1000
1000
1000
1000
1000
1000
1000
1000
1000
1000
1000
1000
1000
1000
1000
1000
1000
1000
1000
1000
1000
1000
1000
1000
1000
1000
1000
1000
1000
1000
1000
1000
1000
1000
1000
1000
1000
1000
1000
1000
1000
1000
1000
1000
1000
1000
1000
1000
1000
1000
1000
1000
1000
1000
1000
1000
1000
1000
1000
1000
1000
1000
1000
1000
1000
1000
1000
1000
1000
1000
1000
1000
1000
1000
1000
1000
1000
1000
1000
1000
1000
1000
1000
1000
1000
1000
1000
1000
1000
1000
1000
1000
1000
1000
1000
1000
1000
1000
1000
1000
1000
1000
1000
1000
1000
1000
1000
1000
1000
1000
1000
1000
1000
1000
1000
1000
1000
1000
1000
1000
1000
1000
1000
1000
1000
1000
1000
1000
1000
1000
1000
1000
1000
1000
1000
1000
1000
1000
1000
1000
1000
1000
1000
1000
1000
1000
1000
1000
1000
1000
1000
1000
1000
1000
1000
1000
1000
1000
1000
1000
1000
1000
1000
1000
1000
1000
1000
1000
1000
1000
1000
1000
1000
1000
1000
1000
1000
1000
1000
1000
1000
1000
1000
1000
1000
1000
1000
1000
1000
1000
1000
1000
1000
1000
1000
1000
1000
1000
1000
1000
1000
1000
1000
1000
1000
1000
1000
1000
1000
1000
1000
1000
1000
1000
1000
1000
1000
1000
1000
1000
1000
1000
1000
1000
1000
1000
1000
1000
1000
1000
1000
1000
1000
1000
1000
1000
1000
1000
1000
1000
1000
1000
1000
1000
1000
1000
1000
999.988
1000
1000
1000
1000
1000
1000
1000
1000
1000
1000
1000
1000
1000
1000
1000
1000
1000
1000
1000
1000
1000
1000
1000
1000
1000
1000
1000
1000
1000
1000
1000
1000
1000
1000
1000
1000
1000
1000
1000
1000
1000
1000
1000
1000
1000
1000
1000
1000
1000
1000
1000
1000
1000
1000
999.997
999.978
1000
1000
1000
1000
1000
1000
1000
1000
1000
1000
1000
1000
1000
1000
1000
1000
1000
1000
1000
1000
1000
1000
1000
1000
1000
1000
1000
1000
1000
1000
1000
1000
1000
1000
1000
1000
1000
1000
1000
1000
1000
1000
1000
1000
1000
1000
1000
1000
1000
1000
1000
1000
1000
1000
999.998
999.98
1000
1000
1000
1000
1000
1000
1000
1000
1000
1000
1000
1000
1000
1000
1000
1000
999.999
1000
1000
1000
1000
1000
1000
1000
1000
1000
1000
1000
1000
1000
1000
1000
1000
1000
1000
1000
1000
1000
1000
1000
1000
1000
1000
1000
1000
1000
1000
1000
1000
1000
1000
1000
1000
1000
1000
999.99
1000
1000
1000
1000
1000
1000
1000
1000
1000
1000
1000
1000
1000
1000
1000
1000
1000
1000
1000
1000
1000
1000
1000
1000
1000
1000
1000
1000
1000
1000
1000
1000
1000
1000
1000
1000
1000
1000
1000
1000
1000
1000
1000
1000
1000
1000
1000
1000
1000
1000
1000
1000
1000
1000
1000
999.996
1000
1000
1000
1000
1000
1000
1000
1000
1000
1000
1000
1000
1000
1000
1000
1000
1000
1000
1000
1000
1000
1000
1000
1000
1000
1000
1000
1000
1000
1000
1000
1000
1000
1000
1000
1000
1000
1000
1000
1000
1000
1000
1000
1000
1000
1000
1000
1000
1000
1000
1000
1000
1000
1000
1000
999.964
1000
1000
1000
1000
1000
1000
1000
1000
1000
1000
1000
1000
1000
1000
1000
1000
1000
1000
1000
1000
1000
1000
1000
1000
1000
1000
1000
1000
1000
1000
1000
1000
1000
1000
1000
1000
1000
1000
1000
1000
1000
1000
1000
1000
1000
1000
1000
1000
1000
1000
1000
1000
1000
1000
999.978
999.845
1000
1000
1000
1000
1000
1000
1000
1000
1000
1000
1000
1000
1000
1000
1000
1000
1000
1000
1000
1000
1000
1000
1000
1000
1000
1000
1000
1000
1000
1000
1000
1000
1000
1000
1000
1000
1000
1000
1000
1000
1000
1000
1000
1000
1000
1000
1000
1000
1000
1000
1000
1000
1000
999.999
999.936
999.749
1000
1000
1000
1000
1000
1000
1000
1000
1000
1000
1000
1000
1000
1000
1000
1000
1000
1000
1000
1000
1000
1000
1000
1000
1000
1000
1000
1000
1000
1000
1000
1000
1000
1000
1000
1000
1000
1000
1000
1000
1000
1000
1000
1000
1000
1000
1000
1000
999.999
999.999
999.629
998.867
999.237
999.885
999.997
1000
999.996
999.97
997.501
996.356
996.998
999.586
999.976
998.449
999.944
999.958
999.828
999.825
999.905
999.994
999.947
995.285
999.948
999.996
999.996
999.992
999.989
999.998
999.998
999.906
999.977
1000
1000
999.615
994.962
993.877
993.884
999.808
1000
1000
1000
999.847
998.03
993.901
995.331
999.98
1000
999.999
999.998
999.996
999.939
999.582
999.471
999.946
1000
999.989
999.602
999.224
999.841
999.996
999.998
1000
1000
999.973
999.112
997.805
999.266
999.992
999.985
998.411
999.988
999.977
999.822
999.717
999.914
999.994
999.771
995.029
999.992
1000
999.995
999.986
999.967
999.99
999.987
999.669
999.998
1000
1000
998.791
993.877
993.877
995.803
1000
1000
1000
1000
999.614
995.45
995.046
998.732
1000
1000
1000
1000
999.976
999.854
999.577
999.701
999.997
1000
999.975
999.767
999.913
999.997
999.997
999.994
1000
1000
999.99
999.965
999.982
999.995
999.997
999.852
998.876
999.999
999.999
999.881
999.734
999.954
999.996
998.982
995.029
999.999
1000
999.992
999.97
999.965
999.986
999.953
999.414
1000
1000
1000
998.854
994.218
995.196
999.231
1000
1000
1000
1000
999.397
996.059
998.781
999.983
1000
1000
1000
1000
999.923
999.703
999.681
999.96
1000
999.999
999.985
999.997
1000
1000
999.992
999.985
999.997
1000
999.998
1000
1000
999.999
999.991
998.496
999.658
999.779
1000
999.978
999.969
999.995
999.923
996.366
995.882
997.98
1000.01
999.989
999.942
999.985
999.986
999.903
999.431
1000
1000
999.98
999.32
998.867
999.335
999.999
999.991
1000
1000
999.969
999.426
999.378
999.995
1000
1000
1000
1000
1000
999.895
999.641
999.907
1000
1000
1000
999.999
1000
1000
999.997
999.986
999.972
999.997
1000
1000
1000
1000
1000
999.277
997.684
999.951
982.2
1000
1000
1000
1000
999.042
995.171
998.923
964.834
1000.03
999.993
999.934
999.991
999.969
999.838
999.691
997.77
1000
999.982
999.855
999.998
1000
1000
999.978
1000
1000
999.937
999.428
999.977
1000
1000
1000
1000
1000
999.996
999.9
999.836
999.995
1000
1000
1000
1000
1000
1000
999.992
999.975
999.968
999.998
996.989
1000
1000
1000
1000
996.07
998.045
999.998
868.964
1000
1000
1000
1000
996.572
995.171
999.722
790.117
1000.06
999.995
999.968
999.944
999.919
999.744
999.956
945.954
1000.01
999.987
999.973
999.999
1000
999.999
999.98
1000
1000
999.91
999.439
999.927
1000
1000
999.999
1000
1000
999.989
999.911
999.985
1000
1000
1000
999.986
1000
1000
999.999
999.985
999.969
999.972
1000
994.369
999.995
1000
1000
999.764
995.294
998.897
1000
820.936
999.949
1000
1000
999.878
995.259
995.289
999.913
694.786
1000.01
999.993
999.99
999.906
999.837
999.639
999.979
914.933
1000
999.991
999.993
999.999
1000
999.993
999.994
1000
1000
999.88
999.507
999.948
1000
1000
999.999
1000
1000
999.984
999.937
999.994
1000
1000
1000
999.99
1000
1000
999.995
999.983
999.966
999.985
1000
998.602
999.996
1000
1000
998.415
996.303
999.802
1000
927.178
999.953
999.998
1000
997.735
995.223
997.229
999.995
844.889
999.9
999.98
999.975
999.866
999.736
999.593
999.989
967.089
999.981
999.997
999.998
1000
999.998
999.972
999.998
999.963
999.998
999.836
999.851
999.99
1000
1000
1000
999.999
999.999
999.985
999.976
999.999
1000
1000
1000
999.975
1000
1000
999.984
999.977
999.96
999.998
1000
999.4
999.994
1000
999.883
996.963
998.862
999.997
1000
996.596
999.916
999.999
999.801
995.273
995.225
999.461
1000
989.249
999.758
999.992
999.951
999.82
999.638
999.622
999.999
998.204
999.965
999.992
1000
1000
999.991
999.947
999.999
999.806
999.985
999.884
999.999
999.999
1000
1000
1000
999.995
999.998
999.989
999.999
1000
1000
1000
1000
999.999
1000
1000
999.969
999.933
999.964
1000
1000
999.998
1000
1000
999.793
997.711
999.878
1000
1000
997.211
999.996
999.999
999.616
995.268
996.711
1000
1000
997.087
999.984
1000
999.955
999.809
999.583
999.75
1000
998.14
1000
999.998
1000
999.998
999.972
999.946
1000
999.988
999.995
999.998
1000
1000
1000
1000
1000
999.999
999.999
999.997
1000
1000
1000
1000
1000
1000
1000
1000
999.963
999.882
999.979
1000
1000
996.256
1000
1000
999.812
999.507
999.992
1000
1000
958.672
1000
1000
999.775
998.047
999.457
1000
1000
953.768
1000
1000
999.985
999.838
999.581
999.864
1000
973.582
1000
1000
1000
999.995
999.927
999.959
1000
1000
1000
1000
1000
1000
1000
1000
1000
1000
1000
1000
1000
1000
1000
1000
1000
1000
1000
1000
999.955
999.901
999.992
1000
1000
963.911
1000
1000
999.802
999.99
1000
1000
1000
783.316
999.942
1000
999.861
999.997
1000
1000
1000
730.972
993.635
1000
1000
999.883
999.584
999.908
1000
858.48
1000.01
1000
1000
999.992
999.895
999.976
1000
998.39
1000
1000
1000
1000
1000
1000
1000
1000
1000
1000
1000
1000
1000
1000
1000
1000
1000
1000
999.941
999.964
999.999
1000
1000
934.651
1000
999.999
999.802
999.958
1000
1000
1000
665.857
996.894
1000
999.897
999.999
1000
1000
1000
570.844
979.248
1000
1000
999.884
999.584
999.934
1000
774.14
1000.01
1000
1000
999.981
999.899
999.988
1000
992
1000
1000
1000
1000
1000
1000
1000
1000
1000
1000
1000
1000
1000
1000
1000
999.985
1000
1000
999.944
999.993
1000
1000
1000
958.403
999.991
1000
999.819
999.966
1000
1000
1000
770.291
999.778
999.986
999.95
999.998
1000
1000
1000
681.84
989.799
999.997
1000
999.868
999.585
999.971
1000
849.947
999.97
1000
1000
999.955
999.923
999.997
1000
993.238
999.998
1000
1000
1000
1000
1000
1000
999.998
1000
1000
1000
1000
1000
1000
1000
1000
1000
1000
1000
1000
1000
1000
999.996
1000
1000
1000
1000
1000
1000
1000
1000
1000
1000
999.991
999.968
999.954
999.96
999.905
999.737
999.999
999.998
999.966
999.852
999.274
999.133
999.132
998.214
1000
999.982
999.955
999.857
999.473
999.572
999.433
998.215
1000
999.986
999.97
999.917
999.811
999.981
999.986
999.978
999.999
999.998
999.996
1000
1000
999.998
999.986
999.991
1000
1000
1000
1000
1000
999.999
999.995
999.998
1000
1000
1000
1000
1000
1000
1000
1000
1000
1000
999.986
999.954
999.95
999.962
999.869
999.564
1000
999.999
999.997
999.753
999.26
999.612
999.194
998.212
1000
999.996
999.983
999.699
999.363
999.947
999.679
998.215
1000
999.998
999.96
999.805
999.795
999.845
999.78
999.87
999.999
999.998
999.997
1000
1000
999.99
999.967
999.98
1000
1000
1000
1000
1000
999.995
999.994
1000
1000
1000
1000
1000
1000
1000
1000
1000
1000
1000
999.976
999.942
999.954
999.971
999.891
999.623
1000
1000
999.98
999.578
999.359
999.97
999.434
998.211
1000
1000
999.895
999.58
999.701
999.958
999.643
998.21
1000
999.997
999.904
999.82
999.932
999.771
999.339
998.613
999.999
999.994
1000
1000
999.996
999.981
999.955
999.921
1000
1000
1000
1000
999.998
999.993
999.996
1000
1000
1000
1000
1000
1000
1000
1000
1000
1000
1000
999.973
999.941
999.942
999.908
999.953
999.837
1000
1000
999.892
999.579
999.825
999.967
999.735
998.614
1000
999.99
999.683
999.581
999.974
999.867
999.02
998.207
1000
999.985
999.883
999.869
999.986
999.804
999.291
998.205
999.997
999.993
1000
999.999
999.986
999.973
999.94
999.74
1000
1000
1000
1000
999.997
999.996
999.999
1000
1000
1000
1000
1000
1000
1000
1000
999.997
1000
1000
999.982
999.949
999.882
999.858
999.918
999.982
1000
1000
999.907
999.635
999.791
999.819
999.749
999.723
1000
999.992
999.715
999.614
999.72
998.923
998.199
998.205
1000
999.989
999.92
999.806
999.645
999.827
999.339
998.205
999.997
999.993
999.999
999.995
999.989
999.965
999.922
999.69
1000
1000
1000
1000
999.998
999.999
1000
1000
1000
1000
1000
999.999
1000
1000
1000
999.982
1000
1000
999.996
999.958
999.851
999.857
999.785
999.984
1000
999.999
999.944
999.863
999.426
998.367
999.38
999.954
1000
999.998
999.882
999.644
998.576
998.199
998.198
998.221
1000
999.994
999.966
999.575
998.894
999.771
999.086
998.205
999.998
999.993
999.989
999.993
999.992
999.96
999.928
999.789
1000
1000
1000
1000
999.999
1000
1000
1000
1000
1000
1000
999.996
1000
1000
1000
999.955
1000
1000
1000
999.938
999.839
999.869
999.719
999.718
1000
999.999
999.981
999.968
998.82
998.199
998.382
999.908
1000
1000
999.992
999.62
998.204
998.199
998.199
998.217
1000
1000
999.946
999.416
999.23
999.57
998.277
998.205
1000
999.992
999.977
999.987
999.973
999.963
999.951
999.972
999.999
1000
1000
1000
1000
1000
1000
1000
999.992
999.999
999.999
999.993
1000
999.996
999.993
999.93
999.982
999.999
999.999
999.882
999.821
999.867
999.509
998.355
999.996
1000
999.998
999.944
998.892
998.2
998.198
998.785
1000
1000
999.966
999.502
999.058
998.281
998.198
998.205
1000
1000
999.882
999.445
999.868
999.517
998.198
998.671
1000
999.992
999.977
999.975
999.934
999.971
999.954
999.752
999.998
1000
1000
1000
1000
1000
1000
1000
999.987
999.999
999.997
999.994
999.999
999.96
999.928
999.861
999.974
999.999
999.995
999.879
999.834
999.537
998.485
998.2
999.991
1000
999.997
999.865
999.386
998.574
998.2
998.2
999.999
1000
999.872
999.489
999.948
999.305
998.679
998.201
1000
1000
999.857
999.691
999.952
999.616
999.278
999.701
1000
999.993
999.977
999.967
999.951
999.969
999.874
999
1000
1000
1000
1000
1000
1000
1000
999.995
999.999
1000
999.998
999.999
999.991
999.888
999.769
999.497
1000
1000
999.994
999.928
999.855
998.478
998.2
998.199
1000
1000
999.99
999.841
999.633
998.579
998.698
998.2
1000
1000
999.871
999.533
999.583
999.802
999.127
998.2
1000
1000
999.909
999.65
999.549
999.803
999.802
999.797
1000
999.996
999.978
999.973
999.996
999.916
999.361
998.944
1000
1000
1000
1000
1000
1000
1000
999.947
1000
1000
999.999
999.999
999.935
999.892
999.754
999.306
1000
1000
999.994
999.982
999.858
998.341
998.418
999.212
1000
1000
999.993
999.862
999.415
998.291
999.188
999.296
1000
1000
999.931
999.512
998.151
998.989
998.6
998.925
1000
1000
999.983
999.432
998.226
999.774
999.793
999.406
1000
999.996
999.984
999.987
999.998
999.719
999.239
999.339
1000
1000
999.999
999.995
1000
1000
999.996
999.891
1000
1000
1000
999.991
999.843
999.935
999.817
999.309
1000
1000
999.997
999.997
999.49
999.164
999.543
999.96
1000
1000
999.999
999.89
998.504
998.288
999.126
999.966
1000
1000
999.987
999.298
998.146
998.146
998.216
999.835
1000
1000
999.998
999.006
998.146
999.323
999.563
996.934
1000
999.995
999.942
999.992
999.923
999.672
999.281
999.676
1000
1000
999.999
999.986
999.999
1000
999.987
999.893
1000
1000
1000
999.918
999.826
999.951
999.977
999.339
1000
1000
1000
1000
998.539
999.734
999.975
999.973
1000
1000
1000
999.839
998.147
998.892
999.311
999.972
1000
1000
999.99
998.517
998.146
998.147
998.528
999.97
1000
1000
999.997
998.767
998.147
998.174
998.03
996.357
1000
999.99
999.915
999.978
999.878
999.736
999.412
998.016
999.998
999.999
999.999
999.968
999.997
999.999
999.957
999.925
999.994
999.998
999.999
999.787
999.868
999.931
999.778
999.88
999.993
1000
1000
999.931
998.774
999.794
999.973
999.973
999.998
1000
1000
999.364
998.328
999.703
999.79
999.973
1000
1000
999.877
998.147
998.147
998.147
999.196
999.925
1000
1000
999.942
998.534
998.261
998.408
996.662
996.356
1000
999.986
999.915
999.967
999.897
999.888
999.316
996.357
1000
999.999
999.994
999.992
999.998
1000
1000
1000
1000
999.999
999.986
999.999
1000
1000
1000
1000
999.999
1000
999.998
999.998
1000
1000
1000
1000
999.996
1000
1000
999.999
999.998
1000
1000
1000
999.992
999.999
1000
1000
1000
1000
1000
1000
999.998
999.999
1000
1000
1000
1000
1000
1000
999.999
999.998
1000
1000
999.997
999.992
999.996
1000
1000
1000
1000
1000
1000
1000
1000
1000
1000
1000
1000
1000
1000
1000
1000
1000
1000
1000
999.999
1000
1000
1000
1000
1000
1000
1000
1000
1000
1000
1000
1000
1000
1000
1000
1000
1000
1000
1000
1000
1000
1000
1000
1000
1000
1000
1000
1000
1000
1000
999.997
999.999
999.998
999.995
999.996
1000
1000
1000
1000
1000
1000
1000
1000
1000
1000
1000
1000
1000
1000
1000
1000
1000
999.992
1000
1000
1000
1000
1000
1000
999.999
999.979
1000
1000
1000
1000
1000
1000
1000
1000
1000
1000
1000
1000
1000
1000
1000
1000
1000
1000
1000
1000
1000
1000
1000
1000
1000
999.995
999.993
999.994
999.997
1000
1000
1000
1000
1000
1000
1000
1000
1000
1000
1000
1000
1000
1000
1000
1000
1000
999.999
999.967
1000
1000
1000
1000
1000
1000
999.997
999.873
1000.01
1000
1000
1000
1000
1000
999.999
999.937
1000.01
1000
1000
1000
1000
1000
1000
1000
1000.01
1000
1000
1000
1000
1000
1000
1000
1000
999.996
999.99
999.996
1000
1000
1000
1000
1000
1000
1000
1000
1000
1000
1000
1000
1000
1000
1000
1000
1000
1000
999.998
999.96
1000
1000
1000
1000
1000
1000
999.994
999.858
1000.02
1000
1000
1000
1000
1000
999.998
999.857
1000
1000
1000
1000
1000
1000
1000
999.998
1000.02
1000
1000
1000
1000
1000
1000
1000
1000
999.998
999.995
999.999
1000
1000
1000
1000
1000
1000
1000
1000
1000
1000
1000
1000
1000
1000
1000
1000
1000
1000
999.998
999.97
1000
1000
1000
1000
1000
1000
999.999
999.862
1000.02
1000
1000
1000
1000
1000
999.997
999.857
998.075
1000
1000
1000
1000
1000
999.999
999.993
1000.02
1000
1000
1000
1000
1000
1000
1000
1000
1000
1000
1000
1000
1000
1000
1000
1000
1000
1000
1000
1000
1000
1000
1000
1000
1000
1000
1000
1000
1000
999.992
999.992
1000
1000
1000
1000
1000
1000
1000
999.943
1000
1000
1000
1000
1000
1000
999.996
999.857
995.073
1000
1000
1000
1000
1000
999.999
999.99
1000
1000
1000
1000
1000
1000
1000
1000
1000
1000
1000
1000
1000
1000
1000
1000
1000
1000
1000
1000
1000
1000
1000
1000
1000
1000
1000
1000
1000
999.997
999.982
1000
999.997
1000
1000
1000
1000
999.999
999.923
999.997
999.961
999.999
1000
1000
1000
1000
999.955
999.899
999.861
999.997
1000
1000
1000
1000
999.997
999.99
999.929
999.999
1000
1000
1000
1000
1000
1000
999.991
1000
1000
1000
1000
1000
1000
1000
1000
1000
1000
1000
1000
1000
1000
1000
1000
1000
1000
1000
999.999
999.988
999.983
1000
999.99
1000
1000
1000
1000
999.979
999.84
1000
999.903
999.998
1000
1000
1000
999.995
999.839
999.986
999.734
999.991
1000
1000
1000
999.999
999.991
999.994
999.89
999.995
1000
1000
1000
1000
1000
1000
999.988
999.999
1000
1000
1000
1000
1000
1000
1000
1000
1000
1000
1000
1000
1000
1000
1000
1000
1000
1000
999.997
999.983
999.985
999.99
999.999
1000
1000
1000
999.998
999.88
999.855
1000
1000
1000
1000
1000
1000
999.961
999.837
1000
999.995
999.999
1000
1000
1000
999.997
999.979
999.995
999.999
1000
1000
1000
1000
1000
1000
1000
1000
1000
1000
1000
1000
1000
1000
1000
1000
1000
1000
1000
1000
1000
1000
1000
1000
1000
1000
1000
999.992
999.985
999.982
999.897
1000
1000
1000
1000
999.988
999.847
999.932
999.827
1000
1000
1000
1000
999.999
999.875
999.837
999.966
1000
1000
1000
1000
1000
999.993
999.976
999.993
1000
1000
1000
1000
1000
1000
1000
1000
1000
1000
1000
1000
1000
1000
1000
1000
1000
1000
1000
1000
1000
1000
1000
1000
1000
1000
1000
1000
999.992
999.991
999.976
999.88
1000
1000
1000
1000
999.954
999.847
999.933
999.583
1000.02
1000
1000
1000
999.997
999.847
999.849
999.644
995.918
1000
1000
1000
1000
999.984
999.979
999.992
1000
1000
1000
1000
1000
1000
1000
1000
1000
1000
1000
1000
1000
1000
1000
1000
1000
1000
1000
1000
1000
1000
1000
1000
1000
1000
1000
1000
999.992
999.996
999.977
999.94
1000
1000
1000
1000
999.91
999.918
999.901
999.582
1000.01
1000
1000
1000
999.958
999.847
999.894
999.582
986.438
1000
1000
1000
999.997
999.973
999.986
999.995
999.688
1000
1000
1000
1000
1000
1000
1000
1000
1000
1000
1000
1000
1000
1000
1000
1000
1000
1000
1000
1000
1000
1000
999.993
1000
1000
1000
999.991
999.994
999.998
999.982
999.993
999.998
1000
1000
999.995
999.899
999.986
999.865
999.744
999.981
1000
1000
1000
999.883
999.847
999.892
999.582
995.896
999.999
1000
1000
999.988
999.972
999.987
999.977
999.958
999.999
1000
1000
1000
1000
1000
1000
999.992
1000
1000
1000
1000
1000
1000
1000
1000
1000
1000
1000
1000
1000
1000
1000
1000
1000
1000
1000
1000
1000
1000
1000
1000
1000
1000
1000
1000
1000
1000
1000
1000
1000
1000
1000
1000
1000
1000
1000
1000
1000
1000
1000
1000
1000
1000
1000
1000
1000
1000
1000
1000
1000
1000
1000
1000
1000
1000
1000
1000
1000
1000
1000
1000
1000
1000
1000
1000
1000
1000
1000
1000
1000
1000
1000
1000
1000
1000
1000
1000
1000
1000
1000
1000
1000
1000
1000
1000
1000
1000
1000
1000
1000
1000
1000
1000
1000
1000
1000
1000
1000
1000
1000
1000
1000
1000
1000
1000
1000
1000
1000
1000
1000
1000
1000
1000
1000
1000
1000
1000
1000
1000
1000
1000
1000
1000
1000
1000
1000
1000
1000
1000
1000
1000
1000
1000
1000
1000
1000
1000
1000
1000
1000
1000
1000
1000
1000
1000
1000
1000
1000
1000
1000
1000
1000
1000
1000
1000
1000
1000
1000
1000
1000
1000
1000
1000
1000
1000
1000
1000
1000
1000
1000
1000
1000
1000
1000
1000
1000
1000
1000
1000
1000
1000
1000
1000
1000
1000
1000
1000
1000
1000
1000
1000
1000
1000
1000
1000
1000
1000
1000
1000
1000
1000
1000
1000
1000
1000
1000
1000
1000
1000
1000
1000
1000
1000
1000
1000
1000
1000
1000
1000
1000
1000
1000
1000
1000
1000
1000
1000
1000
1000
1000
1000
1000
1000
1000
1000
1000
1000
1000
1000
1000
1000
1000
1000
1000
1000
1000
1000
1000
1000
1000
1000
1000
1000
1000
1000
1000
1000
1000
1000
1000
1000
1000
1000
1000
1000
1000
1000
1000
1000
1000
1000
1000
1000
1000
1000
1000
1000
1000
1000
1000
1000
1000
1000
1000
1000
1000
1000
1000
1000
1000
1000
1000
1000
1000
1000
1000
1000
1000
1000
1000
1000
1000
1000
1000
1000
1000
1000
1000
1000
1000
1000
1000
1000
1000
1000
1000
1000
1000
1000
1000
1000
1000
1000
1000
1000
1000
1000
1000
1000
1000
1000
1000
1000
1000
1000
1000
1000
1000
1000
1000
1000
1000
1000
1000
1000
1000
1000
1000
1000
1000
1000
1000
1000
1000
1000
1000
1000
1000
1000
1000
1000
1000
1000
1000
1000
1000
1000
1000
1000
1000
1000
1000
1000
1000
1000
1000
1000
1000
1000
1000
1000
1000
1000
1000
1000
1000
1000
1000
1000
1000
1000
1000
1000
1000
1000
1000
1000
1000
1000
1000
1000
1000
1000
1000
1000
1000
1000
1000
1000
1000
1000
1000
1000
1000
1000
1000
1000
1000
1000
1000
1000
1000
1000
1000
1000
1000
1000
1000
1000
1000
1000
1000
1000
1000
1000
1000
1000
1000
1000
1000
1000
1000
1000
1000
1000
1000
1000
1000
1000
1000
1000
1000
1000
1000
1000
1000
1000
1000
1000
1000
1000
1000
1000
1000
1000
1000
1000
1000
1000
1000
1000
1000
1000
1000
1000
1000
1000
1000
1000
1000
1000
1000
1000
1000
1000
1000
1000
1000
1000
1000
1000
1000
1000
1000
1000
1000
1000
1000
1000
1000
1000
1000
1000
1000
1000
1000
1000
1000
1000
1000
1000
1000
1000
1000
1000
1000
1000
1000
1000
1000
1000
1000
1000
1000
1000
1000
1000
1000
1000
1000
1000
1000
1000
1000
1000
1000
1000
1000
1000
1000
1000
1000
1000
1000
1000
1000
1000
1000
1000
1000
1000
1000
1000
1000
1000
1000
1000
1000
1000
1000
1000
1000
1000
1000
1000
1000
1000
1000
1000
1000
1000
1000
1000
1000
1000
1000
1000
1000
1000
1000
1000
1000
1000
1000
1000
1000
1000
1000
1000
1000
1000
1000
1000
1000
1000
1000
1000
1000
1000
1000
1000
1000
1000
1000
1000
1000
1000
1000
1000
1000
1000
1000
1000
1000
1000
1000
1000
1000
1000
1000
1000
1000
1000
1000
1000
1000
1000
1000
1000
1000
1000
1000
1000
1000
1000
1000
1000
1000
1000
1000
1000
1000
1000
1000
1000
1000
1000
1000
1000
1000
1000
1000
1000
1000
1000
1000
1000
1000
1000
1000
1000
1000
1000
1000
1000
1000
1000
1000
1000
1000
1000
1000
1000
1000
1000
1000
1000
1000
1000
1000
1000
1000
1000
1000
1000
1000
1000
1000
1000
1000
1000
1000
1000
1000
1000
1000
1000
1000
1000
1000
1000
1000
1000
1000
1000
1000
1000
1000
1000
1000
1000
1000
1000
1000
1000
1000
1000
1000
1000
1000
1000
1000
1000
1000
1000
1000
1000
1000
1000
1000
1000
1000
1000
1000
1000
1000
1000
1000
1000
1000
1000
1000
1000
1000
1000
1000
1000
1000
1000
1000
1000
1000
1000
1000
1000
1000
1000
1000
1000
1000
1000
1000
1000
1000
1000
1000
1000
1000
1000
1000
1000
1000
1000
1000
1000
1000
1000
1000
1000
1000
1000
1000
1000
1000
1000
1000
1000
1000
1000
1000
1000
1000
1000
1000
1000
1000
1000
1000
1000
1000
1000
1000
1000
1000
1000
1000
1000
1000
1000
1000
1000
1000
1000
1000
1000
1000
1000
1000
1000
1000
1000
1000
1000
1000
1000
1000
1000
1000
1000
1000
1000
1000
1000
1000
1000
1000
1000
1000
1000
1000
1000
1000
1000
1000
1000
1000
1000
1000
1000
1000
1000
1000
1000
1000
1000
1000
1000
1000
1000
1000
1000
1000
1000
1000
1000
1000
1000
1000
1000
1000
1000
1000
1000
1000
1000
1000
1000
1000
1000
1000
1000
1000
1000
1000
1000
1000
1000
1000
1000
1000
1000
1000
1000
1000
1000
1000
1000
1000
1000
1000
1000
1000
1000
1000
1000
1000
1000
1000
1000
1000
1000
1000
1000
1000
1000
1000
1000
1000
1000
1000
1000
1000
1000
1000
1000
1000
1000
1000
1000
1000
1000
1000
1000
1000
1000
1000
1000
1000
1000
1000
1000
1000
1000
1000
1000
1000
1000
1000
1000
1000
1000
1000
1000
1000
1000
1000
1000
1000
1000
1000
1000
1000
1000
1000
1000
1000
1000
1000
1000
1000
1000
1000
1000
1000
1000
1000
1000
1000
1000
1000
1000
1000
1000
1000
1000
1000
1000
1000
1000
1000
1000
1000
1000
1000
1000
1000
1000
1000
1000
1000
1000
1000
1000
1000
1000
1000
1000
1000
1000
1000
1000
1000
1000
1000
1000
1000
1000
1000
1000
1000
1000
1000
1000
1000
1000
1000
1000
1000
1000
1000
1000
1000
1000
1000
1000
1000
1000
1000
1000
1000
1000
1000
1000
1000
1000
1000
1000
1000
1000
1000
1000
1000
1000
1000
1000
1000
1000
1000
1000
1000
1000
1000
1000
1000
1000
1000
1000
1000
1000
1000
1000
1000
1000
1000
1000
1000
1000
1000
1000
1000
1000
1000
1000
1000
1000
1000
1000
1000
1000
1000
1000
1000
1000
1000
1000
1000
1000
1000
1000
1000
1000
1000
1000
1000
1000
1000
1000
1000
1000
1000
1000
1000
1000
1000
1000
1000
1000
1000
1000
1000
1000
1000
1000
1000
1000
1000
1000
1000
1000
1000
1000
1000
1000
1000
1000
1000
1000
1000
1000
1000
1000
1000
1000
1000
1000
1000
1000
1000
1000
1000
1000
1000
1000
1000
1000
1000
1000
1000
1000
1000
1000
1000
1000
1000
1000
1000
1000
1000
1000
1000
1000
1000
1000
1000
1000
1000
1000
1000
1000
1000
1000
1000
1000
1000
1000
1000
1000
1000
1000
1000
1000
1000
1000
1000
1000
1000
1000
1000
1000
1000
1000
1000
1000
1000
1000
1000
1000
1000
1000
1000
1000
1000
1000
1000
1000
1000
1000
1000
1000
1000
1000
1000
1000
1000
1000
1000
1000
1000
1000
1000
1000
1000
1000
1000
1000
1000
1000
1000
1000
1000
1000
1000
1000
1000
1000
1000
1000
1000
1000
1000
1000
1000
1000
1000
1000
1000
1000
1000
1000
1000
1000
1000
1000
1000
1000
1000
1000
1000
1000
1000
1000
1000
1000
1000
1000
1000
1000
1000
1000
1000
1000
1000
1000
1000
1000
1000
1000
1000
1000
1000
1000
1000
1000
1000
1000
1000
1000
1000
1000
1000
1000
1000
1000
1000
1000
1000
1000
1000
1000
1000
1000
1000
1000
1000
1000
1000
1000
1000
1000
1000
1000
1000
1000
1000
1000
1000
1000
1000
1000
1000
1000
1000
1000
1000
1000
1000
1000
1000
1000
1000
1000
1000
1000
1000
1000
1000
1000
1000
1000
1000
1000
1000
1000
1000
1000
1000
1000
1000
1000
1000
1000
1000
1000
1000
1000
1000
1000
1000
1000
1000
1000
1000
1000
1000
1000
1000
1000
1000
1000
1000
1000
1000
1000
1000
1000
1000
1000
1000
1000
1000
1000
1000
1000
1000
1000
1000
1000
1000
1000
1000
1000
1000
1000
1000
1000
1000
1000
1000
1000
1000
1000
1000
1000
1000
1000
1000
1000
1000
1000
1000
1000
1000
1000
1000
1000
1000
1000
1000
1000
1000
1000
1000
1000
1000
1000
1000
1000
1000
1000
1000
1000
1000
1000
1000
1000
1000
1000
1000
1000
1000
1000
1000
1000
1000
1000
1000
1000
1000
1000
1000
1000
1000
1000
1000
1000
1000
1000
1000
1000
1000
1000
1000
1000
1000
1000
1000
1000
1000
1000
1000
1000
1000
1000
1000
1000
1000
1000
1000
1000
1000
1000
1000
1000
1000
1000
1000
1000
1000
1000
1000
1000
1000
1000
1000
1000
1000
1000
1000
1000
1000
1000
1000
1000
1000
1000
1000
1000
1000
1000
1000
1000
1000
1000
1000
1000
1000
1000
1000
1000
1000
1000
1000
1000
1000
1000
1000
1000
1000
1000
1000
1000
1000
1000
1000
1000
1000
1000
1000
1000
1000
1000
1000
1000
1000
1000
1000
1000
1000
1000
1000
1000
1000
1000
1000
1000
1000
1000
1000
1000
1000
1000
1000
1000
1000
1000
1000
1000
1000
1000
1000
1000
1000
1000
1000
1000
1000
1000
1000
1000
1000
1000
1000
1000
1000
1000
1000
1000
1000
1000
1000
1000
1000
1000
1000
1000
1000
1000
1000
1000
1000
1000
1000
1000
1000
1000
1000
1000
1000
1000
1000
1000
1000
1000
1000
1000
1000
1000
1000
1000
1000
1000
1000
1000
1000
1000
1000
1000
1000
1000
1000
1000
1000
1000
1000
1000
1000
1000
1000
1000
1000
1000
1000
1000
1000
1000
1000
1000
1000
1000
1000
1000
1000
1000
1000
1000
1000
1000
1000
1000
1000
1000
1000
1000
1000
1000
1000
1000
1000
1000
1000
1000
1000
1000
1000
1000
1000
1000
1000
1000
1000
1000
1000
1000
1000
1000
1000
1000
1000
1000
1000
1000
1000
1000
1000
1000
1000
1000
1000
1000
1000
1000
1000
1000
1000
1000
1000
1000
1000
1000
1000
1000
1000
1000
1000
1000
1000
1000
1000
1000
1000
1000
1000
1000
1000
1000
1000
1000
1000
1000
1000
1000
1000
1000
1000
1000
1000
1000
1000
1000
1000
1000
1000
1000
1000
1000
1000
1000
1000
1000
1000
1000
1000
1000
1000
1000
1000
1000
1000
1000
1000
1000
1000
1000
1000
1000
1000
1000
1000
1000
1000
1000
1000
1000
1000
1000
1000
1000
1000
1000
1000
1000
1000
1000
1000
1000
1000
1000
1000
1000
1000
1000
1000
1000
1000
1000
1000
1000
1000
1000
1000
1000
1000
1000
1000
1000
1000
1000
1000
1000
1000
1000
1000
1000
1000
1000
1000
1000
1000
1000
1000
1000
1000
1000
1000
1000
1000
1000
1000
1000
1000
1000
1000
1000
1000
1000
1000
1000
1000
1000
1000
1000
1000
1000
1000
1000
1000
1000
1000
1000
1000
1000
1000
1000
1000
1000
1000
1000
1000
1000
1000
1000
1000
1000
1000
1000
1000
1000
1000
1000
1000
1000
1000
1000
1000
1000
1000
1000
1000
1000
1000
1000
1000
1000
1000
1000
1000
1000
1000
1000
1000
1000
1000
1000
1000
1000
1000
1000
1000
1000
1000
1000
1000
1000
1000
1000
1000
1000
1000
1000
1000
1000
1000
1000
1000
1000
1000
1000
1000
1000
1000
1000
1000
1000
1000
1000
1000
1000
1000
1000
1000
1000
1000
1000
1000
1000
1000
1000
1000
1000
1000
1000
1000
1000
1000
1000
1000
1000
1000
1000
1000
1000
1000
1000
1000
1000
1000
1000
1000
1000
1000
1000
1000
1000
1000
1000
1000
1000
1000
1000
1000
1000
1000
1000
1000
1000
1000
1000
1000
1000
1000
1000
1000
1000
1000
1000
1000
1000
1000
1000
1000
1000
1000
1000
1000
1000
1000
1000
1000
1000
1000
1000
1000
1000
1000
1000
1000
1000
1000
1000
1000
1000
1000
1000
1000
1000
1000
1000
1000
1000
1000
1000
1000
1000
1000
1000
1000
1000
1000
1000
1000
1000
1000
1000
1000
1000
1000
1000
1000
1000
1000
1000
1000
1000
1000
1000
1000
1000
1000
1000
1000
1000
1000
1000
1000
1000
1000
1000
1000
1000
1000
1000
1000
1000
1000
1000
1000
1000
1000
1000
1000
1000
1000
1000
1000
1000
1000
1000
1000
1000
1000
1000
1000
1000
1000
1000
1000
1000
1000
1000
1000
1000
1000
1000
1000
1000
1000
1000
1000
1000
1000
1000
1000
1000
1000
1000
1000
1000
1000
1000
1000
1000
1000
1000
1000
1000
1000
1000
1000
1000
1000
1000
1000
1000
1000
1000
1000
1000
1000
1000
1000
1000
1000
1000
1000
1000
1000
1000
1000
1000
1000
1000
1000
1000
1000
1000
1000
1000
1000
1000
1000
1000
1000
1000
1000
1000
1000
1000
1000
1000
1000
1000
1000
1000
1000
1000
1000
1000
1000
1000
1000
1000
1000
1000
1000
1000
1000
1000
1000
1000
1000
1000
1000
1000
1000
1000
1000
1000
1000
1000
1000
1000
1000
1000
1000
1000
1000
1000
1000
1000
1000
1000
1000
1000
1000
1000
1000
1000
1000
1000
1000
1000
1000
1000
1000
1000
1000
1000
1000
1000
1000
1000
1000
1000
1000
1000
1000
1000
1000
1000
1000
1000
1000
1000
1000
1000
1000
1000
1000
1000
1000
1000
1000
1000
1000
1000
1000
1000
1000
1000
1000
1000
1000
1000
1000
1000
1000
1000
1000
1000
1000
1000
1000
1000
1000
1000
1000
1000
1000
1000
1000
1000
1000
1000
1000
1000
1000
1000
1000
1000
1000
1000
1000
1000
1000
1000
1000
1000
1000
1000
1000
1000
1000
1000
1000
1000
1000
1000
1000
1000
1000
1000
1000
1000
1000
1000
1000
1000
1000
1000
1000
1000
1000
1000
1000
1000
1000
1000
1000
1000
1000
1000
1000
1000
1000
1000
1000
1000
1000
1000
1000
1000
1000
1000
1000
1000
1000
1000
1000
1000
1000
1000
1000
1000
1000
1000
1000
1000
1000
1000
1000
1000
1000
1000
1000
1000
1000
1000
1000
1000
1000
1000
1000
1000
1000
1000
1000
1000
1000
1000
1000
1000
1000
1000
1000
1000
1000
1000
1000
1000
1000
1000
1000
1000
1000
1000
1000
1000
1000
1000
1000
1000
1000
1000
1000
1000
1000
1000
1000
1000
1000
1000
1000
1000
1000
1000
1000
1000
1000
1000
1000
1000
1000
1000
1000
1000
1000
1000
1000
1000
1000
1000
1000
1000
1000
1000
1000
1000
1000
1000
1000
1000
1000
1000
1000
1000
1000
1000
1000
1000
1000
1000
1000
1000
1000
1000
1000
1000
1000
1000
1000
1000
1000
1000
1000
1000
1000
1000
1000
1000
1000
1000
1000
1000
1000
1000
1000
1000
1000
1000
1000
1000
1000
1000
1000
1000
1000
1000
1000
1000
1000
1000
1000
1000
1000
1000
1000
1000
1000
1000
1000
1000
1000
1000
1000
1000
1000
1000
1000
1000
1000
1000
1000
1000
1000
1000
1000
1000
1000
1000
1000
1000
1000
1000
1000
1000
1000
1000
1000
1000
1000
1000
1000
1000
1000
1000
1000
1000
1000
1000
1000
1000
1000
1000
1000
1000
1000
1000
1000
1000
1000
1000
1000
1000
1000
1000
1000
1000
1000
1000
1000
1000
1000
1000
1000
1000
1000
1000
1000
1000
1000
1000
1000
1000
1000
1000
1000
1000
1000
1000
1000
1000
1000
1000
1000
1000
1000
1000
1000
1000
1000
1000
1000
1000
1000
1000
1000
1000
1000
1000
1000
1000
1000
1000
1000
1000
1000
1000
1000
1000
1000
1000
1000
1000
1000
1000
1000
1000
1000
1000
1000
1000
1000
1000
1000
1000
1000
1000
1000
1000
1000
1000
1000
1000
1000
1000
1000
1000
1000
1000
1000
1000
1000
1000
1000
1000
1000
1000
1000
1000
1000
1000
1000
1000
1000
1000
1000
1000
1000
1000
1000
1000
1000
1000
1000
1000
1000
1000
1000
1000
1000
1000
1000
1000
1000
1000
1000
1000
1000
1000
1000
1000
1000
1000
1000
1000
1000
1000
1000
1000
1000
1000
1000
1000
1000
1000
1000
1000
1000
1000
1000
1000
1000
1000
1000
1000
1000
1000
1000
1000
1000
1000
1000
1000
1000
1000
1000
1000
1000
1000
1000
1000
1000
1000
1000
1000
1000
1000
1000
1000
1000
1000
1000
1000
1000
1000
1000
1000
1000
1000
1000
1000
1000
1000
1000
1000
1000
1000
1000
1000
1000
1000
1000
1000
1000
1000
1000
1000
1000
1000
1000
1000
1000
1000
1000
1000
1000
1000
1000
1000
1000
1000
1000
1000
1000
1000
1000
1000
1000
1000
1000
1000
1000
1000
1000
1000
1000
1000
1000
1000
1000
1000
1000
1000
1000
1000
1000
1000
1000
1000
1000
1000
1000
1000
1000
1000
1000
1000
1000
1000
1000
1000
1000
1000
1000
1000
1000
1000
1000
1000
1000
1000
1000
1000
1000
1000
1000
1000
1000
1000
1000
1000
1000
1000
1000
1000
1000
1000
1000
1000
1000
1000
1000
1000
1000
1000
1000
1000
1000
1000
1000
1000
1000
1000
1000
1000
1000
1000
1000
1000
1000
1000
1000
1000
1000
1000
1000
1000
1000
1000
1000
1000
1000
1000
1000
1000
1000
1000
1000
1000
1000
1000
1000
1000
1000
1000
1000
1000
1000
1000
1000
1000
1000
1000
1000
1000
1000
1000
1000
1000
1000
1000
1000
1000
1000
1000
1000
1000
1000
1000
1000
1000
1000
1000
1000
1000
1000
1000
1000
1000
1000
1000
1000
1000
1000
1000
1000
1000
1000
1000
1000
1000
1000
1000
1000
1000
1000
1000
1000
1000
1000
1000
1000
1000
1000
1000
1000
1000
1000
1000
1000
1000
1000
1000
1000
1000
1000
1000
1000
1000
1000
1000
1000
1000
1000
1000
1000
1000
1000
1000
1000
1000
1000
1000
1000
1000
1000
1000
1000
1000
1000
1000
1000
1000
1000
1000
1000
1000
1000
1000
1000
1000
1000
1000
1000
1000
1000
1000
1000
1000
1000
1000
1000
1000
1000
1000
1000
1000
1000
1000
1000
1000
1000
1000
1000
1000
1000
1000
1000
1000
1000
1000
1000
1000
1000
1000
1000
1000
1000
1000
1000
1000
1000
1000
1000
1000
1000
1000
1000
1000
1000
1000
1000
1000
1000
1000
1000
1000
1000
1000
1000
1000
1000
1000
1000
1000
1000
1000
1000
1000
998.395
989.922
985.246
996.578
999.816
999.995
1000
958.262
879.565
852.169
923.608
979.997
999.777
999.999
799.004
520.891
478.956
658.812
934.254
996.908
999.984
615.205
365.333
363.866
518.528
886.625
987.888
999.974
708.437
382.201
363.877
566.318
906.922
991.559
999.981
895.382
701.442
605.713
806.933
961.745
998.755
999.995
982.592
950.984
934.603
969.713
995.391
999.953
1000
999.989
994.357
992.233
999.997
999.998
999.999
1000
982.631
986.657
974.585
971.894
989.106
1000
1000
966.685
834.574
746.24
871.695
976.611
999.998
999.999
936.55
472.779
364.555
742.301
974.714
996.835
1000
971.61
654.286
415.844
797.871
976.538
998.94
1000
959.516
894.003
816.947
936.232
979.429
1000
1000
987.668
978.927
974.899
981.544
998.951
999.999
1000
999.739
980.88
974.927
997.038
1000
1000
1000
897.701
917.74
903.65
890.636
974.853
1000
1000
845.552
760.813
684.356
777.409
904.19
1000
1000
830.555
745.876
571.382
644.283
904.492
992.14
1000
833.927
775.079
727.612
674.949
908.598
996.658
862.334
708.214
655.768
853.783
928.507
964.589
934.959
922.976
941.393
1000
1000
1000
1000
1000
999.987
999.888
999.863
1000
1000
1000
1000
1000
1000
1000
999.999
1000
1000
1000
1000
1000
1000
1000
1000
1000
1000
1000
1000
1000
1000
1000
1000
1000
1000
1000
1000
1000
1000
1000
1000
1000
1000
1000
1000
1000
1000
1000
1000
1000
1000
1000
1000
1000
1000
1000
1000
1000
1000
1000
1000
1000
999.943
999.774
999.98
1000
1000
1000
1000
1000
1000
1000
999.98
1000
1000
1000
1000
1000
1000
1000
1000
1000
1000
1000
1000
1000
1000
1000
1000
1000
1000
1000
1000
1000
1000
1000
1000
1000
1000
1000
1000
1000
1000
1000
1000
1000
1000
1000
1000
1000
1000
1000
1000
1000
1000
1000
1000
999.994
999.873
999.689
999.58
1000
1000
1000
1000
1000
1000
1000
1000
999.815
999.999
999.997
999.977
999.999
1000
1000
1000
990.51
999.981
999.991
999.979
999.987
1000
1000
1000
962.009
999.836
999.994
999.995
999.999
1000
1000
1000
933.135
999.064
999.994
999.998
999.828
999.783
999.996
999.998
974.916
999.873
999.999
999.999
999.937
999.963
1000
1000
997.548
999.997
1000
1000
1000
1000
1000
1000
999.993
1000
1000
1000
1000
1000
1000
1000
999.957
1000
999.997
1000
1000
1000
1000
1000
990.987
999.996
999.996
1000
1000
1000
1000
1000
985.63
999.959
999.999
1000
1000
999.999
1000
999.991
985.078
999.167
999.999
999.991
999.823
999.966
1000
999.898
986.61
999.988
1000
999.998
999.941
999.989
1000
999.979
998.931
999.999
1000
1000
1000
1000
1000
1000
1000
1000
999.998
999.998
1000
1000
1000
1000
1000
1000
1000
1000
1000
1000
1000
1000
967.695
1000
1000
1000
1000
1000
1000
1000
902.4
999.425
1000
1000
1000
999.999
1000
999.944
899.054
993.176
1000
999.995
999.851
999.995
1000
999.789
920.772
1000
1000
999.999
999.964
999.997
1000
999.925
995.309
1000
1000
1000
1000
1000
1000
1000
1000
1000
999.995
999.998
1000
1000
1000
1000
999.997
999.999
999.98
999.924
999.995
999.996
999.934
999.97
999.979
999.999
999.957
999.766
999.921
999.868
999.12
999.97
999.97
999.999
999.997
999.836
999.607
999.594
999.852
999.141
999.989
1000
999.955
998.269
999.143
999.845
999.848
999.374
1000
1000
999.796
998.147
998.147
998.203
999.504
997.651
1000
1000
999.842
998.229
999.336
999.143
996.785
996.356
1000
999.987
999.92
999.978
999.954
999.897
998.606
996.571
999.999
999.997
999.91
999.878
999.991
999.99
999.936
999.977
1000
1000
999.908
999.766
999.809
999.784
999.092
998.916
1000
1000
999.995
999.846
999.771
999.311
999.425
996.591
999.999
1000
999.93
998.718
999.73
999.844
999.817
996.673
1000
1000
999.858
998.681
998.147
999.115
999.464
996.356
1000
1000
999.843
998.803
999.955
999.694
996.975
996.356
1000
999.989
999.944
999.992
999.991
999.649
997.111
998.982
1000
999.996
999.877
999.875
999.985
999.983
999.948
999.982
1000
1000
999.911
999.786
999.674
999.608
999.159
996.773
1000
1000
999.998
999.921
999.75
999.31
998.823
996.446
1000
1000
999.949
999.895
999.916
999.439
999.722
996.536
1000
1000
999.921
999.79
999.107
999.923
999.418
996.357
1000
999.998
999.873
999.893
999.965
999.719
997.059
997.3
1000
999.992
999.962
999.98
999.956
998.493
997.058
999.509
1000
1000
1000
1000
1000
1000
999.998
999.96
1000
1000
999.999
999.983
999.997
1000
999.981
999.848
999.991
1000
1000
999.985
999.947
999.995
999.874
999.874
999.917
999.999
1000
999.992
999.876
999.917
999.8
999.582
999.883
999.997
1000
999.999
999.981
999.974
999.986
999.811
999.856
999.998
1000
1000
1000
1000
1000
1000
999.976
1000
1000
1000
1000
1000
1000
1000
1000
1000
1000
1000
1000
1000
999.993
999.948
1000
1000
999.998
999.983
999.999
1000
999.966
999.598
1000
1000
999.999
999.983
999.993
1000
999.907
999.722
1000
1000
1000
999.985
999.876
999.975
999.742
999.722
999.999
1000
1000
999.998
999.983
999.985
999.981
999.755
999.999
999.999
1000
1000
1000
1000
1000
1000
1000
1000
1000
1000
1000
1000
1000
1000
1000
1000
1000
1000
1000
1000
1000
999.999
1000
1000
1000
1000
1000
1000
1000
1000
1000
1000
1000
1000
1000
1000
1000
1000
1000
1000
1000
1000
1000
1000
1000
1000
1000
1000
1000
1000
1000
1000
1000
1000
1000
1000
1000
1000
1000
1000
1000
1000
1000
1000
1000
1000
1000
1000
1000
1000
1000
1000
1000
1000
1000
1000
1000
1000
1000
1000
1000
1000
1000
1000
1000
1000
1000
1000
1000
1000
1000
1000
1000
1000
1000
1000
1000
1000
1000
1000
1000
1000
1000
1000
1000
1000
1000
1000
1000
1000
1000
1000
1000
1000
1000
1000
1000
1000
1000
1000
1000
1000
1000
1000
1000
1000
1000
1000
1000
1000
1000
1000
1000
1000
1000
1000
1000
1000
1000
1000
1000
1000
1000
1000
1000
1000
1000
1000
1000
1000
1000
1000
1000
1000
1000
1000
1000
1000
1000
1000
1000
1000
1000
1000
1000
1000
1000
1000
1000
1000
1000
1000
1000
1000
1000
1000
1000
1000
1000
1000
1000
1000
1000
1000
1000
1000
1000
1000
1000
1000
1000
1000
1000
1000
1000
1000
1000
1000
1000
1000
1000
1000
1000
1000
1000
1000
1000
1000
1000
1000
1000
1000
1000
1000
1000
1000
1000
1000
1000
1000
1000
1000
1000
1000
1000
1000
1000
1000
1000
1000
1000
1000
1000
1000
1000
1000
1000
1000
1000
1000
1000
1000
1000
1000
1000
1000
1000
1000
1000
1000
1000
1000
1000
1000
1000
1000
1000
1000
1000
1000
1000
1000
1000
1000
1000
1000
1000
1000
1000
1000
1000
1000
1000
1000
1000
1000
1000
1000
1000
1000
1000
1000
1000
1000
1000
1000
1000
1000
1000
1000
1000
1000
1000
1000
1000
1000
1000
1000
1000
1000
1000
1000
1000
1000
1000
1000
1000
1000
1000
1000
1000
1000
1000
1000
1000
1000
1000
1000
1000
1000
1000
1000
1000
1000
1000
1000
1000
1000
1000
1000
1000
1000
1000
1000
1000
1000
1000
1000
1000
1000
1000
1000
1000
1000
1000
1000
1000
1000
1000
1000
1000
1000
1000
1000
1000
1000
1000
1000
1000
1000
1000
1000
1000
1000
1000
1000
1000
1000
1000
1000
1000
1000
1000
1000
1000
1000
1000
1000
1000
1000
1000
1000
1000
1000
1000
1000
1000
1000
1000
1000
1000
1000
1000
1000
1000
1000
1000
1000
1000
1000
1000
1000
1000
1000
1000
1000
1000
1000
1000
1000
1000
1000
1000
1000
1000
1000
1000
1000
1000
1000
1000
1000
1000
1000
1000
1000
1000
1000
1000
1000
1000
1000
1000
1000
1000
1000
1000
1000
1000
1000
1000
1000
1000
1000
1000
1000
1000
1000
1000
1000
1000
1000
1000
1000
1000
1000
1000
1000
1000
1000
1000
1000
1000
1000
1000
1000
1000
1000
1000
1000
1000
1000
1000
1000
1000
1000
1000
1000
1000
1000
1000
1000
1000
1000
1000
1000
1000
1000
1000
1000
1000
1000
1000
1000
1000
1000
1000
1000
1000
1000
1000
1000
1000
1000
1000
1000
1000
1000
1000
1000
1000
1000
1000
1000
1000
1000
1000
1000
1000
1000
1000
1000
1000
1000
1000
1000
1000
1000
1000
1000
1000
1000
1000
1000
1000
1000
1000
1000
1000
1000
1000
1000
1000
1000
1000
1000
1000
1000
1000
1000
1000
1000
1000
1000
1000
1000
1000
1000
1000
1000
1000
1000
1000
1000
1000
1000
1000
1000
1000
1000
1000
1000
1000
1000
1000
1000
1000
1000
1000
1000
1000
1000
1000
1000
1000
1000
1000
1000
1000
1000
1000
1000
1000
1000
1000
1000
1000
1000
1000
1000
1000
1000
1000
1000
1000
1000
1000
1000
1000
1000
1000
1000
1000
1000
1000
1000
1000
1000
1000
1000
1000
1000
1000
1000
1000
1000
1000
1000
1000
1000
1000
1000
1000
1000
1000
1000
1000
1000
1000
1000
1000
1000
1000
1000
1000
1000
1000
1000
1000
1000
1000
1000
1000
1000
1000
1000
1000
1000
1000
1000
1000
1000
1000
1000
1000
1000
1000
1000
1000
1000
1000
1000
1000
1000
1000
1000
1000
1000
1000
1000
1000
1000
1000
1000
1000
1000
1000
1000
1000
1000
1000
1000
1000
1000
1000
1000
1000
1000
1000
1000
1000
1000
1000
1000
1000
1000
1000
1000
1000
1000
1000
1000
1000
1000
1000
1000
1000
1000
1000
1000
1000
1000
1000
1000
1000
1000
1000
1000
1000
1000
1000
1000
1000
1000
1000
1000
1000
1000
1000
1000
1000
1000
1000
1000
1000
1000
1000
1000
1000
1000
1000
1000
1000
1000
1000
1000
1000
1000
1000
1000
1000
1000
1000
1000
1000
1000
1000
1000
1000
1000
1000
1000
1000
1000
1000
1000
1000
1000
1000
1000
1000
1000
1000
1000
1000
1000
1000
1000
1000
1000
1000
1000
1000
1000
1000
1000
1000
1000
1000
1000
1000
1000
1000
1000
1000
1000
1000
1000
1000
1000
1000
1000
1000
1000
1000
1000
1000
1000
1000
1000
1000
1000
1000
1000
1000
1000
1000
1000
1000
1000
1000
1000
1000
1000
1000
1000
1000
1000
1000
1000
1000
1000
1000
1000
1000
1000
1000
1000
1000
1000
1000
1000
1000
1000
1000
1000
1000
1000
1000
1000
1000
1000
1000
1000
1000
1000
1000
1000
1000
1000
1000
1000
1000
1000
1000
1000
1000
1000
1000
1000
1000
1000
1000
1000
1000
1000
1000
1000
1000
1000
1000
1000
1000
1000
1000
1000
1000
1000
1000
1000
1000
1000
1000
1000
1000
1000
1000
1000
1000
1000
1000
1000
1000
1000
1000
1000
1000
1000
1000
1000
1000
1000
1000
1000
1000
1000
1000
1000
1000
1000
1000
1000
1000
1000
1000
1000
1000
1000
1000
1000
1000
1000
1000
1000
1000
1000
1000
1000
1000
1000
1000
1000
1000
1000
1000
1000
1000
1000
1000
1000
1000
1000
1000
1000
1000
1000
1000
1000
1000
1000
1000
1000
1000
1000
1000
1000
1000
1000
1000
1000
1000
1000
1000
1000
1000
1000
1000
1000
1000
1000
1000
1000
1000
1000
1000
1000
1000
1000
1000
1000
1000
1000
1000
1000
1000
1000
1000
1000
1000
1000
1000
1000
1000
1000
1000
1000
1000
1000
1000
1000
1000
1000
1000
1000
1000
1000
1000
1000
1000
1000
1000
1000
1000
1000
1000
1000
1000
1000
1000
1000
1000
1000
1000
1000
1000
1000
1000
1000
1000
1000
1000
1000
1000
1000
1000
1000
1000
1000
1000
1000
1000
1000
1000
1000
1000
1000
1000
1000
1000
1000
1000
1000
1000
1000
1000
1000
1000
1000
1000
1000
1000
1000
1000
1000
1000
1000
1000
1000
1000
1000
1000
1000
1000
1000
1000
1000
1000
1000
1000
1000
1000
1000
1000
1000
1000
1000
1000
1000
1000
1000
1000
1000
1000
1000
1000
1000
1000
1000
1000
1000
1000
1000
1000
1000
1000
1000
1000
1000
1000
1000
1000
1000
1000
1000
1000
1000
1000
1000
1000
1000
1000
1000
1000
1000
1000
1000
1000
1000
1000
1000
1000
1000
1000
1000
1000
1000
1000
1000
1000
1000
1000
1000
1000
1000
1000
1000
1000
1000
1000
)
;

boundaryField
{
    base
    {
        type            calculated;
        value           nonuniform 0();
    }
    outlet
    {
        type            calculated;
        value           nonuniform 0();
    }
    walls
    {
        type            calculated;
        value           nonuniform List<scalar> 
1375
(
1000
1000
1000
1000
1000
1000
1000
1000
1000
1000
1000
1000
1000
1000
1000
1000
1000
1000
1000
1000
1000
1000
1000
1000
1000
1000
1000
1000
1000
1000
1000
1000
1000
1000
1000
1000
1000
1000
1000
1000
1000
1000
1000
1000
1000
1000
1000
1000
1000
1000
1000
1000
1000
1000
1000
1000
1000
1000
1000
1000
1000
1000
1000
1000
1000
1000
1000
1000
1000
1000
1000
1000
1000
1000
1000
1000
1000
1000
1000
1000
1000
1000
1000
1000
1000
1000
1000
1000
1000
1000
1000
1000
1000
1000
1000
1000
1000
1000
1000
1000
1000
1000
1000
1000
1000
1000
1000
1000
1000
1000
1000
1000
1000
1000
1000
1000
1000
1000
1000
1000
1000
1000
1000
1000
1000
1000
1000
1000
1000
1000
1000
1000
1000
1000
1000
1000
1000
1000
1000
1000
1000
1000
1000
1000
1000
1000
1000
1000
1000
1000
1000
1000
1000
1000
1000
1000
1000
1000
1000
1000
1000
1000
1000
1000
1000
1000
1000
1000
1000
1000
1000
1000
1000
1000
1000
1000
1000
1000
1000
1000
1000
1000
1000
1000
1000
1000
1000
1000
1000
1000
1000
1000
1000
1000
1000
1000
1000
1000
1000
1000
1000
1000
1000
1000
1000
1000
1000
1000
1000
1000
1000
1000
1000
1000
1000
1000
1000
1000
1000
1000
1000
1000
1000
1000
1000
1000
1000
1000
1000
1000
1000
1000
1000
1000
1000
1000
1000
1000
1000
1000
1000
1000
1000
1000
1000
1000
1000
1000
1000
1000
1000
1000
1000
1000
1000
1000
1000
1000
1000
1000
1000
1000
1000
1000
1000
1000
1000
1000
1000
1000
1000
1000
1000
1000
1000
1000
1000
1000
1000
1000
1000
1000
1000
1000
1000
1000
1000
1000
1000
1000
1000
1000
1000
1000
1000
1000
1000
1000
1000
1000
1000
1000
1000
1000
1000
1000
1000
1000
1000
1000
1000
1000
1000
1000
1000
1000
1000
1000
1000
1000
1000
1000
1000
1000
1000
1000
1000
1000
1000
1000
1000
1000
1000
1000
1000
1000
1000
1000
1000
1000
1000
1000
1000
1000
1000
1000
1000
1000
1000
1000
1000
1000
1000
1000
1000
1000
1000
1000
1000
1000
1000
1000
1000
1000
1000
1000
1000
1000
1000
1000
1000
1000
1000
1000
1000
1000
1000
1000
1000
1000
1000
1000
1000
1000
1000
1000
1000
1000
1000
1000
1000
1000
1000
1000
1000
1000
1000
1000
1000
1000
1000
1000
1000
1000
1000
1000
1000
1000
1000
1000
1000
1000
1000
1000
1000
1000
1000
1000
1000
1000
1000
1000
1000
1000
1000
1000
1000
1000
1000
1000
999.988
1000
1000
1000
1000
1000
1000
999.978
1000
1000
1000
1000
1000
1000
999.98
1000
1000
1000
1000
1000
1000
999.99
1000
1000
1000
1000
1000
1000
999.996
1000
1000
1000
1000
1000
1000
999.964
1000
1000
1000
1000
1000
1000
999.845
1000
1000
1000
1000
1000
1000
999.749
1000
1000
1000
1000
1000
1000
1000
998.449
995.285
999.906
999.808
999.98
999.946
1000
998.411
995.029
999.669
1000
1000
999.997
1000
998.876
995.029
999.414
1000
1000
1000
999.997
999.658
995.882
999.431
999.991
1000
1000
999.997
999.951
998.923
999.691
999.978
1000
1000
999.998
999.998
999.722
999.956
999.98
999.999
1000
1000
1000
999.913
999.979
999.994
999.999
1000
1000
1000
999.995
999.989
999.998
1000
1000
1000
1000
1000
999.999
999.999
1000
1000
1000
1000
1000
1000
1000
1000
1000
1000
1000
1000
1000
1000
1000
1000
1000
1000
1000
1000
1000
1000
1000
1000
1000
1000
1000
1000
1000
1000
1000
1000
1000
1000
1000
1000
1000
999.996
1000
999.737
998.214
998.215
999.978
999.991
999.998
1000
999.564
998.212
998.215
999.87
999.98
1000
1000
999.623
998.211
998.21
998.613
999.921
1000
1000
999.837
998.614
998.207
998.205
999.74
1000
999.997
999.982
999.723
998.205
998.205
999.69
1000
999.982
999.984
999.954
998.221
998.205
999.789
1000
999.955
999.718
999.908
998.217
998.205
999.972
1000
999.93
998.355
998.785
998.205
998.671
999.752
1000
999.861
998.2
998.2
998.201
999.701
999
999.995
999.497
998.199
998.2
998.2
999.797
998.944
999.947
999.306
999.212
999.296
998.925
999.406
999.339
999.891
999.309
999.96
999.966
999.835
996.934
999.676
999.893
999.339
999.973
999.972
999.97
996.357
998.016
999.925
999.88
999.973
999.973
999.925
996.356
996.357
1000
1000
1000
1000
1000
1000
1000
1000
1000
1000
1000
1000
1000
1000
1000
999.992
999.979
1000
1000
1000
1000
1000
999.967
999.873
999.937
1000
1000
1000
1000
999.96
999.858
999.857
999.998
1000
1000
1000
999.97
999.862
999.857
999.993
1000
1000
1000
999.992
999.943
999.857
999.99
1000
1000
1000
1000
999.997
999.899
999.99
1000
1000
1000
1000
1000
999.986
999.994
1000
1000
1000
999.99
1000
1000
999.995
1000
1000
1000
999.897
999.827
999.966
999.993
1000
1000
1000
999.88
999.583
999.644
999.992
1000
1000
1000
999.94
999.582
999.582
999.995
1000
1000
999.993
999.993
999.744
999.582
999.977
1000
1000
1000
1000
1000
1000
1000
1000
1000
1000
1000
1000
1000
1000
1000
1000
1000
1000
1000
1000
1000
1000
1000
1000
1000
1000
1000
1000
1000
1000
1000
1000
1000
1000
1000
1000
1000
1000
1000
1000
1000
1000
1000
1000
1000
1000
1000
1000
1000
1000
1000
1000
1000
1000
1000
1000
1000
1000
1000
1000
1000
1000
1000
1000
1000
1000
1000
1000
1000
1000
1000
1000
1000
1000
1000
1000
1000
1000
1000
1000
1000
1000
1000
1000
1000
1000
1000
1000
1000
1000
1000
1000
1000
1000
1000
1000
1000
1000
1000
1000
1000
1000
1000
1000
1000
1000
1000
1000
1000
1000
1000
1000
1000
1000
1000
1000
1000
1000
1000
1000
1000
1000
1000
1000
1000
1000
1000
1000
1000
1000
1000
1000
1000
1000
1000
1000
1000
1000
1000
1000
1000
1000
1000
1000
1000
1000
1000
1000
1000
1000
1000
1000
1000
1000
1000
1000
1000
1000
1000
1000
1000
1000
1000
1000
1000
1000
1000
1000
1000
1000
1000
1000
1000
1000
1000
1000
1000
1000
1000
1000
1000
1000
1000
1000
1000
1000
1000
1000
1000
1000
1000
1000
1000
1000
1000
1000
1000
1000
1000
1000
1000
1000
1000
1000
1000
1000
1000
1000
1000
1000
1000
1000
1000
1000
1000
1000
1000
1000
1000
1000
1000
1000
1000
1000
1000
1000
1000
1000
1000
1000
1000
1000
1000
1000
1000
1000
1000
1000
1000
1000
1000
1000
1000
1000
1000
1000
1000
1000
1000
1000
1000
1000
1000
1000
1000
1000
1000
1000
1000
1000
1000
1000
1000
1000
1000
1000
1000
1000
1000
1000
1000
1000
1000
1000
1000
1000
1000
1000
1000
1000
1000
1000
1000
1000
1000
1000
1000
1000
1000
1000
1000
1000
1000
1000
1000
1000
1000
1000
1000
1000
1000
1000
1000
1000
1000
1000
1000
1000
1000
1000
1000
1000
1000
1000
1000
1000
1000
1000
1000
1000
1000
1000
1000
1000
1000
1000
1000
1000
1000
1000
1000
1000
1000
1000
1000
1000
1000
1000
1000
1000
1000
1000
1000
1000
1000
1000
1000
1000
1000
1000
1000
1000
1000
1000
1000
1000
1000
1000
1000
1000
1000
1000
1000
1000
1000
1000
1000
1000
1000
1000
1000
1000
1000
1000
1000
1000
1000
1000
1000
1000
1000
1000
1000
999.863
999.999
1000
1000
1000
1000
1000
999.98
999.98
1000
1000
1000
1000
1000
999.58
1000
1000
1000
999.998
1000
1000
1000
1000
1000
999.991
999.898
999.979
1000
1000
1000
1000
999.944
999.789
999.925
1000
1000
999.97
999.97
999.141
999.374
997.651
996.356
996.571
999.977
998.916
996.591
996.673
996.356
996.356
998.982
999.982
996.773
996.446
996.536
996.357
997.3
999.509
999.96
999.848
999.874
999.582
999.811
1000
1000
999.948
999.598
999.722
999.722
999.755
1000
1000
1000
1000
1000
1000
1000
1000
1000
1000
1000
1000
1000
1000
1000
1000
1000
1000
1000
1000
1000
1000
1000
1000
1000
1000
1000
1000
1000
1000
1000
1000
1000
1000
1000
1000
1000
1000
1000
1000
1000
1000
1000
1000
1000
1000
1000
1000
1000
1000
1000
1000
1000
1000
1000
1000
1000
1000
1000
1000
1000
1000
1000
1000
1000
1000
1000
1000
1000
1000
1000
1000
1000
1000
1000
1000
1000
1000
1000
1000
1000
1000
1000
1000
1000
1000
1000
1000
1000
1000
1000
1000
1000
1000
1000
1000
1000
1000
1000
1000
1000
1000
1000
1000
1000
1000
1000
1000
1000
1000
1000
1000
1000
1000
1000
1000
1000
1000
1000
1000
1000
1000
1000
1000
1000
1000
1000
1000
1000
1000
1000
1000
1000
1000
1000
1000
1000
1000
1000
1000
1000
1000
1000
1000
1000
)
;
    }
    inlet
    {
        type            calculated;
        value           nonuniform 0();
    }
    procBoundary1to0
    {
        type            processor;
        value           nonuniform List<scalar> 
760
(
1000
1000
1000
1000
1000
1000
1000
1000
1000
1000
1000
1000
1000
1000
1000
1000
1000
1000
1000
1000
1000
1000
1000
1000
1000
1000
1000
1000
1000
1000
1000
1000
1000
1000
1000
1000
1000
1000
1000
1000
1000
1000
1000
1000
1000
1000
1000
1000
1000
1000
1000
1000
1000
1000
1000
1000
1000
1000
1000
1000
1000
1000
1000
1000
1000
1000
1000
1000
1000
1000
1000
1000
1000
1000
1000
1000
1000
1000
1000
1000
1000
1000
1000
1000
1000
1000
1000
1000
1000
1000
1000
1000
1000
1000
1000
1000
1000
1000
1000
1000
1000
1000
1000
1000
1000
1000
1000
1000
1000
1000
1000
1000
1000
1000
1000
1000
1000
1000
1000
1000
1000
1000
1000
1000
1000
1000
1000
1000
1000
1000
1000
1000
1000
1000
1000
1000
1000
1000
1000
1000
1000
1000
1000
1000
1000
1000
1000
1000
1000
1000
1000
1000
1000
1000
1000
1000
1000
1000
1000
1000
1000
1000
1000
1000
1000
1000
1000
1000
1000
1000
1000
1000
1000
1000
1000
1000
1000
1000
1000
1000
1000
1000
1000
1000
1000
1000
1000
1000
1000
1000
1000
1000
1000
1000
1000
1000
1000
1000
1000
1000
1000
1000
1000
1000
1000
1000
1000
1000
1000
1000
1000
1000
1000
1000
1000
1000
1000
1000
1000
1000
1000
1000
1000
1000
1000
1000
1000
1000
1000
1000
1000
1000
1000
1000
1000
1000
1000
1000
1000
1000
1000
1000
1000
1000
1000
1000
999.998
999.962
999.85
999.903
999.992
1000
1000
997.345
913.902
718.799
801.978
977.964
999.93
1000
905.736
364.599
73.2295
152.851
700.667
995.123
999.998
632.834
44.3467
37.6181
40.4595
312.262
938.458
999.978
766.519
107.854
39.0608
43.4078
495.782
981.002
999.993
972.984
603.261
218.48
406.351
881.945
999.873
1000
999.837
985.475
895.251
951.737
998.325
999.98
1000
1000
1000
1000
1000
1000
1000
1000
1000
1000
1000
1000
1000
1000
1000
1000
1000
1000
1000
1000
1000
1000
1000
1000
1000
1000
1000
1000
1000
1000
1000
1000
1000
1000
1000
1000
1000
1000
1000
1000
1000
1000
1000
1000
1000
1000
1000
1000
1000
1000
1000
1000
1000
1000
1000
1000
1000
999.996
999.972
999.739
999.096
998.854
999.404
999.921
1000
999.971
999.97
996.753
996.351
996.353
997.693
999.793
999.398
999.765
999.939
999.882
999.902
999.917
999.99
999.994
998.579
999.689
999.998
999.993
999.993
999.993
999.998
999.998
999.983
999.939
999.999
999.997
999.96
999.244
995.024
993.885
997.361
999.998
1000
1000
999.875
999.668
995.606
993.908
999.496
1000
999.999
999.998
999.997
999.985
999.802
999.445
999.881
1000
1000
1000
999.999
1000
1000
1000
999.997
999.999
1000
1000
1000
1000
1000
1000
1000
1000
1000
999.994
999.981
999.964
999.969
999.962
999.953
999.998
999.998
999.939
999.878
999.711
999.142
999.13
998.216
1000
999.984
999.844
999.855
999.783
999.175
999.195
998.248
1000
999.981
999.954
999.957
999.949
999.939
999.919
999.794
999.998
999.997
999.998
999.999
1000
1000
1000
999.992
1000
999.998
999.985
999.979
999.991
999.998
1000
1000
1000
1000
999.97
999.831
999.942
999.995
1000
1000
999.998
1000
1000
999.775
999.503
999.814
999.997
1000
999.966
999.998
999.988
999.966
999.957
999.984
1000
1000
999.927
999.999
1000
1000
1000
1000
1000
1000
999.986
999.998
999.976
999.995
1000
1000
1000
1000
999.998
999.998
999.998
999.999
999.998
999.992
999.99
1000
1000
1000
1000
1000
1000
1000
1000
1000
1000
1000
1000
1000
1000
1000
1000
1000
1000
1000
1000
1000
1000
1000
1000
1000
1000
1000
1000
1000
1000
1000
1000
1000
1000
1000
1000
1000
1000
1000
1000
1000
1000
1000
1000
1000
1000
1000
1000
1000
1000
1000
1000
1000
1000
1000
1000
1000
1000
1000
1000
1000
1000
1000
1000
1000
1000
1000
1000
1000
1000
1000
1000
1000
1000
1000
1000
1000
1000
1000
1000
1000
1000
1000
1000
1000
1000
1000
1000
1000
1000
1000
1000
1000
1000
1000
1000
1000
1000
1000
1000
1000
1000
1000
1000
1000
1000
1000
1000
1000
1000
1000
1000
1000
1000
1000
1000
1000
1000
1000
1000
1000
1000
1000
1000
1000
1000
1000
1000
1000
1000
1000
1000
1000
1000
1000
1000
1000
1000
1000
1000
1000
1000
1000
1000
1000
1000
1000
1000
1000
1000
1000
1000
1000
1000
1000
1000
1000
1000
1000
1000
1000
1000
1000
1000
1000
1000
1000
1000
1000
1000
1000
1000
1000
1000
1000
1000
1000
1000
1000
1000
1000
1000
1000
1000
1000
1000
1000
1000
1000
1000
1000
1000
1000
1000
1000
1000
1000
1000
1000
1000
1000
1000
1000
1000
1000
1000
1000
1000
1000
1000
1000
1000
1000
1000
1000
1000
1000
1000
1000
1000
1000
1000
1000
1000
1000
1000
1000
1000
1000
1000
1000
1000
1000
1000
1000
1000
1000
1000
1000
1000
1000
1000
)
;
    }
    procBoundary1to2
    {
        type            processor;
        value           nonuniform List<scalar> 
783
(
1000
1000
1000
996.31
1000
1000
986.315
930.148
915.734
977.622
1000
1000
1000
686.41
601.415
579.22
670.327
924.848
1000
1000
475.542
409.101
398.955
462.91
705.969
990.295
1000
413.94
757.494
757.494
404.452
634.472
967.501
1000
1000
1000
422.019
706.296
721.189
407.019
669.658
1000
1000
978.495
573.227
405.028
402.025
553.46
1000
996.31
802.891
887.261
760.301
723.292
996.31
835.333
1000
1000
999.94
1000
1000
1000
1000
1000
1000
1000
1000
1000
1000
1000
1000
1000
1000
1000
1000
1000
1000
1000
1000
1000
1000
1000
1000
1000
1000
1000
1000
1000
1000
1000
1000
1000
1000
1000
1000
1000
1000
1000
1000
1000
999.999
999.989
999.855
1000
999.739
999.94
998.265
1000
1000
1000
1000
1000
1000
1000
1000
1000
1000
1000
1000
1000
1000
1000
1000
1000
1000
1000
1000
1000
1000
1000
1000
895.915
1000
1000
1000
1000
1000
1000
1000
666.55
984.281
1000
1000
1000
1000
1000
999.913
619.044
959.483
1000
1000
999.991
999.999
1000
999.788
735.569
996.611
1000
1000
999.995
999.999
1000
999.897
975.699
1000
1000
1000
1000
1000
1000
1000
1000
1000
999.994
999.998
1000
1000
1000
1000
1000
999.999
999.878
999.897
999.984
999.978
999.967
999.961
1000
1000
999.934
999.884
999.722
999.429
999.303
997.209
1000
1000
1000
999.992
999.756
999.399
998.826
996.446
1000
1000
999.961
999.992
999.924
999.497
999.669
998.676
1000
1000
999.931
999.989
999.973
999.949
999.346
996.362
1000
999.998
999.723
999.97
999.967
998.985
997.058
998.899
1000
999.996
999.961
999.896
999.718
997.765
997.619
999.185
1000
1000
999.999
1000
1000
1000
999.984
999.977
1000
1000
999.997
999.99
1000
1000
999.911
999.56
1000
1000
999.999
999.983
999.999
1000
999.912
999.461
1000
1000
1000
999.983
999.98
999.997
999.75
999.89
1000
999.999
999.99
999.99
999.962
999.886
1000
999.998
1000
1000
995.373
1000
1000
1000
999.999
999.99
999.99
1000
1000
1000
1000
1000
1000
999.998
1000
999.998
1000
1000
1000
1000
1000
1000
1000
1000
1000
1000
1000
1000
1000
1000
1000
1000
1000
1000
1000
1000
1000
1000
1000
1000
1000
1000
1000
1000
1000
1000
1000
1000
1000
1000
1000
1000
1000
1000
1000
1000
1000
1000
1000
1000
1000
1000
1000
1000
1000
1000
1000
1000
1000
1000
1000
1000
1000
1000
1000
1000
1000
1000
1000
1000
1000
1000
1000
1000
1000
1000
1000
1000
1000
1000
1000
1000
1000
1000
1000
1000
1000
1000
1000
1000
1000
1000
1000
1000
1000
1000
1000
1000
1000
1000
1000
1000
1000
1000
1000
1000
1000
1000
1000
1000
1000
1000
1000
1000
1000
1000
1000
1000
1000
1000
1000
1000
1000
1000
1000
1000
1000
1000
1000
1000
1000
1000
1000
1000
1000
1000
1000
1000
1000
1000
1000
1000
1000
1000
1000
1000
1000
1000
1000
1000
1000
1000
1000
1000
1000
1000
1000
1000
1000
1000
1000
1000
1000
1000
1000
1000
1000
1000
1000
1000
1000
1000
1000
1000
1000
1000
1000
1000
1000
1000
1000
1000
1000
1000
1000
1000
1000
1000
1000
1000
1000
1000
1000
1000
1000
1000
1000
1000
1000
1000
1000
1000
1000
1000
1000
1000
1000
1000
1000
1000
1000
1000
1000
1000
1000
1000
1000
1000
1000
1000
1000
1000
1000
1000
1000
1000
1000
1000
1000
1000
1000
1000
1000
1000
1000
1000
1000
1000
1000
1000
1000
1000
1000
1000
1000
1000
1000
1000
1000
1000
1000
1000
1000
1000
1000
1000
1000
1000
1000
1000
1000
1000
1000
1000
1000
1000
1000
1000
1000
1000
1000
1000
1000
1000
1000
1000
1000
1000
1000
1000
1000
1000
1000
1000
1000
1000
1000
1000
1000
1000
1000
1000
1000
1000
1000
1000
1000
1000
1000
1000
1000
1000
1000
1000
1000
1000
1000
1000
1000
1000
1000
1000
1000
1000
1000
1000
1000
1000
1000
1000
1000
1000
1000
1000
1000
1000
1000
1000
1000
1000
1000
1000
1000
1000
1000
1000
1000
1000
1000
1000
1000
1000
1000
1000
1000
1000
1000
1000
1000
1000
1000
1000
1000
1000
1000
1000
1000
1000
1000
1000
1000
1000
1000
1000
1000
1000
1000
1000
1000
1000
1000
1000
1000
1000
1000
1000
1000
1000
1000
1000
1000
1000
1000
1000
1000
1000
1000
1000
1000
1000
1000
1000
1000
1000
1000
1000
1000
1000
1000
1000
1000
1000
1000
1000
1000
1000
1000
1000
1000
1000
1000
1000
1000
1000
1000
1000
1000
1000
1000
1000
1000
1000
1000
1000
1000
1000
1000
1000
1000
1000
1000
1000
1000
1000
1000
1000
1000
1000
1000
1000
1000
1000
1000
1000
1000
1000
1000
1000
1000
1000
1000
1000
1000
1000
1000
1000
1000
1000
1000
1000
1000
1000
1000
1000
1000
1000
1000
1000
1000
1000
1000
1000
1000
1000
1000
1000
1000
1000
1000
1000
1000
1000
1000
1000
1000
1000
1000
1000
1000
1000
1000
1000
1000
1000
1000
1000
)
;
    }
}


// ************************************************************************* //
