/*--------------------------------*- C++ -*----------------------------------*\
| =========                 |                                                 |
| \\      /  F ield         | OpenFOAM: The Open Source CFD Toolbox           |
|  \\    /   O peration     | Version:  plus.master.MPPICInterFoam            |
|   \\  /    A nd           | Web:      www.OpenFOAM.com                      |
|    \\/     M anipulation  |                                                 |
\*---------------------------------------------------------------------------*/
FoamFile
{
    version     2.0;
    format      ascii;
    class       volScalarField;
    location    "7.6";
    object      rho;
}
// * * * * * * * * * * * * * * * * * * * * * * * * * * * * * * * * * * * * * //

dimensions      [1 -3 0 0 0 0 0];

internalField   nonuniform List<scalar> 
11821
(
1000
1000
1000
1000
1000
1000
1000
1000
1000
1000
1000
1000
1000
1000
1000
1000
1000
1000
1000
1000
1000
1000
1000
1000
1000
1000
1000
1000
1000
1000
1000
1000
1000
1000
1000
1000
1000
1000
1000
1000
1000
1000
1000
1000
1000
1000
1000
1000
1000
1000
1000
1000
1000
1000
1000
1000
1000
1000
1000
1000
1000
1000
1000
1000
1000
1000
1000
1000
1000
1000
1000
1000
1000
1000
1000
1000
1000
1000
1000
1000
1000
1000
1000
1000
1000
1000
1000
1000
1000
1000
1000
1000
1000
1000
1000
1000
1000
1000
1000
1000
1000
1000
1000
1000
1000
1000
1000
1000
1000
1000
1000
1000
1000
1000
1000
1000
1000
1000
1000
1000
1000
1000
1000
1000
1000
1000
1000
1000
1000
1000
1000
1000
1000
1000
1000
1000
1000
1000
1000
1000
1000
1000
1000
1000
1000
1000
1000
1000
1000
1000
1000
1000
1000
1000
1000
1000
1000
1000
1000
1000
1000
1000
1000
1000
1000
1000
1000
1000
1000
1000
1000
1000
1000
1000
1000
1000
1000
1000
1000
1000
1000
1000
1000
1000
1000
1000
1000
1000
1000
1000
1000
1000
1000
1000
1000
1000
1000
1000
1000
1000
1000
1000
1000
1000
1000
1000
1000
1000
1000
1000
1000
1000
1000
1000
1000
1000
1000
1000
1000
1000
1000
1000
1000
1000
1000
1000
1000
1000
1000
1000
1000
1000
1000
1000
1000
1000
1000
1000
1000
1000
1000
1000
1000
1000
1000
1000
1000
1000
1000
1000
1000
1000
1000
1000
1000
1000
1000
1000
1000
1000
1000
1000
1000
1000
1000
1000
1000
1000
1000
1000
1000
1000
1000
1000
1000
1000
1000
1000
1000
1000
1000
1000
1000
1000
1000
1000
1000
1000
1000
1000
1000
1000
1000
1000
1000
1000
1000
1000
1000
1000
1000
1000
1000
1000
1000
1000
1000
1000
1000
1000
1000
1000
1000
1000
1000
1000
1000
1000
1000
1000
1000
1000
1000
1000
1000
1000
1000
1000
1000
1000
1000
1000
1000
1000
1000
1000
1000
1000
1000
1000
1000
1000
1000
1000
1000
1000
1000
1000
1000
1000
1000
1000
1000
1000
1000
1000
1000
1000
1000
1000
1000
1000
1000
1000
1000
1000
1000
1000
1000
1000
1000
1000
1000
1000
1000
1000
1000
1000
1000
1000
1000
1000
1000
1000
1000
1000
1000
1000
1000
1000
1000
1000
1000
1000
1000
1000
1000
1000
1000
1000
1000
1000
1000
1000
1000
1000
1000
1000
1000
1000
1000
1000
1000
1000
1000
1000
1000
1000
1000
1000
1000
1000
1000
1000
1000
1000
1000
1000
1000
1000
1000
1000
1000
1000
1000
1000
1000
1000
1000
1000
1000
1000
1000
1000
1000
1000
1000
1000
1000
1000
1000
1000
1000
1000
1000
1000
1000
1000
1000
1000
1000
1000
1000
1000
1000
1000
1000
1000
1000
1000
1000
1000
1000
1000
1000
1000
1000
1000
1000
1000
1000
1000
1000
1000
1000
1000
1000
1000
1000
1000
1000
1000
1000
1000
1000
1000
1000
1000
1000
1000
1000
1000
1000
1000
1000
1000
1000
1000
1000
1000
1000
1000
1000
1000
1000
1000
1000
1000
1000
1000
1000
1000
1000
1000
1000
1000
1000
1000
1000
1000
1000
1000
1000
1000
1000
1000
1000
1000
1000
1000
1000
1000
1000
1000
1000
1000
1000
1000
1000
1000
1000
1000
1000
1000
1000
1000
1000
1000
1000
1000
1000
1000
1000
1000
1000
1000
1000
1000
1000
1000
1000
1000
1000
1000
1000
1000
1000
1000
1000
1000
1000
1000
1000
1000
1000
1000
1000
1000
1000
1000
1000
1000
1000
1000
1000
1000
1000
1000
1000
1000
1000
1000
1000
1000
1000
1000
1000
1000
1000
1000
1000
1000
1000
1000
1000
1000
1000
1000
1000
1000
1000
1000
1000
1000
1000
1000
1000
1000
1000
1000
1000
1000
1000
1000
1000
1000
1000
1000
1000
1000
1000
1000
1000
1000
1000
1000
1000
1000
1000
1000
1000
1000
1000
1000
1000
1000
1000
1000
1000
1000
1000
1000
1000
1000
1000
1000
1000
1000
1000
1000
1000
1000
1000
1000
1000
1000
1000
1000
1000
1000
1000
1000
1000
1000
1000
1000
1000
1000
1000
1000
1000
1000
1000
1000
1000
1000
1000
1000
1000
1000
1000
1000
1000
1000
1000
1000
1000
1000
1000
1000
1000
1000
1000
1000
1000
1000
1000
1000
1000
1000
1000
1000
1000
1000
1000
1000
1000
1000
1000
1000
1000
1000
1000
1000
1000
1000
1000
1000
1000
1000
1000
1000
1000
1000
1000
1000
1000
1000
1000
1000
1000
1000
1000
1000
1000
1000
1000
1000
1000
1000
1000
1000
1000
1000
1000
1000
1000
1000
1000
1000
1000
1000
1000
1000
1000
1000
1000
1000
1000
1000
1000
1000
1000
1000
1000
1000
1000
1000
1000
1000
1000
1000
1000
1000
1000
1000
1000
1000
1000
1000
1000
1000
1000
1000
1000
1000
1000
1000
1000
1000
1000
1000
1000
1000
1000
1000
1000
1000
1000
1000
1000
1000
1000
1000
1000
1000
1000
1000
1000
1000
1000
1000
1000
1000
1000
1000
1000
1000
1000
1000
1000
1000
1000
1000
1000
1000
1000
1000
1000
1000
1000
1000
1000
1000
1000
1000
1000
1000
1000
1000
1000
1000
1000
1000
1000
1000
1000
1000
1000
1000
1000
1000
1000
1000
1000
1000
1000
1000
1000
1000
1000
1000
1000
1000
1000
1000
1000
1000
1000
1000
1000
1000
1000
1000
1000
1000
1000
1000
1000
1000
1000
1000
1000
1000
1000
1000
1000
1000
1000
1000
1000
1000
1000
1000
1000
1000
1000
1000
1000
1000
1000
1000
1000
1000
1000
1000
1000
1000
1000
1000
1000
1000
1000
1000
1000
1000
1000
1000
1000
1000
1000
1000
1000
1000
1000
1000
1000
1000
1000
1000
1000
1000
1000
1000
1000
1000
1000
1000
1000
1000
1000
1000
1000
1000
1000
1000
1000
1000
1000
1000
1000
1000
1000
1000
1000
1000
1000
1000
1000
1000
1000
1000
1000
1000
1000
1000
1000
1000
1000
1000
1000
1000
1000
1000
1000
1000
1000
1000
1000
1000
1000
1000
1000
1000
1000
1000
1000
1000
1000
1000
1000
1000
1000
1000
1000
1000
1000
1000
1000
1000
1000
1000
1000
1000
1000
1000
1000
1000
1000
1000
1000
1000
1000
1000
1000
1000
1000
1000
1000
1000
1000
1000
1000
1000
1000
1000
1000
1000
1000
1000
1000
1000
1000
1000
1000
1000
1000
1000
1000
1000
1000
1000
1000
1000
1000
1000
1000
1000
1000
1000
1000
1000
1000
1000
1000
1000
1000
1000
1000
1000
1000
1000
1000
1000
1000
1000
1000
1000
1000
1000
1000
1000
1000
1000
1000
1000
1000
1000
1000
1000
1000
1000
1000
1000
1000
1000
1000
1000
1000
1000
1000
1000
1000
1000
1000
1000
1000
1000
1000
1000
1000
1000
1000
1000
1000
1000
1000
1000
1000
1000
1000
1000
1000
1000
1000
1000
1000
1000
1000
1000
1000
1000
1000
1000
1000
1000
1000
1000
1000
1000
1000
1000
1000
1000
1000
1000
1000
1000
1000
1000
1000
1000
1000
1000
1000
1000
1000
1000
1000
1000
1000
1000
1000
1000
1000
1000
1000
1000
1000
1000
1000
1000
1000
1000
1000
1000
1000
1000
1000
1000
1000
1000
1000
1000
1000
1000
1000
1000
1000
1000
1000
1000
1000
1000
1000
1000
1000
1000
1000
1000
1000
1000
1000
1000
1000
1000
1000
1000
1000
1000
1000
1000
1000
1000
1000
1000
1000
1000
1000
1000
1000
1000
1000
1000
1000
1000
1000
1000
1000
1000
1000
1000
1000
1000
1000
1000
1000
1000
1000
1000
1000
1000
1000
1000
1000
1000
1000
1000
1000
1000
1000
1000
1000
1000
1000
1000
1000
1000
1000
1000
1000
1000
1000
1000
1000
1000
1000
1000
1000
1000
1000
1000
1000
1000
1000
1000
1000
1000
1000
1000
1000
1000
1000
1000
1000
1000
1000
1000
1000
1000
1000
1000
1000
1000
1000
1000
1000
1000
1000
1000
1000
1000
1000
1000
1000
1000
1000
1000
1000
1000
1000
1000
1000
1000
1000
1000
1000
1000
1000
1000
1000
1000
1000
1000
1000
1000
1000
1000
1000
1000
1000
1000
1000
1000
1000
1000
1000
1000
1000
1000
1000
1000
1000
1000
1000
1000
1000
1000
1000
1000
1000
1000
1000
1000
1000
1000
1000
1000
1000
1000
1000
1000
1000
1000
1000
1000
1000
1000
1000
1000
1000
1000
1000
1000
1000
1000
1000
1000
1000
1000
1000
1000
1000
1000
1000
1000
1000
1000
1000
1000
1000
1000
1000
1000
1000
1000
1000
1000
1000
1000
1000
1000
1000
1000
1000
1000
1000
1000
1000
1000
1000
1000
1000
1000
1000
1000
1000
1000
1000
1000
1000
1000
1000
1000
1000
1000
1000
1000
1000
1000
1000
1000
1000
1000
1000
1000
1000
1000
1000
1000
1000
1000
1000
1000
1000
1000
1000
1000
1000
1000
1000
1000
1000
1000
1000
1000
1000
1000
1000
1000
1000
1000
1000
1000
1000
1000
1000
1000
1000
1000
1000
1000
1000
1000
1000
1000
1000
1000
1000
1000
1000
1000
1000
1000
1000
1000
1000
1000
1000
1000
1000
1000
1000
1000
1000
1000
1000
1000
1000
1000
1000
1000
1000
1000
1000
1000
1000
1000
1000
1000
1000
1000
1000
1000
1000
1000
1000
1000
1000
1000
1000
1000
1000
1000
1000
1000
1000
1000
1000
1000
1000
1000
1000
1000
1000
1000
1000
1000
1000
1000
1000
1000
1000
1000
1000
1000
1000
1000
1000
1000
1000
1000
1000
1000
1000
1000
1000
1000
1000
1000
1000
1000
1000
1000
1000
1000
1000
1000
1000
1000
1000
1000
1000
1000
1000
1000
1000
1000
1000
1000
1000
1000
1000
1000
1000
1000
1000
1000
1000
1000
1000
1000
1000
1000
1000
1000
1000
1000
1000
1000
1000
1000
1000
1000
1000
1000
1000
1000
1000
1000
1000
1000
1000
1000
1000
1000
1000
1000
1000
1000
1000
1000
1000
1000
1000
1000
1000
1000
1000
1000
1000
1000
1000
1000
1000
1000
1000
1000
1000
1000
1000
1000
1000
1000
1000
1000
1000
1000
1000
1000
1000
1000
1000
1000
1000
1000
1000
1000
1000
1000
1000
1000
1000
1000
1000
1000
1000
1000
1000
1000
1000
1000
1000
1000
1000
1000
1000
1000
1000
1000
1000
1000
1000
1000
1000
1000
1000
1000
1000
1000
1000
1000
1000
1000
1000
1000
1000
1000
1000
1000
1000
1000
1000
1000
1000
1000
1000
1000
1000
1000
1000
1000
1000
1000
1000
1000
1000
1000
1000
1000
1000
1000
1000
1000
1000
1000
1000
1000
1000
1000
1000
1000
1000
1000
1000
1000
1000
1000
1000
1000
1000
1000
1000
1000
1000
1000
1000
1000
1000
1000
1000
1000
1000
1000
1000
1000
1000
1000
1000
1000
1000
1000
1000
1000
1000
1000
1000
1000
1000
1000
1000
1000
1000
1000
1000
1000
1000
1000
1000
1000
1000
1000
1000
1000
1000
1000
1000
1000
1000
1000
1000
1000
1000
1000
1000
1000
1000
1000
1000
1000
1000
1000
1000
1000
1000
1000
1000
1000
1000
1000
1000
1000
1000
1000
1000
1000
1000
1000
1000
1000
1000
1000
1000
1000
1000
1000
1000
1000
1000
1000
1000
1000
1000
1000
1000
1000
1000
1000
1000
1000
1000
1000
1000
1000
1000
1000
1000
1000
1000
1000
1000
1000
1000
1000
1000
1000
1000
1000
1000
1000
1000
1000
1000
1000
1000
1000
1000
1000
1000
1000
1000
1000
1000
1000
1000
1000
1000
1000
1000
1000
1000
1000
1000
1000
1000
1000
1000
1000
1000
1000
1000
1000
1000
1000
1000
1000
1000
1000
1000
1000
1000
1000
1000
1000
1000
1000
1000
1000
1000
1000
1000
1000
1000
1000
1000
1000
1000
1000
1000
1000
1000
1000
1000
1000
1000
1000
1000
1000
1000
1000
1000
1000
1000
1000
1000
1000
1000
1000
1000
1000
1000
1000
1000
1000
1000
1000
1000
1000
1000
1000
1000
1000
1000
1000
1000
1000
1000
1000
1000
1000
1000
1000
1000
1000
1000
1000
1000
1000
1000
1000
1000
1000
1000
1000
1000
1000
1000
1000
1000
1000
1000
1000
1000
1000
1000
1000
1000
1000
1000
1000
1000
1000
1000
1000
1000
1000
1000
1000
1000
1000
1000
1000
1000
1000
1000
1000
1000
1000
1000
1000
1000
1000
1000
1000
1000
1000
1000
1000
1000
1000
1000
1000
1000
1000
1000
1000
1000
1000
1000
1000
1000
1000
1000
1000
1000
1000
1000
1000
1000
1000
1000
1000
1000
1000
1000
1000
1000
1000
1000
1000
1000
1000
1000
1000
1000
1000
1000
1000
1000
1000
1000
1000
1000
1000
1000
1000
1000
1000
1000
1000
1000
1000
1000
1000
1000
1000
1000
1000
1000
1000
1000
1000
1000
1000
1000
1000
1000
1000
1000
1000
1000
1000
1000
1000
1000
1000
1000
1000
1000
1000
1000
1000
1000
1000
1000
1000
1000
1000
1000
1000
1000
1000
1000
1000
1000
1000
1000
1000
1000
1000
1000
1000
1000
1000
1000
1000
1000
1000
1000
1000
1000
1000
1000
1000
1000
1000
1000
1000
1000
1000
1000
1000
1000
1000
1000
1000
1000
1000
1000
1000
1000
1000
1000
1000
1000
1000
1000
1000
1000
1000
1000
1000
1000
1000
1000
1000
1000
1000
1000
1000
1000
1000
1000
1000
1000
1000
1000
1000
1000
1000
1000
1000
1000
1000
1000
1000
1000
1000
1000
1000
1000
1000
1000
1000
1000
1000
1000
1000
1000
1000
1000
1000
1000
1000
1000
1000
1000
1000
1000
1000
1000
1000
1000
1000
1000
1000
1000
1000
1000
1000
1000
1000
1000
1000
1000
1000
1000
1000
1000
1000
1000
1000
1000
1000
1000
1000
1000
1000
1000
1000
1000
1000
1000
1000
1000
1000
1000
1000
1000
1000
1000
1000
1000
1000
1000
1000
1000
1000
1000
1000
1000
1000
1000
1000
1000
1000
1000
1000
1000
1000
1000
1000
1000
1000
1000
1000
1000
1000
1000
1000
1000
1000
1000
1000
1000
1000
1000
1000
1000
1000
1000
1000
1000
1000
1000
1000
1000
1000
1000
1000
1000
1000
1000
1000
1000
1000
1000
1000
1000
1000
1000
1000
1000
1000
1000
1000
1000
1000
1000
1000
1000
1000
1000
1000
1000
1000
1000
1000
1000
1000
1000
1000
1000
1000
1000
1000
1000
1000
1000
1000
1000
1000
1000
1000
1000
1000
1000
1000
1000
1000
1000
1000
1000
1000
1000
1000
1000
1000
1000
1000
1000
1000
1000
1000
1000
1000
1000
1000
1000
1000
1000
1000
1000
1000
1000
1000
1000
1000
1000
1000
1000
1000
1000
1000
1000
1000
1000
1000
1000
1000
1000
1000
1000
1000
1000
1000
1000
1000
1000
1000
1000
1000
1000
1000
1000
1000
1000
1000
1000
1000
1000
1000
1000
1000
1000
1000
1000
1000
1000
1000
1000
1000
1000
1000
1000
1000
1000
1000
1000
1000
1000
1000
1000
1000
1000
1000
1000
1000
1000
1000
1000
1000
1000
1000
1000
1000
1000
1000
1000
1000
1000
1000
1000
1000
1000
1000
1000
1000
1000
1000
1000
1000
1000
1000
1000
1000
1000
1000
1000
1000
1000
1000
1000
1000
1000
1000
1000
1000
1000
1000
1000
1000
1000
1000
1000
1000
1000
1000
1000
1000
1000
1000
1000
1000
1000
1000
1000
1000
1000
1000
1000
1000
1000
1000
1000
1000
1000
1000
1000
1000
1000
1000
1000
1000
1000
1000
1000
1000
1000
1000
1000
1000
1000
1000
1000
1000
1000
1000
1000
1000
1000
1000
1000
1000
1000
1000
1000
1000
1000
1000
1000
1000
1000
1000
1000
1000
1000
1000
1000
1000
1000
1000
1000
1000
1000
1000
1000
1000
1000
1000
1000
1000
1000
1000
1000
1000
1000
1000
1000
1000
1000
1000
1000
1000
1000
1000
1000
1000
1000
1000
1000
1000
1000
1000
1000
1000
1000
1000
1000
1000
1000
1000
1000
1000
1000
1000
1000
1000
1000
1000
1000
1000
1000
1000
1000
1000
1000
1000
1000
1000
1000
1000
1000
1000
1000
1000
1000
1000
1000
1000
1000
1000
1000
1000
1000
1000
1000
1000
1000
1000
1000
1000
1000
1000
1000
1000
1000
1000
1000
1000
1000
1000
1000
1000
1000
1000
1000
1000
1000
1000
1000
1000
1000
1000
1000
1000
1000
1000
1000
1000
1000
1000
1000
1000
1000
1000
1000
1000
1000
1000
1000
1000
1000
1000
1000
1000
1000
1000
1000
1000
1000
1000
1000
1000
1000
1000
1000
1000
1000
1000
1000
1000
1000
1000
1000
1000
1000
1000
1000
1000
1000
1000
1000
1000
1000
1000
1000
1000
1000
1000
1000
1000
1000
1000
1000
1000
1000
1000
1000
1000
1000
1000
1000
1000
1000
1000
1000
1000
1000
1000
1000
1000
1000
1000
1000
1000
1000
1000
1000
1000
1000
1000
1000
1000
1000
1000
1000
1000
1000
1000
1000
1000
1000
1000
1000
1000
1000
1000
1000
1000
1000
1000
1000
1000
1000
1000
1000
1000
1000
1000
1000
1000
1000
1000
1000
1000
1000
1000
1000
1000
1000
1000
1000
1000
1000
1000
1000
1000
1000
1000
1000
1000
1000
1000
1000
1000
1000
1000
1000
1000
1000
1000
1000
1000
1000
1000
1000
1000
1000
1000
1000
1000
1000
1000
1000
1000
1000
1000
1000
1000
1000
1000
1000
1000
1000
1000
1000
1000
1000
1000
1000
1000
1000
1000
1000
1000
1000
1000
1000
1000
1000
1000
1000
1000
1000
1000
1000
1000
1000
1000
1000
1000
1000
1000
1000
1000
1000
1000
1000
1000
1000
1000
1000
1000
1000
1000
1000
1000
1000
1000
1000
1000
1000
1000
1000
1000
1000
1000
1000
1000
1000
1000
1000
1000
1000
1000
1000
1000
1000
1000
1000
1000
1000
1000
1000
1000
1000
1000
1000
1000
1000
1000
1000
1000
1000
1000
1000
1000
1000
1000
1000
1000
1000
1000
1000
1000
1000
1000
1000
1000
1000
1000
1000
1000
1000
1000
1000
1000
1000
1000
1000
1000
1000
1000
1000
1000
1000
1000
1000
1000
1000
1000
1000
1000
1000
1000
1000
1000
1000
1000
1000
1000
1000
1000
1000
1000
1000
1000
1000
1000
1000
1000
1000
1000
1000
1000
1000
1000
1000
1000
1000
1000
1000
1000
1000
1000
1000
1000
1000
1000
1000
1000
1000
1000
1000
1000
1000
1000
1000
1000
1000
1000
1000
1000
1000
1000
1000
1000
1000
1000
1000
1000
1000
1000
1000
1000
1000
1000
1000
1000
1000
1000
1000
1000
1000
1000
1000
1000
1000
1000
1000
1000
1000
1000
1000
1000
1000
1000
1000
1000
1000
1000
1000
1000
1000
1000
1000
1000
1000
1000
1000
1000
1000
1000
1000
1000
1000
1000
1000
1000
1000
1000
1000
1000
1000
1000
1000
1000
1000
1000
1000
1000
1000
1000
1000
999.997
1000
1000
999.997
1000
1000
999.947
998.869
999.987
1000
1000
1000
1000.01
979.755
653.682
980.498
999.773
999.999
1000
999.965
809.713
23.4479
724.765
999.454
999.987
1000
999.986
969.448
529.077
967.919
999.992
999.999
1000
999.999
999.882
995.104
999.95
999.999
1000
1000
1000
999.956
999.991
999.999
1000
1000
1000
1000
999.997
999.174
1000
1000
999.999
1000
1000
999.992
999.943
999.999
1000
1000
1000
999.999
999.738
935.083
999.704
999.77
1000.01
1000
999.993
948.441
148.824
925.254
999.997
1000
1000
999.999
999.777
890.566
999.907
1000
1000
1000
997.959
999.947
999.839
999.998
1000
1000
1000
1000
999.956
997.574
1000
1000
1000
1000
1000
999.876
986.047
1000
1000
999.999
1000
977.272
976.673
998.201
981.816
1000
1000
999.824
999.949
996.926
983.069
997.944
993.964
1000.02
1000
999.996
997.051
750.836
970.228
1000
1000
999.927
993.94
985.184
980.625
988.32
995.12
1000.02
1000
974.254
956.071
993.969
978.738
1000
1000
1000
1000
1000
985.691
1000
1000
1000
1000
999.176
964.168
921.559
991.389
1000
1000
999.021
840.95
614.053
703.969
848.339
990.164
1000
955.34
811.659
735.407
838.812
649.383
929.535
1000.01
938.255
972.891
993.609
698.606
820.347
924.219
1000
959.109
793.784
577.492
763.769
654.253
931.121
1000.03
1000
859.245
688.384
745.885
847.003
993.603
1000
1000
1000
977.417
936.449
996.247
1000
1000
1000
967.912
785.74
704.312
931.333
1000
1000
961.718
534.88
258.103
262.787
487.164
926.652
1000
740.7
298.399
233.957
248.905
206.066
663.585
999.168
662.009
378.288
699.378
267.835
277.016
590.211
989.967
763.807
300.971
196.703
206.059
225.987
681.503
999.855
976.973
600.568
282.265
301.557
521.186
945.175
1000
1000
986.404
846.923
768.218
954.096
1000
1000
999.974
962.055
766.971
680.482
923.417
999.973
1000
948.379
502.567
206.084
190.722
424.478
916.91
1000
663.196
200.158
187.031
178.689
189.93
603.398
998.725
516.96
202.062
187.598
178.909
187.785
464.998
981.884
702.219
196.705
193.299
184.144
193.801
634.525
999.655
967.844
581.911
246.891
201.347
485.102
939.472
1000
999.987
984.049
838.931
762.53
951.716
999.982
1000
999.803
988.401
924.565
886.29
976.192
999.561
999.996
978.38
774.028
481.319
399.775
716.595
970.713
999.993
845.061
366.482
178.676
178.562
329.743
829.364
999.938
709.152
232.192
178.861
178.651
218.2
704.202
998.006
868.647
408.46
190.762
178.609
365.295
851.996
999.948
986.135
827.75
564.568
478.311
773.145
979.328
999.995
999.947
995.571
955.297
926.602
986.694
999.772
999.999
999.891
999.245
997.47
995.799
998.67
999.832
999.996
998.248
986.008
929.128
895.55
981.071
998.213
999.962
989.762
857.921
561.451
505.062
840.419
990.988
999.738
967.143
674.786
314.461
287.996
684.28
974.006
999.595
991.825
888.793
625.522
568.181
870.249
992.793
999.783
998.631
991.495
955.185
931.399
988.338
998.736
999.975
999.951
999.489
998.705
997.673
999.258
999.907
999.999
999.998
999.997
999.982
999.971
999.995
999.998
1000
999.994
999.908
999.554
999.359
999.865
999.996
999.998
999.95
999.004
974.134
966.311
999.098
999.972
999.985
999.898
990.01
877.072
871.499
993.693
999.937
999.999
999.959
999.192
988.18
981.694
999.256
999.977
999.988
999.942
999.95
999.739
999.603
999.922
999.997
999.999
999.998
999.999
999.992
999.985
999.998
999.999
1000
1000
998.503
995.275
993.835
999.975
1000
1000
996.444
991.901
998.172
997.984
984.378
999.076
1000
992.936
996.881
997.202
996.951
995.691
993.214
1000
999.193
998.548
994.416
993.864
994.62
995.989
1000
992.882
996.808
997.383
997.011
995.249
994.148
1000
997.357
991.587
998.438
998.308
986.046
999.631
1000
1000
1000
997.791
997.445
1000
1000
1000
1000
974.873
955.216
946.79
988.304
1000
1000
955.456
832.29
751.744
778.416
841.733
981.537
1000
869.029
744.77
881.721
849.331
725.076
912.268
1000
729.803
870.436
982.918
902.825
706.53
890.285
1000
882.78
736.645
743.187
702.677
746.489
921.676
1000
973.197
837.937
873.258
872.79
857.591
989.841
1000
1000
995.118
972.321
972.746
999.611
1000
1000
996.072
877.935
781.422
782.078
925.953
999.945
1000
811.522
451.431
344.95
371.413
517.995
904.139
1000
531.762
341.814
467.56
367.513
338.926
661.057
995.388
405.218
437.22
980.071
528.608
338.057
566.923
977.784
570.12
339.846
343.074
338.735
347.688
694.126
998.432
878.343
506.678
450.012
457.71
587.54
941.04
1000
1000
944.998
865.568
872.781
970.713
1000
1000
991.376
851.727
719.466
741.785
909.656
998.836
1000
772.806
367.575
338.053
336.362
462.687
882.549
1000
454.466
337.631
332.287
331.287
334.68
607.182
992.146
373.989
340.158
532.518
332.777
336.144
504.49
967.701
499.532
338.853
337.444
336.472
338.133
646.845
997.139
851.111
458.977
339.109
338.735
554.306
926.559
1000
999.673
929.209
832.096
847.924
960.764
1000
1000
994.339
930.358
851.946
872.487
959.35
998.679
999.994
879.173
590.352
442.917
473.324
688.03
941.557
999.994
675.617
365.182
331.297
332.286
413.534
794.24
998.82
604.854
347.058
332.287
331.286
355.684
722.278
990.264
712.95
389.023
336.597
333.354
446.213
821.112
999.902
921.919
687.917
538.729
569.132
765.649
963.201
999.996
999.318
970.629
920.948
931.831
983.845
999.819
999.999
999.99
999.999
999.997
999.985
999.957
999.974
999.983
999.799
1000
1000
1000
1000
1000
1000
1000
1000
1000
1000
1000
1000
1000
1000
1000
1000
1000
1000
1000
1000
1000
1000
1000
1000
1000
1000
1000
1000
1000
1000
1000
1000
1000
1000
1000
1000
1000
1000
1000
1000
1000
1000
1000
1000
1000
1000
1000
1000
999.988
999.977
999.99
999.972
999.949
999.976
999.971
999.769
1000
1000
1000
1000
1000
1000
1000
1000
1000
1000
1000
1000
1000
1000
1000
1000
1000
1000
1000
1000
1000
1000
1000
1000
1000
1000
1000
1000
1000
1000
1000
1000
1000
1000
1000
1000
1000
1000
1000
1000
1000
1000
1000
1000
1000
1000
1000
1000
999.981
999.972
999.981
999.965
999.945
999.968
999.952
999.827
1000
1000
1000
1000
1000
1000
1000
1000
1000
1000
1000
1000
1000
1000
1000
1000
1000
1000
1000
1000
1000
1000
1000
1000
1000
1000
1000
1000
1000
1000
1000
1000
1000
1000
1000
1000
1000
1000
1000
1000
1000
1000
1000
1000
1000
1000
1000
1000
999.974
999.972
999.979
999.96
999.937
999.935
999.949
999.953
1000
1000
1000
1000
1000
1000
1000
999.999
1000
1000
1000
1000
1000
1000
1000
1000
1000
1000
1000
1000
1000
1000
1000
1000
1000
1000
1000
1000
1000
1000
1000
1000
1000
1000
1000
1000
1000
1000
1000
1000
1000
1000
1000
1000
1000
1000
1000
1000
999.977
999.972
999.975
999.949
999.915
999.882
999.948
999.999
1000
1000
1000
1000
1000
1000
1000
999.999
1000
1000
1000
1000
1000
1000
1000
1000
1000
1000
1000
1000
1000
1000
1000
1000
1000
1000
1000
1000
1000
1000
1000
1000
1000
1000
1000
1000
1000
1000
1000
1000
1000
1000
1000
1000
1000
1000
1000
1000
999.984
999.98
999.947
999.934
999.897
999.865
999.925
999.994
1000
1000
1000
1000
1000
1000
1000
999.999
1000
1000
1000
1000
1000
1000
1000
1000
1000
1000
1000
1000
1000
1000
1000
1000
1000
1000
1000
1000
1000
1000
1000
1000
1000
1000
1000
1000
1000
1000
1000
1000
1000
1000
1000
1000
1000
1000
1000
1000
999.992
999.98
999.925
999.926
999.897
999.869
999.85
999.715
1000
1000
1000
1000
1000
1000
1000
1000
999.999
1000
1000
1000
1000
1000
1000
1000
999.997
1000
1000
1000
1000
1000
1000
1000
999.999
1000
1000
1000
1000
1000
1000
1000
1000
1000
1000
1000
1000
1000
1000
1000
1000
1000
1000
1000
1000
1000
1000
1000
999.998
999.965
999.925
999.925
999.902
999.881
999.773
999.329
1000
1000
1000
1000
1000
1000
1000
1000
999.998
1000
1000
1000
1000
1000
1000
1000
999.996
1000
1000
1000
1000
1000
1000
1000
999.998
1000
1000
1000
1000
1000
1000
1000
1000
1000
1000
1000
1000
1000
1000
1000
1000
1000
1000
1000
1000
1000
1000
1000
999.997
999.937
999.925
999.932
999.926
999.911
999.763
999.319
1000
1000
1000
1000
1000
1000
1000
1000
1000
1000
1000
1000
1000
1000
1000
1000
1000
1000
1000
1000
1000
1000
1000
1000
1000
1000
1000
1000
1000
1000
1000
1000
1000
1000
1000
1000
1000
1000
1000
1000
1000
1000
1000
1000
1000
1000
1000
1000
999.993
999.933
999.925
999.954
999.965
999.931
999.776
999.519
1000
1000
1000
1000
1000
1000
1000
1000
1000
1000
1000
1000
1000
1000
1000
1000
1000
1000
1000
1000
1000
1000
1000
1000
1000
1000
1000
1000
1000
1000
1000
1000
1000
1000
1000
1000
1000
1000
1000
1000
1000
1000
1000
1000
1000
1000
1000
1000
999.984
999.934
999.958
999.981
999.982
999.925
999.786
999.858
1000
1000
1000
1000
1000
1000
1000
1000
1000
1000
1000
1000
1000
1000
1000
1000
1000
1000
1000
1000
1000
1000
1000
1000
1000
1000
1000
1000
1000
1000
1000
1000
1000
1000
1000
1000
1000
1000
1000
1000
1000
1000
1000
1000
1000
1000
1000
1000
999.975
999.954
999.993
999.996
999.981
999.9
999.763
999.992
1000
1000
1000
1000
1000
1000
1000
1000
1000
1000
1000
1000
1000
1000
1000
1000
1000
1000
1000
1000
1000
1000
1000
1000
1000
1000
1000
1000
1000
1000
1000
1000
1000
1000
1000
1000
1000
1000
1000
1000
1000
1000
1000
1000
1000
1000
1000
1000
999.959
999.967
999.999
1000
999.964
999.836
999.769
999.999
1000
1000
1000
1000
1000
1000
1000
1000
1000
1000
1000
1000
1000
1000
1000
1000
1000
1000
1000
1000
1000
1000
1000
1000
1000
1000
1000
1000
1000
1000
1000
1000
1000
1000
1000
1000
1000
1000
1000
1000
1000
1000
1000
1000
1000
999.999
1000
1000
999.951
999.962
999.999
1000
999.915
999.736
999.831
1000
1000
1000
1000
1000
1000
1000
999.999
1000
1000
1000
1000
1000
1000
1000
1000
1000
999.999
1000
1000
1000
1000
1000
1000
1000
1000
1000
1000
1000
1000
1000
1000
1000
1000
1000
1000
1000
1000
1000
1000
1000
1000
1000
1000
1000
1000
999.999
1000
1000
1000
1000
1000
1000
1000
1000
1000
1000
1000
1000
1000
1000
1000
1000
1000
999.998
1000
999.993
999.954
999.937
999.964
999.935
999.861
999.982
1000
999.999
999.686
999.306
999.682
999.952
999.329
999.93
1000
999.998
999.993
999.983
999.983
999.969
999.939
999.984
1000
1000
1000
1000
1000
1000
1000
1000
1000
1000
1000
1000
1000
1000
1000
1000
1000
1000
1000
1000
1000
1000
1000
1000
1000
1000
1000
1000
1000
1000
999.999
999.998
1000
999.991
999.915
999.874
999.899
999.81
999.863
1000
1000
1000
999.398
996.662
996.597
998.415
999.397
1000
1000
999.997
999.982
999.958
999.947
999.916
999.936
999.997
1000
1000
1000
1000
1000
1000
1000
1000
1000
1000
1000
1000
1000
1000
1000
1000
1000
1000
1000
1000
1000
1000
1000
1000
1000
1000
1000
1000
1000
1000
999.997
999.999
1000
999.994
999.88
999.794
999.809
999.738
999.898
1000
1000
1000
999.215
996.489
996.492
996.907
999.666
1000
1000
999.997
999.969
999.921
999.893
999.88
999.947
1000
1000
1000
1000
1000
1000
1000
1000
1000
1000
1000
1000
1000
1000
1000
1000
999.998
1000
1000
1000
1000
1000
1000
1000
1000
1000
1000
1000
1000
1000
999.999
999.993
999.999
1000.01
999.999
999.871
999.718
999.645
999.739
999.965
1000
1000
1000
999.503
996.491
996.489
997.643
999.938
1000
1000.01
999.999
999.962
999.877
999.82
999.882
999.978
1000
1000
1000
1000
1000
1000
1000
1000
1000
1000
1000
1000
1000
1000
1000
1000
999.998
1000
1000
1000
1000
1000
1000
1000
1000
1000
1000
1000
1000
1000
999.994
999.994
1000
1000.03
1000
999.866
999.642
999.444
999.787
999.999
1000
995.95
999.997
999.528
996.487
996.489
999.228
1000
1000
1000.03
999.999
999.951
999.832
999.786
999.908
999.998
1000
1000
1000
1000
1000
1000
1000
1000
1000
1000
1000
1000
1000
1000
1000
1000
999.999
1000
1000
1000
1000
1000
1000
1000
1000
999.988
1000
1000
1000
999.998
999.989
999.996
1000
999.87
999.998
999.828
999.456
999.449
999.929
1000
1000
989.075
999.986
998.989
996.494
997.762
999.956
1000
1000
999.843
999.993
999.928
999.803
999.792
999.966
1000
1000
999.98
1000
1000
1000
1000
999.999
1000
1000
1000
1000
1000
1000
1000
1000
1000
1000
1000
1000
1000
1000
1000
1000
1000
1000
999.994
1000
1000
1000
999.991
999.99
999.999
1000
999.921
999.994
999.772
999.258
999.679
999.998
1000
1000
999.324
999.951
998.817
997.369
999.623
1000
1000
1000
999.897
999.988
999.911
999.804
999.858
999.997
1000
1000
999.989
1000
1000
1000
999.999
1000
1000
1000
1000
1000
1000
1000
999.999
999.995
1000
1000
1000
1000
1000
1000
1000
1000
1000
1000
999.981
1000
1000
999.997
999.988
999.994
1000
1000
999.771
999.995
999.773
999.512
999.953
1000
1000
1000
999.532
999.964
999.272
999.741
999.995
999.998
1000
1000
999.714
999.99
999.923
999.842
999.97
1000
1000
1000
999.966
1000
1000
999.999
999.999
1000
1000
1000
999.999
1000
1000
999.999
999.991
999.974
1000
1000
1000
1000
1000
1000
1000
1000
1000
1000
999.999
1000
1000
999.991
999.988
999.999
1000
1000
999.978
999.995
999.906
999.979
1000
1000
1000
1000
999.994
999.998
999.99
999.998
999.998
999.998
1000
1000
999.97
999.998
999.969
999.98
1000
1000
1000
1000
999.997
1000
1000
999.999
1000
1000
1000
1000
1000
1000
1000
999.995
999.976
999.95
1000
999.996
1000
1000
1000
1000
1000
1000
1000
1000
1000
1000
999.998
999.991
999.991
1000
1000
1000
1000
999.999
1000
1000
1000
1000
1000
1000
998.828
1000
1000
999.999
999.998
1000
1000
1000
1000
1000
1000
1000
1000
1000
1000
1000
1000
1000
1000
1000
1000
1000
1000
1000
1000
1000
1000
999.994
999.972
999.951
999.998
999.98
1000
1000
1000
1000
1000
1000
1000
1000
1000
1000
999.999
999.991
999.997
1000
1000
1000
997.805
1000
1000
1000
1000
1000
1000
1000
980.504
1000
1000
999.997
999.998
1000
1000
1000
994.633
1000
1000
999.999
1000
1000
1000
1000
1000
1000
1000
1000
1000
1000
1000
1000
1000
1000
1000
999.996
999.985
999.971
999.998
999.976
1000
1000
1000
1000
1000
1000
1000
1000
1000
1000
1000
999.997
1000
1000
1000
1000
966.971
1000
1000
1000
1000
1000
1000
1000
877.61
1000.01
999.999
999.997
999.999
1000
1000
1000
949.689
1000
1000
999.998
1000
1000
1000
1000
1000.01
1000
1000
1000
1000
1000
1000
1000
1000
1000
1000
999.999
999.998
999.995
999.998
999.983
1000
1000
1000
1000
1000
1000
1000
1000
1000
1000
1000
1000
1000
1000
1000
1000
957.365
1000
1000
1000
1000
1000
1000
1000
856.703
1000
1000
999.999
1000
1000
1000
1000
936.108
1000
1000
999.999
1000
1000
1000
1000
1000
1000
1000
1000
1000
1000
1000
1000
1000
1000
1000
1000
999.999
1000
999.991
999.991
1000
1000
1000
1000
1000
1000
1000
1000
999.987
1000
1000
1000
1000
1000
1000
1000
985.011
999.997
1000
1000
1000
1000
1000
1000
941.627
999.989
1000
1000
1000
1000
1000
1000
976.175
999.995
1000
1000
1000
1000
1000
1000
999.977
1000
1000
1000
1000
1000
1000
1000
999.999
1000
1000
999.999
999.992
1000
999.974
999.991
1000
999.983
999.941
999.97
999.985
999.955
999.91
999.876
1000
1000
999.927
999.517
999.425
999.603
998.319
998.331
1000
1000
999.982
998.821
998.332
999.552
997.956
999.504
1000
999.999
999.996
999.899
999.602
999.231
999.372
998.806
1000
999.988
999.641
998.589
998.614
999.488
998.611
996.839
1000
999.878
998.583
998.582
999.144
999.49
996.939
996.84
999.999
999.976
999.59
998.97
999.587
999.903
998.679
996.839
1000
999.984
999.958
999.982
999.962
999.832
999.935
999.822
1000
1000
999.924
999.735
999.876
999.42
998.808
999.258
1000
1000
999.966
999.229
999.067
999.94
999.365
999.944
1000.01
1000
1000
999.882
999.099
998.864
998.956
999.888
1000
1000
999.644
998.931
999.447
999.477
997.021
996.839
1000
999.932
998.866
998.583
999.839
999.143
996.84
996.839
999.999
999.999
999.558
998.869
999.913
999.767
998.55
996.84
999.999
999.993
999.993
999.979
999.828
999.756
999.994
999.845
1000
999.997
999.969
999.965
999.576
999.239
999.815
999.981
1000
1000
999.981
999.936
999.947
999.94
999.888
999.969
1000.02
1000
1000
999.864
999.171
999.016
997.56
999.9
1000
999.982
999.773
999.769
999.77
999.433
996.977
997.294
1000
999.964
999.354
999.153
999.517
998.104
997.513
996.84
999.999
999.999
999.618
999.219
999.911
999.183
998.787
997.611
1000
1000
1000
999.959
999.688
999.783
1000
999.844
1000
999.999
1000
999.945
998.821
999.267
999.988
999.986
1000
1000
999.996
999.996
999.987
999.973
999.982
999.984
1000.03
1000
1000
999.843
999.645
999.542
998.389
999.89
1000
999.99
999.914
999.944
999.653
998.126
998.93
999.612
1000
999.989
999.672
999.538
998.27
997.466
999.314
999.137
999.999
999.999
999.778
999.438
999.35
999.173
999.524
999.813
1000
1000
1000
999.881
999.708
999.873
999.598
999.788
1000
1000
1000
999.617
998.731
999.409
999.967
999.377
1000
1000
999.968
999.957
999.984
999.983
999.983
999.726
1000.04
1000
999.998
999.843
999.878
999.807
999.939
999.92
1000
999.995
999.985
999.955
998.536
997.48
999.86
999.952
1000
999.994
999.886
999.377
997.466
997.466
998.911
999.93
999.999
999.999
999.971
999.347
997.582
999.419
999.536
999.999
1000
1000
999.985
999.797
999.819
999.893
999.407
999.653
999.985
1000
1000
999.015
998.732
998.763
998.653
996.909
999.901
999.999
999.992
999.341
999.934
999.845
999.777
997.504
1000.01
1000
999.998
999.887
999.862
999.695
999.949
999.947
999.977
999.998
999.996
999.719
997.488
998.306
999.952
999.952
1000
999.998
999.99
998.67
997.478
997.673
996.71
997.883
999.999
999.999
999.999
999.175
997.484
998.646
999.301
999.996
999.999
1000
999.93
999.809
999.891
999.622
999.441
999.449
999.992
999.999
999.796
998.944
999.065
998.598
996.812
996.749
999.949
999.995
999.997
999.178
998.169
996.997
997.445
996.747
999.936
999.994
999.992
999.935
999.672
999.471
999.935
999.947
999.989
999.999
999.997
998.544
997.498
999.411
999.787
999.355
999.999
999.999
999.937
998.108
997.555
997.839
996.606
996.607
999.999
999.999
999.999
999.203
997.642
997.174
998.447
999.356
1000
999.995
999.92
999.906
999.846
999.067
999.52
999.433
999.991
999.997
999.687
999.044
999.64
998.783
996.812
996.747
999.897
999.998
999.998
999.178
996.726
996.728
996.735
996.744
999.814
999.997
999.991
999.922
999.53
999.518
999.901
999.063
999.976
999.999
999.83
998.074
998.477
999.602
998.385
996.781
999.999
999.999
999.709
998.075
999.046
997.433
996.608
996.608
999.999
999.999
999.999
999.34
997.739
997.152
997.86
996.7
1000
999.994
999.962
999.898
999.261
999.056
999.619
999.621
999.999
999.986
999.763
999.814
999.829
999.262
997.295
996.979
999.993
1000
1000
999.376
996.723
996.726
997.46
996.747
999.987
1000
999.995
999.893
999.602
999.732
999.872
997.072
999.998
999.999
999.76
998.714
999.85
999.603
997.346
996.609
999.999
999.998
999.528
998.861
999.186
997.146
996.857
996.609
999.999
999.999
999.999
999.593
997.825
997.15
998.175
996.609
1000
999.998
1000
999.794
998.592
999.154
999.705
999.925
1000
999.992
999.97
999.85
999.308
999.297
998.378
999.218
1000
1000
1000
999.734
996.868
997.891
998.326
996.748
1000
1000
999.997
999.899
999.785
999.915
999.896
997.807
1000
999.986
999.806
999.895
999.898
999.502
998.196
997.293
1000
999.967
999.55
999.638
998.512
997.15
998.237
996.61
999.999
999.999
999.999
999.613
998.09
998.322
998.207
996.609
1000
1000
1000
999.81
998.566
999.345
999.768
999.977
1000
999.999
1000
999.755
997.746
998.44
998.99
999.973
1000.02
1000
1000
999.927
998.538
999.811
998.275
998.252
1000.01
1000
999.997
999.928
999.897
999.936
999.936
999.748
1000
999.989
999.865
999.93
999.69
998.976
999.823
999.654
1000
999.983
999.695
999.62
997.311
997.154
998.24
996.61
999.999
999.998
999.999
999.634
998.663
999.542
997.619
997.531
1000
1000
1000
999.779
999.181
999.426
999.92
999.901
1000.01
1000
1000
999.645
997.538
997.24
999.457
999.959
1000.02
1000
1000
999.761
999.669
999.839
998.261
999.848
1000.02
1000
999.999
999.955
999.893
999.934
999.938
999.938
1000
999.996
999.946
999.93
997.897
998.573
999.859
999.936
1000
999.993
999.943
999.518
997.275
998.241
997.227
996.701
999.998
999.998
999.995
999.531
999.303
999.534
997.216
999.51
1000
1000
1000
999.747
999.54
999.44
999.991
999.158
1000
1000
1000
999.536
997.865
997.229
999.98
998.461
1000
999.999
1000
999.488
999.833
999.781
998.261
999.85
1000
1000
999.999
999.967
999.868
999.934
999.801
999.036
1000
999.996
999.999
999.826
997.275
998.65
998.294
999.923
1000
999.995
999.997
998.805
997.274
998.76
997.162
999.029
999.996
999.999
999.974
999.32
999.356
998.72
997.446
999.972
999.999
1000
1000
999.776
999.381
999.401
999.498
998.293
999.988
1000
1000
999.529
998.761
997.225
998.563
997.226
999.97
999.992
999.987
999.488
999.867
999.404
998.475
999.82
999.98
999.999
999.999
999.971
999.872
999.934
998.294
998.183
999.995
999.998
999.998
999.638
997.35
999.462
997.162
999.916
999.999
999.999
999.996
997.922
997.275
998.369
997.163
999.957
999.994
999.999
999.926
999.291
999.23
997.621
998.676
999.999
1000
1000
1000
1000
1000
1000
1000
999.998
1000
1000
999.999
999.993
999.947
999.907
999.944
999.874
1000
1000
1000
999.966
999.596
999.499
999.671
999.887
1000
1000
1000
999.974
999.62
999.497
999.498
999.996
1000
999.986
999.906
999.906
999.97
999.993
999.919
999.998
1000
999.999
999.995
999.997
1000
999.999
999.992
999.997
1000
1000
1000
1000
1000
1000
1000
1000
1000
1000
1000
1000
1000
1000
1000
1000
1000
1000
999.996
999.971
999.939
999.943
999.981
999.808
1000
1000
1000
999.873
999.5
999.589
999.935
999.315
1000
1000
1000
999.863
999.498
999.498
999.599
999.898
1000
999.987
999.906
999.906
999.966
999.914
999.824
1000
1000
999.999
999.996
999.999
999.999
999.993
999.986
999.998
1000
1000
1000
1000
1000
1000
1000
1000
1000
1000
999.999
1000
1000
1000
999.999
1000
1000
1000
999.986
999.939
999.951
999.989
999.995
999.834
1000
1000
1000
999.862
999.565
999.875
999.958
999.277
1000.01
1000
1000
999.838
999.498
999.54
999.953
999.347
1000
999.996
999.96
999.947
999.906
999.708
999.848
1000
1000
999.999
999.997
999.999
999.995
999.98
999.986
1000
1000
1000
1000
1000
1000
1000
1000
1000
1000
1000
999.999
1000
1000
999.999
999.996
1000
1000
1000
999.98
999.937
999.978
999.999
999.999
999.924
1000
1000
999.995
999.865
999.905
999.995
999.993
999.309
1000.02
1000
1000
999.895
999.623
999.832
999.956
999.278
1000
999.999
999.999
999.964
999.76
999.706
999.912
1000
1000
1000
999.999
999.995
999.972
999.969
999.99
1000
1000
1000
1000
1000
1000
1000
1000
1000
1000
1000
999.999
1000
1000
999.998
999.995
1000
1000
1000
999.975
999.949
999.996
999.999
999.893
999.991
1000
1000
999.993
999.868
999.989
999.998
999.998
999.738
1000.02
1000
1000
999.955
999.969
999.993
999.964
999.278
1000
1000
1000
999.93
999.746
999.743
999.977
1000
1000
1000
1000
999.982
999.934
999.971
999.998
1000
1000
1000
1000
1000
1000
1000
1000
1000
1000
1000
1000
1000
999.999
999.997
999.998
999.998
1000
1000
999.973
999.973
999.996
999.953
999.775
999.997
999.987
1000
999.962
999.868
999.989
999.986
999.468
999.973
1000
1000
1000
999.996
999.996
999.995
999.926
999.306
999.945
1000
1000
999.87
999.747
999.897
999.99
1000
999.993
1000
1000
999.948
999.935
999.983
1000
999.999
1000
1000
1000
1000
1000
1000
1000
1000
1000
1000
1000
1000
999.999
999.999
1000
999.994
1000
999.994
999.978
999.995
999.978
999.734
999.815
999.998
999.992
999.995
999.919
999.868
999.981
999.585
999.297
999.994
999.965
999.998
999.998
999.997
999.997
999.974
999.354
999.865
999.975
999.999
999.999
999.873
999.854
999.989
999.979
999.945
999.997
1000
999.996
999.94
999.964
999.998
999.999
999.977
1000
1000
1000
1000
1000
1000
1000
1000
1000
1000
1000
1000
999.998
1000
1000
999.992
999.999
999.991
999.988
999.998
999.888
999.708
999.901
999.842
999.986
999.977
999.912
999.969
999.908
999.185
999.379
999.995
999.895
999.998
999.997
999.998
999.997
999.756
999.157
999.916
999.947
999.999
999.994
999.967
999.993
999.992
999.929
999.52
999.997
1000
999.994
999.972
999.996
1000
999.996
999.941
1000
1000
1000
1000
1000
1000
1000
1000
1000
1000
1000
999.999
1000
1000
1000
999.997
999.999
999.994
999.998
999.981
999.782
999.821
999.951
999.59
999.999
999.978
999.934
999.974
999.487
999.185
999.708
999.202
999.993
999.999
999.998
999.999
999.971
999.228
999.149
999.842
999.997
1000
999.996
999.999
999.997
999.978
999.875
999.461
1000
1000
999.997
1000
1000
1000
999.996
999.939
1000
1000
999.999
1000
1000
1000
1000
1000
1000
1000
999.999
999.997
1000
1000
1000
1000
1000
999.999
999.995
999.878
999.799
999.958
999.982
999.656
1000
999.992
999.993
999.917
999.248
999.264
999.874
999.093
1000
1000
999.999
999.999
999.794
999.156
999.144
999.127
1000
1000
999.999
999.999
999.982
999.944
999.894
999.471
1000
999.999
999.995
1000
1000
1000
999.998
999.963
1000
1000
999.998
1000
1000
1000
1000
1000
1000
1000
999.999
999.995
1000
999.999
999.995
1000
1000
1000
999.983
999.777
999.866
999.996
999.995
999.884
1000
1000
1000
999.82
999.248
999.667
999.937
999.092
1000
1000
1000
999.988
999.333
999.161
999.768
999.085
1000
1000
1000
999.996
999.967
999.935
999.918
999.754
1000
999.999
999.995
1000
1000
1000
999.999
999.993
1000
1000
999.998
1000
1000
1000
1000
1000
1000
1000
999.998
999.998
1000
999.998
999.971
1000
1000
1000
999.97
999.773
999.947
999.991
999.923
999.996
1000
1000
1000
999.682
999.251
999.93
999.974
999.577
1000
1000
1000
999.932
999.26
999.299
999.964
999.085
1000
1000
1000
999.994
999.978
999.95
999.884
999.967
1000
1000
999.995
1000
1000
1000
999.971
999.999
1000
1000
999.998
1000
1000
1000
1000
1000
1000
999.999
999.997
1000
1000
999.997
999.964
1000
1000
1000
999.944
999.878
999.993
999.983
999.724
999.999
1000
1000
999.995
999.672
999.688
999.977
999.989
999.982
1000
1000
1000
999.851
999.264
999.748
999.976
999.329
1000
1000
1000
999.993
999.999
999.968
999.878
999.997
1000
1000
999.998
999.999
999.999
1000
999.92
999.999
1000
1000
999.999
1000
1000
1000
999.999
1000
1000
999.998
999.997
1000
999.996
999.973
999.98
999.998
1000
999.995
999.94
999.983
999.996
999.995
999.711
999.999
999.998
999.999
999.988
999.808
999.981
999.982
999.641
999.999
999.992
1000
1000
999.808
999.627
999.975
999.983
999.946
999.989
1000
1000
999.989
999.849
999.882
999.88
1000
999.995
1000
1000
999.997
999.97
999.98
999.93
1000
1000
1000
1000
1000
1000
999.994
999.997
1000
1000
1000
1000
1000
1000
1000
1000
1000
1000
1000
1000
1000
1000
1000
1000
1000
1000
1000
1000
1000
1000
1000
1000
1000
1000
1000
1000
1000
1000
1000
1000
1000
1000
1000
1000
1000
1000
1000
1000
1000
1000
1000
1000
1000
1000
1000
1000
1000
1000
1000
1000
1000
1000
1000
1000
1000
1000
1000
1000
1000
1000
1000
1000
1000
1000
1000
1000
1000
1000
1000
1000
1000
1000
1000
1000
1000
1000
1000
1000
1000
1000
1000
1000
1000
1000
1000
1000
1000
1000
1000
1000
1000
1000
1000
1000
1000
1000
1000
1000
1000
1000
1000
1000
1000
1000
1000
1000
1000
1000
1000
1000
1000
1000
1000
1000
1000
1000
1000
1000
1000
1000
1000
1000
1000
1000
1000
1000
1000
1000
1000
1000
1000
1000
1000
1000
1000
1000
1000
1000
1000
1000
1000
1000
1000
1000
1000
1000
1000
1000
1000
1000
1000
1000
1000
1000
1000
1000
1000
1000
1000
1000
1000
1000
1000
1000
1000
1000
1000
1000
1000
1000
1000
1000
1000
1000
1000
1000
1000
1000
1000
1000
1000
1000
1000
1000
1000
1000
1000
1000
1000
1000
1000
1000
1000
1000
1000
1000
1000
1000
1000
1000
1000
1000
1000
1000
1000
1000
1000
1000
1000
1000
1000
1000
1000
1000
1000
1000
1000
1000
1000
1000
1000
1000
1000
1000
1000
1000
1000
1000
1000
1000
1000
1000
1000
1000
1000
1000
1000
1000
1000
1000
1000
1000
1000
1000
1000
1000
1000
1000
1000
1000
1000
1000
1000
1000
1000
1000
1000
1000
1000
1000
1000
1000
1000
1000
1000
1000
1000
1000
1000
1000
1000
1000
1000
1000
1000
1000
1000
1000
1000
1000
1000
1000
1000
1000
1000
1000
1000
1000
1000
1000
1000
1000
1000
1000
1000
1000
1000
1000
1000
1000
1000
1000
1000
1000
1000
1000
1000
1000
1000
1000
1000
1000
1000
1000
1000
1000
1000
1000
1000
1000
1000
1000
1000
1000
1000
1000
1000
1000
1000
1000
1000
1000
1000
1000
1000
1000
1000
1000
1000
1000
1000
1000
1000
1000
1000
1000
1000
1000
1000
1000
1000
1000
1000
1000
1000
1000
1000
1000
1000
1000
1000
1000
1000
1000
1000
1000
1000
1000
1000
1000
1000
1000
1000
1000
1000
1000
1000
1000
1000
1000
1000
1000
1000
1000
1000
1000
1000
1000
1000
1000
1000
1000
1000
1000
1000
1000
1000
1000
1000
1000
1000
1000
1000
1000
1000
1000
1000
1000
1000
1000
1000
1000
1000
1000
1000
1000
1000
1000
1000
1000
1000
1000
1000
1000
1000
1000
1000
1000
1000
1000
1000
1000
1000
1000
1000
1000
1000
1000
1000
1000
1000
1000
1000
1000
1000
1000
1000
1000
1000
1000
1000
1000
1000
1000
1000
1000
1000
1000
1000
1000
1000
1000
1000
1000
1000
1000
1000
1000
1000
1000
1000
1000
1000
1000
1000
1000
1000
1000
1000
1000
1000
1000
1000
1000
1000
1000
1000
1000
1000
1000
1000
1000
1000
1000
1000
1000
1000
1000
1000
1000
1000
1000
1000
1000
1000
1000
1000
1000
1000
1000
1000
1000
1000
1000
1000
1000
1000
1000
1000
1000
1000
1000
1000
1000
1000
1000
1000
1000
1000
1000
1000
1000
1000
1000
1000
1000
1000
1000
1000
1000
1000
1000
1000
1000
1000
1000
1000
1000
1000
1000
1000
1000
1000
1000
1000
1000
1000
1000
1000
1000
1000
1000
1000
1000
1000
1000
1000
1000
1000
1000
1000
1000
1000
1000
1000
1000
1000
1000
1000
1000
1000
1000
1000
1000
1000
1000
1000
1000
1000
1000
1000
1000
1000
1000
1000
1000
1000
1000
1000
1000
1000
1000
1000
1000
1000
1000
1000
1000
1000
1000
1000
1000
1000
1000
1000
1000
1000
1000
1000
1000
1000
1000
1000
1000
1000
1000
1000
1000
1000
1000
1000
1000
1000
1000
1000
1000
1000
1000
1000
1000
1000
1000
1000
1000
1000
1000
1000
1000
1000
1000
1000
1000
1000
1000
1000
1000
1000
1000
1000
1000
1000
1000
1000
1000
1000
1000
1000
1000
1000
1000
1000
1000
1000
1000
1000
1000
1000
1000
1000
1000
1000
1000
1000
1000
1000
1000
1000
1000
1000
1000
1000
1000
1000
1000
1000
1000
1000
1000
1000
1000
1000
1000
1000
1000
1000
1000
1000
1000
1000
1000
1000
1000
1000
1000
1000
1000
1000
1000
1000
1000
1000
1000
1000
1000
1000
1000
1000
1000
1000
1000
1000
1000
1000
1000
1000
1000
1000
1000
1000
1000
1000
1000
1000
1000
1000
1000
1000
1000
1000
1000
1000
1000
1000
1000
1000
1000
1000
1000
1000
1000
1000
1000
1000
1000
1000
1000
1000
1000
1000
1000
1000
1000
1000
1000
1000
1000
1000
1000
1000
1000
1000
1000
1000
1000
1000
1000
1000
1000
1000
1000
1000
1000
1000
1000
1000
1000
1000
1000
1000
1000
1000
1000
1000
1000
1000
1000
1000
1000
1000
1000
1000
1000
1000
1000
1000
1000
1000
1000
1000
1000
1000
1000
1000
1000
1000
1000
1000
1000
1000
1000
1000
1000
1000
1000
1000
1000
1000
1000
1000
1000
1000
1000
1000
1000
1000
1000
1000
1000
1000
1000
1000
1000
1000
1000
1000
1000
1000
1000
1000
1000
1000
1000
1000
1000
1000
1000
1000
1000
1000
1000
1000
1000
1000
1000
1000
1000
1000
1000
1000
1000
1000
1000
1000
1000
1000
1000
1000
1000
1000
1000
1000
1000
1000
1000
1000
1000
1000
1000
1000
1000
1000
1000
1000
1000
1000
1000
1000
1000
1000
1000
1000
1000
1000
1000
1000
1000
1000
1000
1000
1000
1000
1000
1000
1000
1000
1000
1000
1000
1000
1000
1000
1000
1000
1000
1000
1000
1000
1000
1000
1000
1000
1000
1000
1000
1000
1000
1000
1000
1000
1000
1000
1000
1000
1000
1000
1000
1000
1000
1000
1000
1000
1000
1000
1000
1000
1000
1000
1000
1000
1000
1000
1000
1000
1000
1000
1000
1000
1000
1000
1000
1000
1000
1000
1000
1000
1000
1000
1000
1000
1000
1000
1000
1000
1000
1000
1000
1000
1000
1000
1000
1000
1000
1000
1000
1000
1000
1000
1000
1000
1000
1000
1000
1000
1000
1000
1000
1000
1000
1000
1000
1000
1000
1000
1000
1000
1000
1000
1000
1000
1000
1000
1000
1000
1000
1000
1000
1000
1000
1000
1000
1000
1000
1000
1000
1000
1000
1000
1000
1000
1000
1000
1000
1000
1000
1000
1000
1000
1000
1000
1000
1000
1000
1000
1000
1000
1000
1000
1000
1000
1000
1000
1000
1000
1000
1000
1000
1000
1000
1000
1000
1000
1000
1000
1000
1000
1000
1000
1000
1000
1000
1000
1000
1000
1000
1000
1000
1000
1000
1000
1000
1000
1000
1000
1000
1000
1000
1000
1000
1000
1000
1000
1000
1000
1000
1000
1000
1000
1000
1000
1000
1000
1000
1000
1000
1000
1000
1000
1000
1000
1000
1000
1000
1000
1000
1000
1000
1000
1000
1000
1000
1000
1000
1000
1000
1000
1000
1000
1000
1000
1000
1000
1000
1000
1000
1000
1000
1000
1000
1000
1000
1000
1000
1000
1000
1000
1000
1000
1000
1000
1000
1000
1000
1000
1000
1000
1000
1000
1000
1000
1000
1000
1000
1000
1000
1000
1000
1000
1000
1000
1000
1000
1000
1000
1000
1000
1000
1000
1000
1000
1000
1000
1000
1000
1000
1000
1000
1000
1000
1000
1000
1000
1000
1000
1000
1000
1000
1000
1000
1000
1000
1000
1000
1000
1000
1000
1000
1000
1000
1000
1000
1000
1000
1000
1000
1000
1000
1000
1000
1000
1000
1000
1000
1000
1000
1000
1000
1000
1000
1000
1000
1000
1000
1000
1000
1000
1000
1000
1000
1000
1000
1000
1000
1000
1000
1000
1000
1000
1000
1000
1000
1000
1000
1000
1000
1000
1000
1000
1000
1000
1000
1000
1000
1000
1000
1000
1000
1000
1000
1000
1000
1000
1000
1000
1000
1000
1000
1000
1000
1000
1000
1000
1000
1000
1000
1000
1000
1000
1000
1000
1000
1000
1000
1000
1000
1000
1000
1000
1000
1000
1000
1000
1000
1000
1000
1000
1000
1000
1000
1000
1000
1000
1000
1000
1000
1000
1000
1000
1000
1000
1000
1000
1000
1000
1000
1000
1000
1000
1000
1000
1000
1000
1000
1000
1000
1000
1000
1000
1000
1000
1000
1000
1000
1000
1000
1000
1000
1000
1000
1000
1000
1000
1000
1000
1000
1000
1000
1000
1000
1000
1000
1000
1000
1000
1000
1000
1000
1000
1000
1000
1000
1000
1000
1000
1000
1000
1000
1000
1000
1000
1000
1000
1000
1000
1000
1000
1000
1000
1000
1000
1000
1000
1000
1000
1000
1000
1000
1000
1000
1000
1000
1000
1000
1000
1000
1000
1000
1000
1000
1000
1000
1000
1000
1000
1000
1000
1000
1000
1000
1000
1000
1000
1000
1000
1000
1000
1000
1000
1000
1000
1000
1000
1000
1000
1000
1000
1000
1000
1000
1000
1000
1000
1000
1000
1000
1000
1000
1000
1000
1000
1000
1000
1000
1000
1000
1000
1000
1000
1000
1000
1000
1000
1000
1000
1000
1000
1000
1000
1000
1000
1000
1000
1000
1000
1000
1000
1000
1000
1000
1000
1000
1000
1000
1000
1000
1000
1000
1000
1000
1000
1000
1000
1000
1000
1000
1000
1000
1000
1000
1000
1000
1000
1000
1000
1000
1000
1000
1000
1000
1000
1000
1000
1000
1000
1000
1000
1000
1000
1000
1000
1000
1000
1000
1000
1000
1000
1000
1000
1000
1000
1000
1000
1000
1000
1000
1000
1000
1000
1000
1000
1000
1000
1000
1000
1000
1000
1000
1000
1000
1000
1000
1000
1000
1000
1000
1000
1000
1000
1000
1000
1000
1000
1000
1000
1000
1000
1000
1000
1000
1000
1000
1000
1000
1000
1000
1000
1000
1000
1000
1000
1000
1000
1000
1000
1000
1000
1000
1000
1000
1000
1000
1000
1000
1000
1000
1000
1000
1000
1000
1000
1000
1000
1000
1000
1000
1000
1000
1000
1000
1000
1000
1000
1000
1000
1000
1000
1000
1000
1000
1000
1000
1000
1000
1000
1000
1000
1000
1000
1000
1000
1000
1000
1000
1000
1000
1000
1000
1000
1000
1000
1000
1000
1000
1000
1000
1000
1000
1000
1000
1000
1000
1000
1000
1000
1000
1000
1000
1000
1000
1000
1000
1000
1000
1000
1000
1000
1000
1000
1000
1000
1000
1000
1000
1000
1000
1000
1000
1000
1000
1000
1000
1000
1000
1000
1000
1000
1000
1000
1000
1000
1000
1000
1000
1000
1000
1000
1000
1000
1000
1000
1000
1000
1000
1000
1000
1000
1000
1000
1000
1000
1000
1000
1000
1000
1000
1000
1000
1000
1000
1000
1000
1000
1000
1000
1000
1000
1000
1000
1000
1000
1000
1000
1000
1000
1000
1000
1000
1000
1000
1000
1000
1000
1000
1000
1000
1000
1000
1000
1000
1000
1000
1000
1000
1000
1000
1000
1000
1000
1000
1000
1000
1000
1000
1000
1000
1000
1000
1000
1000
1000
1000
1000
1000
1000
1000
1000
1000
1000
1000
1000
1000
1000
1000
1000
1000
1000
1000
1000
1000
1000
1000
1000
1000
1000
1000
1000
1000
1000
1000
1000
1000
1000
1000
1000
1000
1000
1000
1000
1000
1000
1000
1000
1000
1000
1000
1000
1000
1000
1000
1000
1000
1000
1000
1000
1000
1000
1000
1000
1000
1000
1000
1000
1000
1000
1000
1000
1000
1000
1000
1000
1000
1000
1000
1000
1000
1000
1000
1000
1000
1000
1000
1000
1000
1000
1000
1000
1000
1000
1000
1000
1000
1000
1000
1000
1000
1000
1000
1000
1000
1000
1000
1000
1000
1000
1000
1000
1000
1000
1000
1000
1000
1000
1000
1000
1000
1000
1000
1000
1000
1000
1000
1000
1000
1000
1000
1000
1000
1000
1000
1000
1000
1000
1000
1000
1000
1000
1000
1000
1000
1000
1000
1000
1000
1000
1000
1000
1000
1000
1000
1000
1000
1000
1000
1000
1000
1000
1000
1000
1000
1000
1000
1000
1000
1000
1000
1000
1000
1000
1000
1000
1000
1000
1000
1000
1000
1000
1000
1000
1000
1000
1000
1000
1000
1000
1000
1000
1000
1000
1000
1000
1000
1000
1000
1000
1000
1000
1000
1000
1000
1000
1000
1000
1000
1000
1000
1000
1000
1000
1000
1000
1000
1000
1000
1000
1000
1000
1000
1000
1000
1000
1000
1000
1000
1000
1000
1000
1000
1000
1000
1000
1000
1000
1000
1000
1000
1000
1000
1000
1000
1000
1000
1000
1000
1000
1000
1000
1000
1000
1000
1000
1000
1000
1000
1000
1000
1000
1000
1000
1000
1000
1000
1000
1000
1000
1000
1000
1000
1000
1000
1000
1000
1000
1000
1000
1000
1000
1000
1000
1000
1000
1000
1000
1000
1000
1000
1000
1000
1000
1000
1000
1000
1000
1000
1000
1000
1000
1000
1000
1000
1000
1000
1000
1000
1000
1000
1000
1000
1000
1000
1000
1000
1000
1000
1000
1000
1000
1000
1000
1000
1000
1000
1000
1000
1000
1000
1000
1000
1000
1000
1000
1000
1000
1000
1000
1000
1000
1000
1000
1000
1000
1000
1000
1000
1000
1000
1000
1000
1000
1000
1000
1000
1000
1000
1000
1000
1000
1000
1000
1000
1000
1000
1000
1000
1000
1000
1000
1000
1000
1000
1000
1000
1000
1000
1000
1000
1000
1000
1000
1000
1000
1000
1000
1000
1000
1000
1000
1000
1000
1000
1000
1000
1000
1000
1000
1000
1000
1000
1000
1000
1000
1000
1000
1000
1000
1000
1000
1000
1000
1000
1000
1000
1000
1000
1000
1000
1000
1000
1000
1000
1000
1000
1000
1000
1000
1000
1000
1000
1000
1000
1000
1000
1000
1000
1000
1000
1000
1000
1000
1000
1000
1000
1000
1000
1000
1000
1000
1000
1000
1000
1000
1000
1000
1000
1000
1000
1000
1000
1000
1000
1000
1000
1000
1000
1000
1000
1000
1000
1000
1000
1000
1000
1000
1000
1000
1000
1000
1000
1000
1000
1000
1000
1000
1000
1000
1000
1000
1000
1000
1000
1000
1000
1000
1000
1000
1000
1000
1000
1000
1000
1000
1000
1000
1000
1000
1000
1000
1000
1000
1000
1000
1000
1000
1000
1000
1000
1000
1000
1000
1000
1000
1000
1000
1000
1000
1000
1000
1000
1000
1000
1000
1000
1000
1000
1000
1000
1000
1000
1000
1000
1000
1000
1000
1000
1000
1000
1000
1000
1000
1000
1000
1000
1000
1000
1000
1000
1000
1000
1000
1000
1000
1000
1000
1000
1000
1000
1000
1000
1000
1000
1000
1000
1000
1000
1000
1000
1000
1000
1000
1000
1000
1000
1000
1000
1000
1000
1000
1000
1000
1000
1000
1000
1000
1000
1000
1000
1000
1000
1000
1000
1000
1000
1000
1000
1000
1000
1000
1000
1000
1000
1000
1000
1000
1000
1000
1000
1000
1000
1000
1000
1000
1000
1000
1000
1000
1000
1000
1000
1000
1000
1000
1000
1000
1000
1000
1000
1000
1000
1000
1000
1000
1000
1000
1000
1000
1000
1000
1000
1000
1000
1000
1000
1000
1000
1000
1000
1000
1000
1000
1000
1000
1000
1000
1000
1000
1000
1000
1000
1000
1000
1000
1000
1000
1000
1000
1000
1000
1000
1000
1000
1000
1000
1000
1000
1000
1000
1000
1000
1000
1000
1000
1000
1000
1000
1000
1000
1000
1000
1000
1000
1000
1000
1000
1000
1000
1000
1000
1000
1000
1000
1000
1000
1000
1000
1000
1000
1000
1000
1000
1000
1000
1000
1000
1000
1000
1000
1000
1000
1000
1000
1000
1000
1000
1000
1000
1000
1000
1000
1000
1000
1000
1000
1000
1000
1000
1000
1000
1000
1000
1000
1000
1000
1000
1000
1000
1000
1000
1000
1000
1000
1000
1000
1000
1000
1000
1000
1000
1000
1000
1000
1000
1000
1000
1000
1000
1000
1000
1000
1000
1000
1000
1000
1000
1000
1000
1000
1000
1000
1000
1000
1000
1000
1000
1000
1000
1000
1000
1000
1000
1000
1000
1000
1000
1000
1000
1000
1000
1000
1000
1000
1000
1000
1000
1000
1000
1000
1000
1000
1000
1000
1000
1000
1000
1000
1000
1000
1000
1000
1000
1000
1000
1000
1000
1000
1000
1000
1000
1000
1000
1000
1000
1000
1000
1000
1000
1000
1000
1000
1000
1000
1000
1000
1000
1000
1000
1000
1000
1000
1000
1000
1000
1000
1000
1000
1000
1000
1000
1000
1000
1000
1000
1000
1000
1000
1000
1000
1000
1000
1000
1000
1000
1000
1000
1000
1000
1000
1000
1000
1000
1000
1000
1000
1000
1000
1000
1000
1000
1000
1000
1000
1000
1000
1000
1000
1000
1000
1000
1000
1000
1000
1000
1000
1000
1000
1000
1000
1000
1000
1000
1000
1000
1000
1000
1000
1000
1000
1000
1000
1000
1000
1000
1000
1000
1000
1000
1000
1000
1000
1000
1000
1000
1000
1000
1000
1000
1000
1000
1000
1000
1000
1000
1000
1000
1000
1000
1000
1000
1000
1000
1000
1000
1000
1000
1000
1000
1000
1000
1000
1000
1000
1000
1000
1000
1000
1000
1000
1000
1000
1000
1000
1000
1000
1000
1000
1000
1000
1000
1000
1000
1000
1000
1000
1000
1000
1000
1000
1000
1000
1000
1000
1000
1000
1000
1000
1000
1000
1000
1000
1000
1000
1000
1000
1000
1000
1000
1000
1000
1000
1000
1000
1000
1000
1000
1000
1000
1000
1000
1000
1000
1000
1000
1000
1000
1000
1000
1000
1000
1000
1000
1000
1000
1000
1000
1000
1000
1000
1000
1000
1000
1000
1000
1000
1000
1000
1000
1000
1000
1000
1000
1000
1000
1000
1000
1000
1000
1000
1000
1000
1000
1000
1000
1000
1000
1000
1000
1000
1000
1000
1000
1000
1000
1000
1000
1000
1000
1000
1000
1000
1000
1000
1000
1000
1000
1000
1000
1000
1000
1000
1000
1000
1000
1000
1000
1000
1000
1000
1000
1000
1000
1000
1000
1000
1000
1000
1000
1000
1000
1000
1000
1000
1000
1000
1000
1000
1000
1000
1000
1000
1000
1000
1000
1000
1000
1000
1000
1000
1000
1000
1000
1000
1000
1000
1000
1000
1000
1000
1000
1000
1000
1000
1000
1000
1000
1000
1000
1000
1000
1000
1000
1000
1000
1000
1000
1000
1000
1000
1000
1000
1000
1000
1000
1000
1000
1000
1000
1000
1000
1000
1000
1000
1000
1000
1000
1000
1000
1000
1000
1000
1000
1000
1000
1000
1000
1000
1000
1000
1000
1000
1000
1000
1000
1000
1000
1000
1000
1000
1000
1000
1000
1000
1000
1000
1000
1000
1000
1000
1000
1000
1000
1000
1000
1000
1000
1000
1000
1000
1000
1000
1000
1000
1000
1000
1000
1000
1000
1000
1000
1000
1000
1000
1000
1000
1000
1000
1000
1000
1000
1000
1000
1000
1000
1000
1000
1000
1000
1000
1000
1000
1000
1000
1000
1000
1000
1000
1000
1000
998.968
991.375
977.21
982.493
995.388
999.577
999.985
980.688
925.327
868.938
892.039
953.131
991.329
999.973
949.226
749.772
491.455
549.605
828.447
972.682
999.922
935.139
685.688
380.432
351.33
739.184
959.6
999.579
956.061
787.166
649.234
669.218
846.182
976.747
999.937
987.056
952.838
923.336
933.801
968.637
994.348
999.986
999.737
997.922
989.604
992.035
998.828
999.905
999.998
999.999
992.152
981.568
983.317
995.675
1000
999.994
981.897
940.274
946.154
937.295
949.724
991.208
1000
958.192
854.971
839.696
893.573
894.824
970.625
1000
940.462
905.126
743.743
730.1
879.623
957.352
999.999
960.359
856.345
897.018
852.341
899.643
973.314
1000
988.534
952.137
965.527
964.899
958.706
994.832
1000
1000
999.997
992.591
994.022
999.998
1000
1000
999.64
968.327
943.752
941.662
979.225
1000
999.999
941.227
796.056
634.562
680.361
807.347
966.712
1000
846.674
547.514
781.523
677.337
627.141
881.942
1000
775.615
527.961
796.096
793.857
509.101
829.898
1000
855.904
604.299
549.972
510.488
695.935
890.932
966.487
819.739
824.704
830.505
829.728
1000
996.234
976.259
978.174
999.951
999.951
999.989
999.994
999.852
999.661
999.912
999.968
1000
1000
1000
1000
1000
1000
999.998
1000
999.998
1000
1000
1000
1000
1000
1000
1000
999.993
1000
1000
1000
1000
1000
1000
1000
999.998
1000
1000
1000
1000
1000
1000
1000
1000
1000
1000
1000
1000
1000
1000
1000
1000
1000
1000
1000
1000
1000
1000
1000
999.955
999.951
999.958
999.979
999.816
999.663
999.926
999.602
1000
1000
1000
1000
1000
1000
999.999
1000
1000
1000
1000
1000
1000
1000
1000
1000
1000
1000
1000
1000
1000
1000
1000
1000
1000
1000
1000
1000
1000
1000
1000
1000
1000
1000
1000
1000
1000
1000
1000
1000
1000
1000
1000
1000
1000
1000
1000
1000
999.973
999.951
999.964
999.948
999.787
999.709
999.917
999.089
1000
1000
1000
1000
1000
1000
1000
1000
999.997
1000
1000
1000
1000
1000
1000
1000
999.948
999.999
1000
1000
1000
1000
1000
1000
999.124
999.986
1000
1000
1000
1000
1000
1000
996.236
999.949
999.999
1000
1000
1000
1000
1000
998.545
999.977
1000
1000
1000
1000
1000
1000
999.885
999.998
1000
1000
1000
1000
1000
1000
999.99
1000
1000
999.998
999.98
999.998
999.958
999.99
999.999
1000
1000
1000
1000
1000
1000
1000
1000
1000
1000
1000
1000
1000
1000
1000
999.998
999.999
1000
1000
1000
1000
1000
999.999
999.047
999.999
1000
1000
1000
1000
1000
1000
999.997
999.999
1000
1000
1000
1000
1000
1000
1000
1000
1000
1000
1000
1000
1000
1000
999.999
1000
1000
999.997
999.98
999.989
999.961
999.995
1000
1000
1000
1000
1000
1000
1000
1000
1000
1000
1000
1000
1000
1000
1000
1000
1000
1000
1000
1000
1000
1000
1000
999.999
987.582
1000
1000
1000
1000
1000
1000
1000
999.018
1000
1000
1000
1000
1000
1000
1000
1000
1000
1000
1000
1000
1000
1000
1000
1000
1000
1000
999.998
999.986
999.961
999.969
999.999
999.996
1000
1000
999.821
999.002
999.364
997.598
998.532
999.972
999.999
1000
999.736
999.145
997.223
997.224
997.225
999.903
999.994
999.967
999.854
999.902
997.819
998.538
997.43
999.931
999.997
999.997
999.976
999.917
999.735
997.931
998.406
999.985
999.999
999.971
998.928
999.021
999.727
998.129
997.877
999.999
999.999
999.807
997.872
998.646
997.598
997.312
999.999
999.994
999.999
999.917
999.364
999.033
997.594
999.594
999.999
1000
1000
1000
999.877
998.964
999.435
997.799
999.254
1000
1000
999.997
999.968
999.006
997.223
997.223
997.329
999.999
999.999
999.977
999.999
999.874
997.223
998.537
997.267
999.999
999.999
999.997
999.98
999.952
998.258
997.935
999.586
1000
999.999
999.927
998.303
999.863
999.831
999.286
997.245
1000
1000
999.416
997.872
999.786
997.936
999.33
997.636
999.995
999.999
999.954
999.559
998.639
997.593
999.894
998.38
1000
1000
1000
999.93
999.028
999.491
999.186
999.873
1000
1000
999.996
999.998
998.367
997.223
997.223
998.97
1000
1000
1000
1000
999.662
997.223
997.642
998.011
1000
999.999
999.998
999.984
999.976
997.92
998.837
999.906
1000
1000
999.902
998.869
999.969
998.16
999.76
997.42
1000
1000
999.255
998.438
999.481
997.743
999.867
996.543
999.996
999.998
999.995
999.724
997.095
997.842
999.896
996.526
1000
999.998
999.999
1000
999.987
999.931
999.999
999.992
999.999
999.994
999.968
999.998
999.977
999.927
999.809
999.824
999.987
999.999
999.986
999.992
999.993
999.982
999.325
999.997
999.973
999.999
999.996
999.862
999.982
999.984
999.685
1000
999.965
999.999
1000
999.966
999.39
999.762
999.914
1000
999.977
1000
1000
999.992
999.892
999.764
999.958
1000
999.999
1000
1000
1000
1000
999.984
999.997
1000
1000
999.999
999.999
1000
999.984
999.931
1000
1000
1000
999.997
999.999
1000
999.953
999.382
999.848
998.894
999.999
999.999
999.994
1000
999.993
999.983
999.325
997.297
1000
1000
999.996
999.976
999.989
999.984
999.196
999.203
1000
1000
1000
999.935
999.387
999.727
999.962
999.943
999.999
1000
1000
999.983
999.866
999.728
999.981
1000
1000
1000
1000
1000
999.999
999.981
999.997
1000
1000
1000
1000
1000
1000
999.967
999.882
999.772
1000
1000
1000
1000
999.998
999.984
999.999
1000
1000
1000
1000
1000
1000
1000
1000
1000
1000
1000
1000
1000
1000
1000
1000
1000
1000
1000
1000
1000
1000
1000
1000
1000
1000
1000
1000
1000
1000
1000
1000
1000
1000
1000
1000
1000
1000
1000
1000
1000
1000
1000
1000
1000
1000
1000
1000
1000
1000
1000
1000
1000
1000
1000
1000
1000
1000
1000
1000
1000
1000
1000
1000
1000
1000
1000
1000
1000
1000
1000
1000
1000
1000
1000
1000
1000
1000
1000
1000
1000
1000
1000
1000
1000
1000
1000
1000
1000
1000
1000
1000
1000
1000
1000
1000
1000
1000
1000
1000
1000
1000
1000
1000
1000
1000
1000
1000
1000
1000
1000
1000
1000
1000
1000
1000
1000
1000
1000
1000
1000
1000
1000
1000
1000
1000
1000
1000
1000
1000
1000
1000
1000
1000
1000
1000
1000
1000
1000
1000
1000
1000
1000
1000
1000
1000
1000
1000
1000
1000
1000
1000
1000
1000
1000
1000
1000
1000
1000
1000
1000
1000
1000
1000
1000
1000
1000
1000
1000
1000
1000
1000
1000
1000
1000
1000
1000
1000
1000
1000
1000
1000
1000
1000
1000
1000
1000
1000
1000
1000
1000
1000
1000
1000
1000
1000
1000
1000
1000
1000
1000
1000
1000
1000
1000
1000
1000
1000
1000
1000
1000
1000
1000
1000
1000
1000
1000
1000
1000
1000
1000
1000
1000
1000
1000
1000
1000
1000
1000
1000
1000
1000
1000
1000
1000
1000
1000
1000
1000
1000
1000
1000
1000
1000
1000
1000
1000
1000
1000
1000
1000
1000
1000
1000
1000
1000
1000
1000
1000
1000
1000
1000
1000
1000
1000
1000
1000
1000
1000
1000
1000
1000
1000
1000
1000
1000
1000
1000
1000
1000
1000
1000
1000
1000
1000
1000
1000
1000
1000
1000
1000
1000
1000
1000
1000
1000
1000
1000
1000
1000
1000
1000
1000
1000
1000
1000
1000
1000
1000
1000
1000
1000
1000
1000
1000
1000
1000
1000
1000
1000
1000
1000
1000
1000
1000
1000
1000
1000
1000
1000
1000
1000
1000
1000
1000
1000
1000
1000
1000
1000
1000
1000
1000
1000
1000
1000
1000
1000
1000
1000
1000
1000
1000
1000
1000
1000
1000
1000
1000
1000
1000
1000
1000
1000
1000
1000
1000
1000
1000
1000
1000
1000
1000
1000
1000
1000
1000
1000
1000
1000
1000
1000
1000
1000
1000
1000
1000
1000
1000
1000
1000
1000
1000
1000
1000
1000
1000
1000
1000
1000
1000
1000
1000
1000
1000
1000
1000
1000
1000
1000
1000
1000
1000
1000
1000
1000
1000
1000
1000
1000
1000
1000
1000
1000
1000
1000
1000
1000
1000
1000
1000
1000
1000
1000
1000
1000
1000
1000
1000
1000
1000
1000
1000
1000
1000
1000
1000
1000
1000
1000
1000
1000
1000
1000
1000
1000
1000
1000
1000
1000
1000
1000
1000
1000
1000
1000
1000
1000
1000
1000
1000
1000
1000
1000
1000
1000
1000
1000
1000
1000
1000
1000
1000
1000
1000
1000
1000
1000
1000
1000
1000
1000
1000
1000
1000
1000
1000
1000
1000
1000
1000
1000
1000
1000
1000
1000
1000
1000
1000
1000
1000
1000
1000
1000
1000
1000
1000
1000
1000
1000
1000
1000
1000
1000
1000
1000
1000
1000
1000
1000
1000
1000
1000
1000
1000
1000
1000
1000
1000
1000
1000
1000
1000
1000
1000
1000
1000
1000
1000
1000
1000
1000
1000
1000
1000
1000
1000
1000
1000
1000
1000
1000
1000
1000
1000
1000
1000
1000
1000
1000
1000
1000
1000
1000
1000
1000
1000
1000
1000
1000
1000
1000
1000
1000
1000
1000
1000
1000
1000
1000
1000
1000
1000
1000
1000
1000
1000
1000
1000
1000
1000
1000
1000
1000
1000
1000
1000
1000
1000
1000
1000
1000
1000
1000
1000
1000
1000
1000
1000
1000
1000
1000
1000
1000
1000
1000
1000
1000
1000
1000
1000
1000
1000
1000
1000
1000
1000
1000
1000
1000
1000
1000
1000
1000
1000
1000
1000
1000
1000
1000
1000
1000
1000
1000
1000
1000
1000
1000
1000
1000
1000
1000
1000
1000
1000
1000
1000
1000
1000
1000
1000
1000
1000
1000
1000
1000
1000
1000
1000
1000
1000
1000
1000
1000
1000
1000
1000
1000
1000
1000
1000
1000
1000
1000
1000
1000
1000
1000
1000
1000
1000
1000
1000
1000
1000
1000
1000
1000
1000
1000
1000
1000
1000
1000
1000
1000
1000
1000
1000
1000
1000
1000
1000
1000
1000
1000
1000
1000
1000
1000
1000
1000
1000
1000
1000
1000
1000
1000
1000
1000
1000
1000
1000
1000
1000
1000
1000
1000
1000
1000
1000
1000
1000
1000
1000
1000
1000
1000
1000
1000
1000
1000
1000
1000
1000
1000
1000
1000
1000
1000
1000
1000
1000
1000
1000
1000
1000
1000
1000
1000
1000
1000
1000
1000
1000
1000
1000
1000
1000
1000
1000
1000
1000
1000
1000
1000
1000
1000
1000
1000
1000
1000
1000
1000
1000
1000
1000
1000
1000
1000
1000
1000
1000
1000
1000
1000
1000
1000
1000
1000
1000
1000
1000
1000
1000
1000
1000
1000
1000
1000
1000
1000
1000
1000
1000
1000
1000
1000
1000
1000
1000
1000
1000
1000
1000
1000
1000
1000
1000
1000
1000
1000
1000
1000
1000
1000
1000
1000
1000
1000
1000
1000
1000
1000
1000
1000
1000
1000
1000
1000
1000
1000
1000
1000
1000
1000
1000
1000
1000
1000
1000
1000
1000
1000
1000
1000
1000
1000
1000
1000
1000
1000
1000
1000
1000
1000
1000
1000
1000
1000
1000
1000
1000
1000
1000
1000
1000
1000
1000
1000
1000
1000
1000
1000
1000
1000
1000
1000
1000
1000
1000
1000
1000
1000
1000
1000
1000
1000
1000
1000
1000
1000
1000
1000
1000
1000
1000
1000
1000
1000
1000
1000
1000
1000
1000
1000
1000
1000
1000
1000
1000
1000
1000
1000
1000
1000
1000
1000
1000
1000
1000
1000
1000
1000
1000
1000
1000
1000
1000
1000
1000
1000
1000
1000
1000
1000
1000
1000
1000
1000
1000
1000
1000
1000
1000
1000
1000
1000
1000
1000
1000
1000
1000
1000
1000
1000
1000
1000
1000
1000
1000
1000
1000
1000
1000
1000
1000
1000
1000
1000
1000
1000
1000
1000
1000
1000
1000
1000
1000
1000
1000
1000
1000
1000
1000
1000
1000
1000
1000
1000
1000
1000
1000
1000
1000
1000
1000
1000
1000
1000
1000
1000
1000
1000
1000
1000
1000
1000
1000
1000
1000
1000
1000
1000
1000
1000
1000
1000
1000
1000
1000
1000
1000
1000
1000
1000
1000
1000
1000
1000
1000
1000
1000
1000
1000
1000
1000
1000
1000
1000
1000
1000
1000
1000
1000
1000
1000
1000
1000
1000
1000
1000
1000
1000
1000
1000
1000
1000
1000
1000
1000
1000
1000
1000
1000
1000
1000
1000
1000
1000
1000
1000
1000
1000
1000
1000
1000
1000
1000
1000
1000
1000
1000
1000
1000
1000
1000
1000
1000
1000
1000
1000
1000
1000
1000
1000
1000
1000
1000
1000
)
;

boundaryField
{
    base
    {
        type            calculated;
        value           nonuniform 0();
    }
    outlet
    {
        type            calculated;
        value           nonuniform 0();
    }
    walls
    {
        type            calculated;
        value           nonuniform List<scalar> 
1375
(
1000
1000
1000
1000
1000
1000
1000
1000
1000
1000
1000
1000
1000
1000
1000
1000
1000
1000
1000
1000
1000
1000
1000
1000
1000
1000
1000
1000
1000
1000
1000
1000
1000
1000
1000
1000
1000
1000
1000
1000
1000
1000
1000
1000
1000
1000
1000
1000
1000
1000
1000
1000
1000
1000
1000
1000
1000
1000
1000
1000
1000
1000
1000
1000
1000
1000
1000
1000
1000
1000
1000
1000
1000
1000
1000
1000
1000
1000
1000
1000
1000
1000
1000
1000
1000
1000
1000
1000
1000
1000
1000
1000
1000
1000
1000
1000
1000
1000
1000
1000
1000
1000
1000
1000
1000
1000
1000
1000
1000
1000
1000
1000
1000
1000
1000
1000
1000
1000
1000
1000
1000
1000
1000
1000
1000
1000
1000
1000
1000
1000
1000
1000
1000
1000
1000
1000
1000
1000
1000
1000
1000
1000
1000
1000
1000
1000
1000
1000
1000
1000
1000
1000
1000
1000
1000
1000
1000
1000
1000
1000
1000
1000
1000
1000
1000
1000
1000
1000
1000
1000
1000
1000
1000
1000
1000
1000
1000
1000
1000
1000
1000
1000
1000
1000
1000
1000
1000
1000
1000
1000
1000
1000
1000
1000
1000
1000
1000
1000
1000
1000
1000
1000
1000
1000
1000
1000
1000
1000
1000
1000
1000
1000
1000
1000
1000
1000
1000
1000
1000
1000
1000
1000
1000
1000
1000
1000
1000
1000
1000
1000
1000
1000
1000
1000
1000
1000
1000
1000
1000
1000
1000
1000
1000
1000
1000
1000
1000
1000
1000
1000
1000
1000
1000
1000
1000
1000
1000
1000
1000
1000
1000
1000
1000
1000
1000
1000
1000
1000
1000
1000
1000
1000
1000
1000
1000
1000
1000
1000
1000
1000
1000
1000
1000
1000
1000
1000
1000
1000
1000
1000
1000
1000
1000
1000
1000
1000
1000
1000
1000
1000
1000
1000
1000
1000
1000
1000
1000
1000
1000
1000
1000
1000
1000
1000
1000
1000
1000
1000
1000
1000
1000
1000
1000
1000
1000
1000
1000
1000
1000
1000
1000
1000
1000
1000
1000
1000
1000
1000
1000
1000
1000
1000
1000
1000
1000
1000
1000
1000
1000
1000
1000
1000
1000
1000
1000
1000
1000
1000
1000
1000
1000
1000
1000
1000
1000
1000
1000
1000
1000
1000
1000
1000
1000
1000
1000
1000
1000
1000
1000
1000
1000
1000
1000
1000
1000
1000
1000
1000
999.799
1000
1000
1000
1000
1000
1000
999.769
1000
1000
1000
1000
1000
1000
999.827
1000
1000
1000
1000
1000
1000
999.953
999.999
1000
1000
1000
1000
1000
999.999
999.999
1000
1000
1000
1000
1000
999.994
999.999
1000
1000
1000
1000
1000
999.715
1000
1000
1000
1000
1000
1000
999.329
1000
1000
1000
1000
1000
1000
999.319
1000
1000
1000
1000
1000
1000
999.519
1000
1000
1000
1000
1000
1000
999.858
1000
1000
1000
1000
1000
1000
999.992
1000
1000
1000
1000
1000
1000
999.999
1000
1000
1000
1000
1000
1000
1000
1000
1000
1000
1000
1000
1000
1000
999.998
999.982
999.93
999.984
1000
1000
1000
999.998
1000
1000
999.997
1000
1000
1000
999.999
1000
1000
1000
1000
999.998
1000
999.999
1000
1000
1000
1000
999.998
1000
1000
1000
1000
1000
1000
999.999
1000
1000
1000
1000
1000
1000
1000
1000
1000
1000
1000
1000
1000
1000
1000
1000
1000
1000
1000
1000
1000
1000
1000
1000
1000
1000
1000
999.996
1000
1000
1000
1000
1000
1000
999.98
1000
1000
1000
1000
1000
1000
999.976
1000
1000
1000
1000
1000
1000
999.983
1000
1000
1000
1000
1000
1000
999.991
1000
1000
1000
1000
1000
1000
999.991
999.876
998.331
999.504
998.806
996.839
996.84
996.839
999.822
999.258
999.944
999.888
996.839
996.839
996.84
999.845
999.981
999.969
999.9
997.294
996.84
997.611
999.844
999.986
999.984
999.89
999.612
999.137
999.813
999.788
999.377
999.726
999.92
999.952
999.93
999.999
999.653
996.909
997.504
999.947
999.952
997.883
999.996
999.449
996.749
996.747
999.947
999.355
996.607
999.356
999.433
996.747
996.744
999.063
996.781
996.608
996.7
999.621
996.979
996.747
997.072
996.609
996.609
996.609
999.925
999.218
996.748
997.807
997.293
996.61
996.609
999.977
999.973
998.252
999.748
999.654
996.61
997.531
999.901
999.959
999.848
999.938
999.936
996.701
999.51
999.158
998.461
999.85
999.036
999.923
999.029
999.972
998.293
997.226
999.82
998.183
999.916
999.957
999.999
999.998
999.874
999.887
999.996
999.998
999.997
1000
1000
999.808
999.315
999.898
1000
999.998
1000
1000
999.834
999.277
999.347
1000
1000
1000
1000
999.924
999.309
999.278
1000
1000
1000
1000
999.991
999.738
999.278
1000
1000
1000
999.998
999.997
999.973
999.306
1000
999.999
1000
999.994
999.998
999.994
999.865
999.945
999.977
1000
999.992
999.842
999.995
999.916
999.52
999.941
1000
999.997
999.59
999.202
999.842
999.461
999.939
1000
1000
999.656
999.093
999.127
999.471
999.963
1000
1000
999.884
999.092
999.085
999.754
999.993
1000
1000
999.996
999.577
999.085
999.967
999.999
1000
1000
999.999
999.982
999.329
999.997
999.999
1000
999.998
999.999
999.999
999.946
1000
1000
1000
1000
1000
1000
1000
1000
1000
1000
1000
1000
1000
1000
1000
1000
1000
1000
1000
1000
1000
1000
1000
1000
1000
1000
1000
1000
1000
1000
1000
1000
1000
1000
1000
1000
1000
1000
1000
1000
1000
1000
1000
1000
1000
1000
1000
1000
1000
1000
1000
1000
1000
1000
1000
1000
1000
1000
1000
1000
1000
1000
1000
1000
1000
1000
1000
1000
1000
1000
1000
1000
1000
1000
1000
1000
1000
1000
1000
1000
1000
1000
1000
1000
1000
1000
1000
1000
1000
1000
1000
1000
1000
1000
1000
1000
1000
1000
1000
1000
1000
1000
1000
1000
1000
1000
1000
1000
1000
1000
1000
1000
1000
1000
1000
1000
1000
1000
1000
1000
1000
1000
1000
1000
1000
1000
1000
1000
1000
1000
1000
1000
1000
1000
1000
1000
1000
1000
1000
1000
1000
1000
1000
1000
1000
1000
1000
1000
1000
1000
1000
1000
1000
1000
1000
1000
1000
1000
1000
1000
1000
1000
1000
1000
1000
1000
1000
1000
1000
1000
1000
1000
1000
1000
1000
1000
1000
1000
1000
1000
1000
1000
1000
1000
1000
1000
1000
1000
1000
1000
1000
1000
1000
1000
1000
1000
1000
1000
1000
1000
1000
1000
1000
1000
1000
1000
1000
1000
1000
1000
1000
1000
1000
1000
1000
1000
1000
1000
1000
1000
1000
1000
1000
1000
1000
1000
1000
1000
1000
1000
1000
1000
1000
1000
1000
1000
1000
1000
1000
1000
1000
1000
1000
1000
1000
1000
1000
1000
1000
1000
1000
1000
1000
1000
1000
1000
1000
1000
1000
1000
1000
1000
1000
1000
1000
1000
1000
1000
1000
1000
1000
1000
1000
1000
1000
1000
1000
1000
1000
1000
1000
1000
1000
1000
1000
1000
1000
1000
1000
1000
1000
1000
1000
1000
1000
1000
1000
1000
1000
1000
1000
1000
1000
1000
1000
1000
1000
1000
1000
1000
1000
1000
1000
1000
1000
1000
1000
1000
1000
1000
1000
1000
1000
1000
1000
1000
1000
1000
1000
1000
1000
1000
1000
1000
1000
1000
1000
1000
1000
1000
1000
1000
1000
1000
1000
1000
1000
1000
1000
1000
1000
1000
1000
1000
1000
1000
1000
1000
1000
1000
1000
1000
1000
1000
1000
1000
1000
1000
1000
1000
1000
1000
1000
1000
1000
1000
1000
1000
1000
1000
1000
1000
1000
1000
999.968
1000
1000
1000
1000
1000
1000
999.602
1000
1000
1000
1000
1000
1000
999.089
1000
1000
1000
1000
1000
1000
999.99
1000
1000
999.999
1000
1000
1000
999.995
1000
1000
999.999
1000
1000
1000
999.999
998.532
997.225
997.43
998.406
997.877
999.999
999.999
999.254
997.329
997.267
999.586
997.245
997.636
998.38
999.873
998.97
998.011
999.906
997.42
996.543
996.526
999.992
999.824
999.997
1000
1000
1000
1000
1000
998.894
997.297
999.203
999.943
1000
1000
1000
1000
1000
1000
1000
1000
1000
1000
1000
1000
1000
1000
1000
1000
1000
1000
1000
1000
1000
1000
1000
1000
1000
1000
1000
1000
1000
1000
1000
1000
1000
1000
1000
1000
1000
1000
1000
1000
1000
1000
1000
1000
1000
1000
1000
1000
1000
1000
1000
1000
1000
1000
1000
1000
1000
1000
1000
1000
1000
1000
1000
1000
1000
1000
1000
1000
1000
1000
1000
1000
1000
1000
1000
1000
1000
1000
1000
1000
1000
1000
1000
1000
1000
1000
1000
1000
1000
1000
1000
1000
1000
1000
1000
1000
1000
1000
1000
1000
1000
1000
1000
1000
1000
1000
1000
1000
1000
1000
1000
1000
1000
1000
1000
1000
1000
1000
1000
1000
1000
1000
1000
1000
1000
1000
1000
1000
1000
1000
1000
1000
1000
1000
1000
1000
1000
1000
1000
1000
1000
1000
1000
1000
1000
)
;
    }
    inlet
    {
        type            calculated;
        value           nonuniform 0();
    }
    procBoundary1to0
    {
        type            processor;
        value           nonuniform List<scalar> 
760
(
1000
1000
1000
1000
1000
1000
1000
1000
1000
1000
1000
1000
1000
1000
1000
1000
1000
1000
1000
1000
1000
1000
1000
1000
1000
1000
1000
1000
1000
1000
1000
1000
1000
1000
1000
1000
1000
1000
1000
1000
1000
1000
1000
1000
1000
1000
1000
1000
1000
1000
1000
1000
1000
1000
1000
1000
1000
1000
1000
1000
1000
1000
1000
1000
1000
1000
1000
1000
1000
1000
1000
1000
1000
1000
1000
1000
1000
1000
1000
1000
1000
1000
1000
1000
1000
1000
1000
1000
1000
1000
1000
1000
1000
1000
1000
1000
1000
1000
1000
1000
1000
1000
1000
1000
1000
1000
1000
1000
1000
1000
1000
1000
1000
1000
1000
1000
1000
1000
1000
1000
1000
1000
1000
1000
1000
1000
1000
1000
1000
1000
1000
1000
1000
1000
1000
1000
1000
1000
1000
1000
1000
1000
1000
1000
1000
1000
1000
1000
1000
1000
1000
1000
1000
1000
1000
1000
1000
1000
1000
1000
1000
1000
1000
1000
1000
1000
1000
1000
1000
1000
1000
1000
1000
1000
1000
1000
1000
1000
1000
1000
1000
1000
1000
1000
1000
1000
1000
1000
1000
1000
1000
1000
1000
1000
1000
1000
1000
1000
1000
1000
1000
1000
1000
1000
1000
1000
1000
1000
1000
1000
1000
1000
1000
1000
1000
1000
1000
1000
1000
1000
1000
1000
1000
1000
1000
1000
1000
1000
1000
1000
1000
1000
1000
1000
1000
1000
1000
1000
1000
1000
1000
1000
1000
1000
1000
1000
1000
999.979
999.8
999.923
999.973
999.999
999.997
1000
999.697
989.461
924.18
995.489
999.691
999.997
999.995
998.131
811.989
226.116
801.892
995.33
999.955
999.995
990.249
531.223
23.4068
341.112
962.623
999.888
999.995
997.337
743.131
123.787
762.953
995.963
999.965
999.999
999.742
981.517
861.487
990.56
999.666
999.996
1000
999.965
999.635
999.64
999.956
999.992
1000
999.991
999.996
1000
999.994
999.976
999.96
999.988
999.935
1000
1000
1000
1000
1000
1000
1000
1000
1000
1000
1000
1000
1000
1000
1000
1000
999.998
1000
1000
1000
1000
1000
1000
1000
1000
1000
1000
1000
1000
1000
1000
1000
1000
1000
1000
1000
1000
1000
1000
1000
1000
1000
1000
1000
1000
1000
1000
1000
1000
1000
1000
1000
1000
1000
1000
1000
1000
1000
1000
1000
1000
1000
1000
999.999
1000
999.996
999.982
999.981
999.996
999.997
999.929
999.913
1000
999.991
999.958
1000
1000
1000
999.497
999.745
1000
999.999
999.997
999.996
999.998
999.996
999.968
999.97
1000
1000
1000
1000
1000
1000
1000
1000
1000
1000
999.999
1000
1000
1000
1000
1000
1000
999.988
999.959
999.965
999.976
999.976
999.917
999.96
1000
999.998
999.969
999.572
998.766
999.082
999.067
998.65
1000
1000
999.996
999.104
998.304
998.247
997.679
997.116
1000
999.998
999.989
999.893
999.88
999.832
999.365
996.909
1000
999.958
999.782
999.379
998.613
999.12
999.001
996.849
1000
999.904
998.665
998.582
998.582
999.509
998.145
996.849
999.999
999.951
999.668
999.275
998.962
999.408
999.048
997.975
1000
1000
1000
1000
1000
1000
1000
999.997
1000
1000
1000
999.999
999.98
999.907
999.912
999.997
1000
1000
999.999
999.998
999.942
999.532
999.498
999.988
999.999
1000
1000
999.999
999.959
999.581
999.497
999.958
999.997
999.998
999.934
999.906
999.968
999.999
999.983
999.94
1000
999.999
999.996
999.996
999.999
1000
999.998
999.997
1000
1000
1000
1000
1000
1000
1000
1000
1000
1000
1000
1000
1000
1000
1000
1000
1000
1000
1000
1000
1000
1000
1000
1000
1000
1000
1000
1000
1000
1000
1000
1000
1000
1000
1000
1000
1000
1000
1000
1000
1000
1000
1000
1000
1000
1000
1000
1000
1000
1000
1000
1000
1000
1000
1000
1000
1000
1000
1000
1000
1000
1000
1000
1000
1000
1000
1000
1000
1000
1000
1000
1000
1000
1000
1000
1000
1000
1000
1000
1000
1000
1000
1000
1000
1000
1000
1000
1000
1000
1000
1000
1000
1000
1000
1000
1000
1000
1000
1000
1000
1000
1000
1000
1000
1000
1000
1000
1000
1000
1000
1000
1000
1000
1000
1000
1000
1000
1000
1000
1000
1000
1000
1000
1000
1000
1000
1000
1000
1000
1000
1000
1000
1000
1000
1000
1000
1000
1000
1000
1000
1000
1000
1000
1000
1000
1000
1000
1000
1000
1000
1000
1000
1000
1000
1000
1000
1000
1000
1000
1000
1000
1000
1000
1000
1000
1000
1000
1000
1000
1000
1000
1000
1000
1000
1000
1000
1000
1000
1000
1000
1000
1000
1000
1000
1000
1000
1000
1000
1000
1000
1000
1000
1000
1000
1000
1000
1000
1000
1000
1000
1000
1000
1000
1000
1000
1000
1000
1000
1000
1000
1000
1000
1000
1000
1000
1000
1000
1000
1000
1000
1000
1000
1000
1000
1000
1000
1000
1000
1000
1000
1000
1000
1000
1000
1000
1000
1000
1000
1000
1000
1000
1000
1000
1000
1000
1000
1000
1000
1000
)
;
    }
    procBoundary1to2
    {
        type            processor;
        value           nonuniform List<scalar> 
783
(
1000
981.76
1000
999.058
1000
1000
996.133
916.349
841.822
843.142
940.424
999.097
999.999
856.88
519.576
415.816
424.378
565.946
910.563
1000
624.632
391.067
475.155
394.309
392.374
710.606
999.46
518.311
390.232
796.041
773.479
391.157
613.19
1000
991.374
1000
665.894
390.657
388.821
387.865
412.274
1000
981.76
747.197
919.727
610.763
509.639
520.865
981.76
999.058
650.473
1000
977.7
933.259
999.058
936.362
1000
999.999
1000
1000
1000
1000
1000
1000
1000
1000
1000
1000
1000
1000
1000
1000
1000
1000
1000
1000
1000
1000
1000
1000
1000
1000
1000
1000
1000
1000
1000
1000
1000
1000
1000
1000
1000
999.999
1000
1000
1000
999.976
999.951
999.984
999.921
999.742
999.831
999.999
999.874
1000
999.032
1000
1000
1000
1000
1000
1000
1000
1000
999.999
1000
1000
1000
1000
1000
1000
1000
1000
1000
1000
1000
1000
1000
1000
1000
1000
1000
1000
1000
1000
1000
1000
1000
995.276
1000
1000
1000
1000
1000
1000
999.999
954.112
1000
1000
1000
1000
1000
1000
1000
985.682
1000
1000
1000
1000
1000
1000
1000
1000
1000
1000
1000
1000
1000
1000
1000
1000
1000
1000
999.999
999.987
999.916
999.97
999.998
1000
1000
1000
999.937
999.313
998.398
999.625
999.998
1000
1000
999.998
1000
997.409
997.223
997.223
999.914
1000
1000
1000
1000
998.716
997.223
997.223
999.653
1000
999.999
999.998
999.985
999.985
999.498
999.763
999.906
1000
1000
999.682
999.832
999.985
997.311
999.829
999.013
1000
1000
999.307
999.655
998.078
996.946
999.865
996.57
999.996
999.997
1000
999.72
996.623
998.899
999.589
996.515
1000
999.999
999.999
999.998
999.982
999.957
1000
1000
1000
1000
999.997
999.981
999.967
999.268
999.861
998.736
1000
1000
999.996
999.999
999.988
999.463
999.359
996.609
1000
1000
999.996
999.966
999.983
999.984
999.218
996.708
1000
999.885
999.387
999.763
999.972
999.622
999.994
1000
1000
1000
1000
1000
1000
1000
999.885
999.387
999.763
1000
1000
1000
999.938
999.875
999.994
999.917
999.994
1000
1000
1000
1000
1000
999.995
999.99
1000
1000
1000
1000
1000
1000
1000
1000
1000
1000
1000
1000
1000
1000
1000
1000
1000
1000
1000
1000
1000
1000
1000
1000
1000
1000
1000
1000
1000
1000
1000
1000
1000
1000
1000
1000
1000
1000
1000
1000
1000
1000
1000
1000
1000
1000
1000
1000
1000
1000
1000
1000
1000
1000
1000
1000
1000
1000
1000
1000
1000
1000
1000
1000
1000
1000
1000
1000
1000
1000
1000
1000
1000
1000
1000
1000
1000
1000
1000
1000
1000
1000
1000
1000
1000
1000
1000
1000
1000
1000
1000
1000
1000
1000
1000
1000
1000
1000
1000
1000
1000
1000
1000
1000
1000
1000
1000
1000
1000
1000
1000
1000
1000
1000
1000
1000
1000
1000
1000
1000
1000
1000
1000
1000
1000
1000
1000
1000
1000
1000
1000
1000
1000
1000
1000
1000
1000
1000
1000
1000
1000
1000
1000
1000
1000
1000
1000
1000
1000
1000
1000
1000
1000
1000
1000
1000
1000
1000
1000
1000
1000
1000
1000
1000
1000
1000
1000
1000
1000
1000
1000
1000
1000
1000
1000
1000
1000
1000
1000
1000
1000
1000
1000
1000
1000
1000
1000
1000
1000
1000
1000
1000
1000
1000
1000
1000
1000
1000
1000
1000
1000
1000
1000
1000
1000
1000
1000
1000
1000
1000
1000
1000
1000
1000
1000
1000
1000
1000
1000
1000
1000
1000
1000
1000
1000
1000
1000
1000
1000
1000
1000
1000
1000
1000
1000
1000
1000
1000
1000
1000
1000
1000
1000
1000
1000
1000
1000
1000
1000
1000
1000
1000
1000
1000
1000
1000
1000
1000
1000
1000
1000
1000
1000
1000
1000
1000
1000
1000
1000
1000
1000
1000
1000
1000
1000
1000
1000
1000
1000
1000
1000
1000
1000
1000
1000
1000
1000
1000
1000
1000
1000
1000
1000
1000
1000
1000
1000
1000
1000
1000
1000
1000
1000
1000
1000
1000
1000
1000
1000
1000
1000
1000
1000
1000
1000
1000
1000
1000
1000
1000
1000
1000
1000
1000
1000
1000
1000
1000
1000
1000
1000
1000
1000
1000
1000
1000
1000
1000
1000
1000
1000
1000
1000
1000
1000
1000
1000
1000
1000
1000
1000
1000
1000
1000
1000
1000
1000
1000
1000
1000
1000
1000
1000
1000
1000
1000
1000
1000
1000
1000
1000
1000
1000
1000
1000
1000
1000
1000
1000
1000
1000
1000
1000
1000
1000
1000
1000
1000
1000
1000
1000
1000
1000
1000
1000
1000
1000
1000
1000
1000
1000
1000
1000
1000
1000
1000
1000
1000
1000
1000
1000
1000
1000
1000
1000
1000
1000
1000
1000
1000
1000
1000
1000
1000
1000
1000
1000
1000
1000
1000
1000
1000
1000
1000
1000
1000
1000
1000
1000
1000
1000
1000
1000
1000
1000
1000
1000
1000
1000
1000
1000
1000
1000
1000
1000
1000
1000
1000
1000
1000
1000
1000
1000
1000
1000
1000
1000
1000
1000
1000
1000
1000
1000
1000
1000
1000
1000
1000
1000
1000
1000
1000
1000
1000
)
;
    }
}


// ************************************************************************* //
