/*--------------------------------*- C++ -*----------------------------------*\
| =========                 |                                                 |
| \\      /  F ield         | OpenFOAM: The Open Source CFD Toolbox           |
|  \\    /   O peration     | Version:  plus.master.MPPICInterFoam            |
|   \\  /    A nd           | Web:      www.OpenFOAM.com                      |
|    \\/     M anipulation  |                                                 |
\*---------------------------------------------------------------------------*/
FoamFile
{
    version     2.0;
    format      ascii;
    class       volScalarField;
    location    "2.6";
    object      rho;
}
// * * * * * * * * * * * * * * * * * * * * * * * * * * * * * * * * * * * * * //

dimensions      [1 -3 0 0 0 0 0];

internalField   nonuniform List<scalar> 
11822
(
878.603
837.885
775.946
847.794
573.594
522.981
703.479
861.222
307.646
317.796
879.196
801.73
509.182
700.732
752.438
283.596
303.103
914.276
908.204
493.527
643.592
748.004
336.512
572.809
895.839
693.376
485.724
629.089
965.826
871.296
838.573
658.214
514.608
483.607
612.574
743.499
834.725
779.136
535.974
481.741
484.423
628.388
498.141
536.008
505.907
489.144
486.695
499.392
773.085
384.555
328.905
311.049
356.272
406.335
630.551
950.923
367.864
281.415
283.196
453.907
446.274
643.282
949.37
340.944
281.237
281.191
520.878
475.098
634.627
924.271
336.377
281.956
328.726
440.551
442.61
620.604
918.984
420.169
420.083
370.445
383.316
421.791
599.246
906.533
453.479
442.652
438.679
438.048
482.014
606.971
914.942
705.099
739.906
675.056
654.413
664.04
758.723
951.596
436.189
369.193
372.622
463.911
671.045
924.578
999.388
337.7
280.446
280.623
351.959
592.973
912.736
999.081
311.341
280.931
280.692
318.697
555.976
895.443
998.765
325.893
280.172
280.48
375.862
603.656
909.381
998.975
432.967
354.31
399.496
493.753
683.401
919.281
999.224
663.422
616.635
647.189
710.523
811.17
939.702
998.552
953.584
955.087
941.64
945.322
957.536
983.619
998.338
876.196
839.141
849.398
902.72
973.728
999.084
999.944
793.147
655.137
667.786
787.79
935.486
997.916
999.92
756.11
574.819
587.491
737.503
908.424
996.296
999.887
781.02
633.238
695.741
802.194
938.524
998.076
999.913
866.194
796.501
840.296
904.236
975.462
999.4
999.931
963.754
946.559
960.509
981.052
996.707
999.796
999.965
999.215
998.971
999.29
999.635
999.83
999.935
999.987
999.631
999.46
999.507
999.698
999.888
999.976
999.995
999.304
994.791
995.652
999.214
999.774
999.958
999.992
998.174
988.813
990.794
997.435
999.683
999.942
999.988
999.172
993.98
996.336
999.376
999.779
999.958
999.991
999.6
999.279
999.479
999.694
999.888
999.975
999.995
999.86
999.786
999.83
999.901
999.958
999.987
999.998
999.973
999.954
999.966
999.98
999.989
999.996
999.999
999.979
999.969
999.972
999.984
999.994
999.999
1000
999.962
999.933
999.94
999.966
999.988
999.998
1000
999.95
999.905
999.915
999.954
999.983
999.997
999.999
999.96
999.929
999.941
999.967
999.988
999.998
1000
999.978
999.964
999.972
999.984
999.994
999.999
1000
999.992
999.988
999.991
999.995
999.998
999.999
1000
999.999
999.998
999.998
999.999
999.999
1000
1000
983.031
999.857
999.987
1000
1000
1000
1000
1000
983.714
999.921
999.995
1000
1000
1000
1000
1000
967.084
999.904
999.994
1000
1000
1000
1000
1000
959.766
999.889
999.993
1000
1000
1000
1000
1000
956.256
999.872
999.992
1000
1000
1000
1000
1000
972.999
999.907
999.995
1000
1000
1000
1000
1000
999.387
999.967
999.998
1000
1000
1000
1000
1000
999.306
999.93
999.988
1000
1000
1000
1000
1000
999.514
999.957
999.997
1000
1000
1000
1000
1000
999.431
999.95
999.996
1000
1000
1000
1000
1000
999.425
999.951
999.997
1000
1000
1000
1000
1000
999.384
999.949
999.997
1000
1000
1000
1000
1000
999.501
999.962
999.998
1000
1000
1000
1000
1000
999.738
999.981
999.999
1000
1000
1000
1000
1000
999.903
999.985
999.998
1000
1000
1000
1000
1000
999.89
999.989
999.999
1000
1000
1000
1000
1000
999.871
999.988
999.999
1000
1000
1000
1000
1000
999.885
999.989
999.999
1000
1000
1000
1000
1000
999.898
999.989
999.999
1000
1000
1000
1000
1000
999.935
999.994
1000
1000
1000
1000
1000
1000
999.972
999.997
1000
1000
1000
1000
1000
1000
999.991
999.998
1000
1000
1000
1000
1000
1000
999.988
999.998
1000
1000
1000
1000
1000
1000
999.985
999.998
1000
1000
1000
1000
1000
1000
999.987
999.998
1000
1000
1000
1000
1000
1000
999.989
999.999
1000
1000
1000
1000
1000
1000
999.993
999.999
1000
1000
1000
1000
1000
1000
999.998
1000
1000
1000
1000
1000
1000
1000
999.999
1000
1000
1000
1000
1000
1000
1000
999.999
1000
1000
1000
1000
1000
1000
1000
999.999
1000
1000
1000
1000
1000
1000
1000
999.999
1000
1000
1000
1000
1000
1000
1000
999.999
1000
1000
1000
1000
1000
1000
1000
1000
1000
1000
1000
1000
1000
1000
1000
1000
1000
1000
1000
1000
1000
1000
1000
1000
1000
1000
1000
1000
1000
1000
1000
1000
1000
1000
1000
1000
1000
1000
1000
1000
1000
1000
1000
1000
1000
1000
1000
1000
1000
1000
1000
1000
1000
1000
1000
1000
1000
1000
1000
1000
1000
1000
1000
1000
1000
1000
1000
1000
1000
1000
1000
1000
1000
1000
1000
1000
1000
1000
1000
559.336
731.482
969.269
999.945
999.999
1000
1000
1000
561.114
538.641
794.652
998.814
999.99
1000
1000
1000
776.251
529.393
669.461
981.009
999.979
999.999
1000
1000
899.165
514.817
653.706
980.605
999.989
1000
1000
1000
939.789
487.461
589.89
956.852
999.967
999.999
1000
1000
905.401
453.467
596.896
950.303
999.893
999.996
1000
1000
520.093
423.867
454.245
798.858
999.065
999.964
999.999
1000
848.498
951.215
996.982
999.986
999.999
1000
1000
1000
577.948
732.953
969.815
999.896
999.996
1000
1000
1000
410.409
574.345
905.694
999.69
999.985
999.999
1000
1000
378.633
535.663
884.341
999.634
999.981
999.999
1000
1000
393.637
535.277
855.251
999.327
999.97
999.999
1000
1000
421.789
588.822
902.825
999.367
999.959
999.998
1000
1000
421.865
553.651
828.362
995.552
999.878
999.995
1000
1000
990.032
997.938
999.748
999.998
1000
1000
1000
1000
824.45
960.113
999.453
999.983
999.999
1000
1000
1000
611.192
849.103
996.967
999.933
999.997
1000
1000
1000
495.871
780.383
993.516
999.887
999.994
1000
1000
1000
472.866
766.255
991.428
999.851
999.991
1000
1000
1000
546.201
858.27
998.571
999.888
999.993
1000
1000
1000
675.901
910.856
997.732
999.871
999.986
999.999
1000
1000
999.861
999.977
999.996
1000
1000
1000
1000
1000
992.578
999.639
999.947
999.998
1000
1000
1000
1000
955.914
994.803
999.853
999.991
1000
1000
1000
1000
912.618
985.301
999.715
999.984
999.999
1000
1000
1000
895.204
981.062
999.752
999.979
999.999
1000
1000
1000
926.226
992.404
999.881
999.987
999.999
1000
1000
1000
971.585
998.989
999.927
999.988
999.999
1000
1000
1000
999.992
999.998
1000
1000
1000
1000
1000
1000
999.952
999.989
999.998
1000
1000
1000
1000
1000
999.838
999.956
999.99
999.999
1000
1000
1000
1000
999.695
999.913
999.98
999.998
1000
1000
1000
1000
999.625
999.893
999.976
999.997
1000
1000
1000
1000
999.732
999.937
999.986
999.999
1000
1000
1000
1000
999.871
999.97
999.993
999.999
1000
1000
1000
1000
1000
1000
1000
1000
1000
1000
1000
1000
999.997
999.999
1000
1000
1000
1000
1000
1000
999.991
999.997
999.999
1000
1000
1000
1000
1000
999.982
999.995
999.999
1000
1000
1000
1000
1000
999.978
999.993
999.999
1000
1000
1000
1000
1000
999.984
999.996
999.999
1000
1000
1000
1000
1000
999.992
999.998
999.999
1000
1000
1000
1000
1000
419.493
421.157
428.449
742.477
996.454
999.964
999.999
1000
778.146
437.468
647.856
950.302
999.865
999.994
1000
1000
752.157
449.363
852.249
999.755
999.988
1000
1000
1000
534.989
483.506
870.49
999.875
999.994
1000
1000
1000
508.66
522.503
905.136
999.892
999.996
1000
1000
1000
543.493
764.122
987.544
999.98
1000
1000
1000
1000
891.431
975.512
999.078
999.998
1000
1000
1000
1000
429.873
540.053
793.314
989.794
999.854
999.993
1000
1000
374.974
607.2
931.2
999.443
999.964
999.999
1000
1000
358.874
630.701
972.298
999.827
999.989
1000
1000
1000
398.711
665.222
977.15
999.883
999.993
1000
1000
1000
513.231
770.264
992.469
999.944
999.997
1000
1000
1000
764.265
935.713
999.565
999.99
1000
1000
1000
1000
988.289
995.682
999.426
999.999
1000
1000
1000
1000
691.427
907.433
995.974
999.839
999.983
999.999
1000
1000
605.247
909.106
999.058
999.917
999.995
1000
1000
1000
606.23
920.363
999.392
999.957
999.998
1000
1000
1000
681.333
943.951
999.587
999.974
999.999
1000
1000
1000
833.386
976.513
999.827
999.989
1000
1000
1000
1000
976.093
995.918
999.807
999.998
1000
1000
1000
1000
999.829
999.709
999.924
1000
1000
1000
1000
1000
974.709
999.076
999.914
999.986
999.998
1000
1000
1000
959.233
997.634
999.919
999.989
999.999
1000
1000
1000
961.735
997.961
999.933
999.993
1000
1000
1000
1000
978.031
999.08
999.954
999.996
1000
1000
1000
1000
996.331
999.813
999.975
999.998
1000
1000
1000
1000
999.877
999.973
999.986
1000
1000
1000
1000
1000
999.981
999.995
999.999
1000
1000
1000
1000
1000
999.87
999.967
999.993
999.999
1000
1000
1000
1000
999.814
999.959
999.991
999.999
1000
1000
1000
1000
999.829
999.964
999.993
999.999
1000
1000
1000
1000
999.895
999.978
999.996
1000
1000
1000
1000
1000
999.962
999.992
999.998
1000
1000
1000
1000
1000
999.992
999.998
1000
1000
1000
1000
1000
1000
999.999
1000
1000
1000
1000
1000
1000
1000
999.992
999.998
999.999
1000
1000
1000
1000
1000
999.989
999.997
999.999
1000
1000
1000
1000
1000
999.99
999.998
1000
1000
1000
1000
1000
1000
999.994
999.999
1000
1000
1000
1000
1000
1000
999.998
999.999
1000
1000
1000
1000
1000
1000
1000
1000
1000
1000
1000
1000
1000
1000
1000
1000
1000
1000
1000
1000
1000
1000
978.137
999.96
999.998
1000
1000
1000
1000
1000
855.561
999.799
999.99
1000
1000
1000
1000
1000
749.727
997.196
999.978
999.999
1000
1000
1000
1000
767.057
998.194
999.979
999.999
1000
1000
1000
1000
792.456
997.936
999.968
999.998
1000
1000
1000
1000
721.862
953.736
999.807
999.99
1000
1000
1000
1000
586.403
804.651
993.345
999.955
999.998
1000
1000
1000
994.409
999.976
999.999
1000
1000
1000
1000
1000
977.697
999.899
999.994
1000
1000
1000
1000
1000
956.834
999.802
999.986
999.999
1000
1000
1000
1000
956.536
999.776
999.983
999.999
1000
1000
1000
1000
967.156
999.754
999.98
999.999
1000
1000
1000
1000
973.863
999.463
999.954
999.997
1000
1000
1000
1000
926.56
993.224
999.851
999.99
1000
1000
1000
1000
999.634
999.984
1000
1000
1000
1000
1000
1000
999.145
999.985
999.999
1000
1000
1000
1000
1000
999.625
999.965
999.998
1000
1000
1000
1000
1000
999.438
999.953
999.997
1000
1000
1000
1000
1000
999.337
999.941
999.995
1000
1000
1000
1000
1000
999.236
999.91
999.991
999.999
1000
1000
1000
1000
999.208
999.863
999.975
999.998
1000
1000
1000
1000
999.998
999.999
1000
1000
1000
1000
1000
1000
999.989
999.998
1000
1000
1000
1000
1000
1000
999.965
999.995
1000
1000
1000
1000
1000
1000
999.951
999.993
999.999
1000
1000
1000
1000
1000
999.936
999.99
999.999
1000
1000
1000
1000
1000
999.93
999.989
999.999
1000
1000
1000
1000
1000
999.933
999.988
999.998
1000
1000
1000
1000
1000
1000
1000
1000
1000
1000
1000
1000
1000
999.999
1000
1000
1000
1000
1000
1000
1000
999.998
1000
1000
1000
1000
1000
1000
1000
999.996
999.999
1000
1000
1000
1000
1000
1000
999.994
999.999
1000
1000
1000
1000
1000
1000
999.993
999.999
1000
1000
1000
1000
1000
1000
999.994
999.999
1000
1000
1000
1000
1000
1000
1000
1000
1000
1000
1000
1000
1000
1000
1000
1000
1000
1000
1000
1000
1000
1000
1000
1000
1000
1000
1000
1000
1000
1000
1000
1000
1000
1000
1000
1000
1000
1000
1000
1000
1000
1000
1000
1000
1000
1000
1000
1000
1000
1000
1000
1000
1000
1000
1000
1000
1000
1000
1000
1000
1000
1000
1000
1000
1000
1000
1000
1000
1000
1000
1000
1000
1000
1000
1000
1000
1000
1000
1000
1000
1000
1000
1000
1000
1000
1000
1000
1000
1000
1000
1000
1000
1000
1000
1000
1000
1000
1000
1000
1000
1000
1000
1000
1000
1000
1000
1000
1000
1000
1000
1000
1000
1000
1000
1000
1000
1000
1000
1000
1000
1000
1000
1000
1000
1000
1000
1000
1000
1000
1000
1000
1000
1000
1000
1000
1000
1000
1000
1000
1000
1000
1000
1000
1000
1000
1000
1000
1000
1000
1000
1000
1000
1000
1000
1000
1000
1000
1000
1000
1000
1000
1000
1000
1000
1000
1000
1000
1000
1000
1000
1000
1000
1000
1000
1000
1000
1000
1000
1000
1000
1000
1000
1000
1000
1000
1000
1000
1000
1000
1000
1000
1000
1000
1000
1000
1000
1000
1000
1000
1000
1000
1000
1000
1000
1000
1000
1000
1000
1000
1000
1000
1000
1000
1000
1000
1000
1000
1000
1000
1000
1000
1000
1000
1000
1000
1000
1000
1000
1000
1000
1000
1000
1000
1000
1000
1000
1000
1000
1000
1000
1000
1000
1000
1000
1000
1000
1000
1000
1000
1000
1000
1000
1000
1000
1000
1000
1000
1000
1000
1000
1000
1000
1000
1000
1000
1000
1000
1000
1000
1000
1000
1000
1000
1000
1000
1000
1000
1000
1000
1000
1000
1000
1000
1000
1000
1000
1000
1000
1000
1000
1000
1000
1000
1000
1000
1000
1000
1000
1000
1000
1000
1000
1000
1000
1000
1000
1000
1000
1000
1000
1000
1000
1000
1000
1000
1000
1000
1000
1000
1000
1000
1000
1000
1000
1000
1000
1000
1000
1000
1000
1000
1000
1000
1000
1000
1000
1000
1000
1000
1000
1000
1000
1000
1000
1000
1000
1000
1000
1000
1000
1000
1000
1000
1000
1000
1000
1000
1000
1000
1000
1000
1000
1000
1000
1000
1000
1000
1000
1000
1000
1000
1000
1000
1000
1000
1000
1000
1000
1000
1000
1000
1000
1000
1000
1000
1000
1000
1000
1000
1000
1000
1000
1000
1000
1000
1000
1000
1000
1000
1000
1000
1000
1000
1000
1000
1000
1000
1000
1000
1000
1000
1000
1000
1000
1000
1000
1000
1000
1000
1000
1000
1000
1000
1000
1000
1000
1000
1000
1000
1000
1000
1000
1000
1000
1000
1000
1000
1000
1000
1000
1000
1000
1000
1000
1000
1000
1000
1000
1000
1000
1000
1000
1000
1000
1000
1000
1000
1000
1000
1000
1000
1000
1000
1000
1000
1000
1000
1000
1000
1000
1000
1000
1000
1000
1000
1000
1000
1000
1000
1000
1000
1000
1000
1000
1000
1000
1000
1000
1000
1000
1000
1000
1000
1000
1000
1000
1000
1000
1000
1000
1000
1000
1000
1000
1000
1000
1000
1000
1000
1000
1000
1000
1000
1000
1000
1000
1000
1000
1000
1000
1000
1000
1000
1000
1000
1000
1000
1000
1000
1000
1000
1000
1000
1000
1000
1000
1000
1000
1000
1000
1000
1000
1000
1000
1000
1000
1000
1000
1000
1000
1000
1000
1000
1000
1000
1000
1000
1000
1000
1000
1000
1000
1000
1000
1000
1000
1000
1000
1000
1000
1000
1000
1000
1000
1000
1000
1000
1000
1000
1000
1000
1000
1000
1000
1000
1000
1000
1000
1000
1000
1000
1000
1000
1000
1000
1000
1000
1000
1000
1000
1000
1000
1000
1000
1000
1000
1000
1000
1000
1000
1000
1000
1000
1000
1000
1000
1000
1000
1000
1000
1000
1000
1000
1000
1000
1000
1000
1000
1000
1000
1000
1000
1000
1000
1000
1000
1000
1000
1000
1000
1000
1000
1000
1000
1000
1000
1000
1000
1000
1000
1000
1000
1000
1000
1000
1000
1000
1000
1000
1000
1000
1000
1000
1000
1000
1000
1000
1000
1000
1000
1000
1000
1000
1000
1000
1000
1000
1000
1000
1000
1000
1000
1000
1000
1000
1000
1000
1000
1000
1000
1000
1000
1000
1000
1000
1000
1000
1000
1000
1000
1000
1000
1000
1000
1000
1000
1000
1000
1000
1000
1000
1000
1000
1000
1000
1000
1000
1000
1000
1000
1000
1000
1000
1000
1000
1000
1000
1000
1000
1000
1000
1000
1000
1000
1000
1000
1000
1000
1000
1000
1000
1000
1000
1000
1000
1000
1000
1000
1000
1000
1000
1000
1000
1000
1000
1000
1000
1000
1000
1000
1000
1000
1000
1000
1000
1000
1000
1000
1000
1000
1000
1000
1000
1000
1000
1000
1000
1000
1000
1000
1000
1000
1000
1000
1000
1000
1000
1000
1000
1000
1000
1000
1000
1000
1000
1000
1000
1000
1000
1000
1000
1000
1000
1000
1000
1000
1000
1000
1000
1000
1000
1000
1000
1000
1000
1000
1000
1000
1000
1000
1000
1000
1000
1000
1000
1000
1000
1000
1000
1000
1000
1000
1000
1000
1000
1000
1000
1000
1000
1000
1000
1000
1000
1000
1000
1000
1000
1000
1000
1000
1000
1000
1000
1000
1000
1000
1000
1000
1000
1000
1000
1000
1000
1000
1000
1000
1000
1000
1000
1000
1000
1000
1000
1000
1000
1000
1000
1000
1000
1000
1000
1000
1000
1000
1000
1000
1000
1000
1000
1000
1000
1000
1000
1000
1000
1000
1000
1000
1000
1000
1000
1000
1000
1000
1000
1000
1000
1000
1000
1000
1000
1000
1000
1000
1000
1000
1000
1000
1000
1000
1000
1000
1000
1000
1000
1000
1000
1000
1000
1000
1000
1000
1000
1000
1000
1000
1000
1000
1000
1000
1000
1000
1000
1000
1000
1000
1000
1000
1000
1000
1000
1000
1000
1000
1000
1000
1000
1000
1000
1000
1000
1000
1000
1000
1000
1000
1000
1000
1000
1000
1000
1000
1000
1000
1000
1000
1000
1000
1000
1000
1000
1000
1000
1000
1000
1000
1000
1000
1000
1000
1000
1000
1000
1000
1000
1000
1000
1000
1000
1000
1000
1000
1000
1000
1000
1000
1000
1000
1000
1000
1000
1000
1000
1000
1000
1000
1000
1000
1000
1000
1000
1000
1000
1000
1000
1000
1000
1000
1000
1000
1000
1000
1000
1000
1000
1000
1000
1000
1000
1000
1000
1000
1000
1000
1000
1000
1000
1000
1000
1000
1000
1000
1000
1000
1000
1000
1000
1000
1000
1000
1000
1000
1000
1000
1000
1000
1000
1000
1000
1000
1000
1000
1000
1000
1000
1000
1000
1000
1000
1000
1000
1000
1000
1000
1000
1000
1000
1000
1000
1000
1000
1000
1000
1000
1000
1000
1000
1000
1000
1000
1000
1000
1000
1000
1000
1000
1000
1000
1000
1000
1000
1000
1000
1000
1000
1000
1000
1000
1000
1000
1000
1000
1000
1000
1000
1000
1000
1000
1000
1000
1000
1000
1000
1000
1000
1000
1000
1000
1000
1000
1000
1000
1000
1000
1000
1000
1000
1000
1000
1000
1000
1000
1000
1000
1000
1000
1000
1000
1000
1000
1000
1000
1000
1000
1000
1000
1000
1000
1000
1000
1000
1000
1000
1000
1000
1000
1000
1000
1000
1000
1000
1000
1000
1000
1000
1000
1000
1000
1000
1000
1000
1000
1000
1000
1000
1000
1000
1000
1000
1000
1000
1000
1000
1000
1000
1000
1000
1000
1000
1000
1000
1000
1000
1000
1000
1000
1000
1000
1000
1000
1000
1000
1000
1000
1000
1000
1000
1000
1000
1000
1000
1000
1000
1000
1000
1000
1000
1000
1000
1000
1000
1000
1000
1000
1000
1000
1000
1000
1000
1000
1000
1000
1000
1000
1000
1000
1000
1000
1000
1000
1000
1000
1000
1000
1000
1000
1000
1000
1000
1000
1000
1000
1000
1000
1000
1000
1000
1000
1000
1000
1000
1000
1000
1000
1000
1000
1000
1000
1000
1000
1000
1000
1000
1000
1000
1000
1000
1000
1000
1000
1000
1000
1000
1000
1000
1000
1000
1000
1000
1000
1000
1000
1000
1000
1000
1000
1000
1000
1000
1000
1000
1000
1000
1000
1000
1000
1000
1000
1000
1000
1000
1000
1000
1000
1000
1000
1000
1000
1000
1000
1000
1000
1000
1000
1000
1000
1000
1000
1000
1000
1000
1000
1000
1000
1000
1000
1000
1000
1000
1000
1000
1000
1000
1000
1000
1000
1000
1000
1000
1000
1000
1000
1000
1000
1000
1000
1000
1000
1000
1000
1000
1000
1000
1000
1000
1000
1000
1000
1000
1000
1000
1000
1000
1000
1000
1000
1000
1000
1000
1000
1000
1000
1000
1000
1000
1000
1000
1000
1000
1000
1000
1000
1000
1000
1000
1000
1000
1000
1000
1000
1000
1000
1000
1000
1000
1000
1000
1000
1000
1000
1000
1000
1000
1000
1000
1000
1000
1000
1000
1000
1000
1000
1000
1000
1000
1000
1000
1000
1000
1000
1000
1000
1000
1000
1000
1000
1000
1000
1000
1000
1000
1000
1000
1000
1000
1000
1000
1000
1000
1000
1000
1000
1000
1000
1000
1000
1000
1000
1000
1000
1000
1000
1000
1000
1000
1000
1000
1000
1000
1000
1000
1000
1000
1000
1000
1000
1000
1000
1000
1000
1000
1000
1000
1000
1000
1000
1000
1000
1000
1000
1000
1000
1000
1000
1000
1000
1000
1000
1000
1000
1000
1000
1000
1000
1000
1000
1000
1000
1000
1000
1000
1000
1000
1000
1000
1000
1000
1000
1000
1000
1000
1000
1000
1000
1000
1000
1000
1000
1000
1000
1000
1000
1000
1000
1000
1000
1000
1000
1000
1000
1000
1000
1000
1000
1000
1000
1000
1000
1000
1000
1000
1000
1000
1000
1000
1000
1000
1000
1000
1000
1000
1000
1000
1000
1000
1000
1000
1000
1000
1000
1000
1000
1000
1000
1000
1000
1000
1000
1000
1000
1000
1000
1000
1000
1000
1000
1000
1000
1000
1000
1000
1000
1000
1000
1000
1000
1000
1000
1000
1000
1000
1000
1000
1000
1000
1000
1000
1000
1000
1000
1000
1000
1000
1000
1000
1000
1000
1000
1000
1000
1000
1000
1000
1000
1000
1000
1000
1000
1000
1000
1000
1000
1000
1000
1000
1000
1000
1000
1000
1000
1000
1000
1000
1000
1000
1000
1000
1000
1000
1000
1000
1000
1000
1000
1000
1000
1000
1000
1000
1000
1000
1000
1000
1000
1000
1000
1000
1000
1000
1000
1000
1000
1000
1000
1000
1000
1000
1000
1000
1000
1000
1000
1000
1000
1000
1000
1000
1000
1000
1000
1000
1000
1000
1000
1000
1000
1000
1000
1000
1000
1000
1000
1000
1000
1000
1000
1000
1000
1000
1000
1000
1000
1000
1000
1000
1000
1000
1000
1000
1000
1000
1000
1000
1000
1000
1000
1000
1000
1000
1000
1000
1000
1000
1000
1000
1000
1000
1000
1000
1000
1000
1000
1000
1000
1000
1000
1000
1000
1000
1000
1000
1000
1000
1000
1000
1000
1000
1000
1000
1000
1000
1000
1000
1000
1000
1000
1000
1000
1000
1000
1000
1000
1000
1000
1000
1000
1000
1000
1000
1000
1000
1000
1000
1000
1000
1000
1000
1000
1000
1000
1000
1000
1000
1000
1000
1000
1000
1000
1000
1000
1000
1000
1000
1000
1000
1000
1000
1000
1000
1000
1000
1000
1000
1000
1000
1000
1000
1000
1000
1000
1000
1000
1000
1000
1000
1000
1000
1000
1000
1000
1000
1000
1000
1000
1000
1000
1000
1000
1000
1000
1000
1000
1000
1000
1000
1000
1000
1000
1000
1000
1000
1000
1000
1000
1000
1000
1000
1000
1000
1000
1000
1000
1000
1000
1000
1000
1000
1000
1000
1000
1000
1000
1000
1000
1000
1000
1000
1000
1000
1000
1000
1000
1000
1000
1000
1000
1000
1000
1000
1000
1000
1000
1000
1000
1000
1000
1000
1000
1000
1000
1000
1000
1000
1000
1000
1000
1000
1000
1000
1000
1000
1000
1000
1000
1000
1000
1000
1000
1000
1000
1000
1000
1000
1000
1000
1000
1000
1000
1000
1000
1000
1000
1000
1000
1000
1000
1000
1000
1000
1000
1000
1000
1000
1000
1000
1000
1000
1000
1000
1000
1000
1000
1000
1000
1000
1000
1000
1000
1000
1000
1000
1000
1000
1000
1000
1000
1000
1000
1000
1000
1000
1000
1000
1000
1000
1000
1000
1000
1000
1000
1000
1000
1000
1000
1000
1000
1000
1000
1000
1000
1000
1000
1000
1000
1000
1000
1000
1000
1000
1000
1000
1000
1000
1000
1000
1000
1000
1000
1000
1000
1000
1000
1000
1000
1000
1000
1000
1000
1000
1000
1000
1000
1000
1000
1000
1000
1000
1000
1000
1000
1000
1000
1000
1000
1000
1000
1000
1000
1000
1000
1000
1000
1000
1000
1000
1000
1000
1000
1000
1000
1000
1000
1000
1000
1000
1000
1000
1000
1000
1000
1000
1000
1000
1000
1000
1000
1000
1000
1000
1000
1000
1000
1000
1000
1000
1000
1000
1000
1000
1000
1000
1000
1000
1000
1000
1000
1000
1000
1000
1000
1000
1000
1000
1000
1000
1000
1000
1000
1000
1000
1000
1000
1000
1000
1000
1000
1000
1000
1000
1000
1000
1000
1000
1000
1000
1000
1000
1000
1000
1000
1000
1000
1000
1000
1000
1000
1000
1000
1000
1000
1000
1000
1000
1000
1000
1000
1000
1000
1000
1000
1000
1000
1000
1000
1000
1000
1000
1000
1000
1000
1000
1000
1000
1000
1000
1000
1000
1000
1000
1000
1000
1000
1000
1000
1000
1000
1000
1000
1000
1000
1000
1000
1000
1000
1000
1000
1000
1000
1000
1000
1000
1000
1000
1000
1000
1000
1000
1000
1000
1000
1000
1000
1000
1000
1000
1000
1000
1000
1000
1000
1000
1000
1000
1000
1000
1000
1000
1000
1000
1000
1000
1000
1000
1000
1000
1000
1000
1000
1000
1000
1000
1000
1000
1000
1000
1000
1000
1000
1000
1000
1000
1000
1000
1000
1000
1000
1000
1000
1000
1000
1000
1000
1000
1000
1000
1000
1000
1000
1000
1000
1000
1000
1000
1000
1000
1000
1000
1000
1000
1000
1000
1000
1000
1000
1000
1000
1000
1000
1000
1000
1000
1000
1000
1000
1000
1000
1000
1000
1000
1000
1000
1000
1000
1000
1000
1000
1000
1000
1000
1000
1000
1000
1000
1000
1000
1000
1000
1000
1000
1000
1000
1000
1000
1000
1000
1000
1000
1000
1000
1000
1000
1000
1000
1000
1000
1000
1000
1000
1000
1000
1000
1000
1000
1000
1000
1000
1000
1000
1000
1000
1000
1000
1000
1000
1000
1000
1000
1000
1000
1000
1000
1000
1000
1000
1000
1000
1000
1000
1000
1000
1000
1000
1000
1000
1000
1000
1000
1000
1000
1000
1000
1000
1000
1000
1000
1000
1000
1000
1000
1000
1000
1000
1000
1000
1000
1000
1000
1000
1000
1000
1000
1000
1000
1000
1000
1000
1000
1000
1000
1000
1000
1000
1000
1000
1000
1000
1000
1000
1000
1000
1000
1000
1000
1000
1000
1000
1000
1000
1000
1000
1000
1000
1000
1000
1000
1000
1000
1000
1000
1000
1000
1000
1000
1000
1000
1000
1000
1000
1000
1000
1000
1000
1000
1000
1000
1000
1000
1000
1000
1000
1000
1000
1000
1000
1000
1000
1000
1000
1000
1000
1000
1000
1000
1000
1000
1000
1000
1000
1000
1000
1000
1000
1000
1000
1000
1000
1000
1000
1000
1000
1000
1000
1000
1000
1000
1000
1000
1000
1000
1000
1000
1000
1000
1000
1000
1000
1000
1000
1000
1000
1000
1000
1000
1000
1000
1000
1000
1000
1000
1000
1000
1000
1000
1000
1000
1000
1000
1000
1000
1000
1000
1000
1000
1000
1000
1000
1000
1000
1000
1000
1000
1000
1000
1000
1000
1000
1000
1000
1000
1000
1000
1000
1000
1000
1000
1000
1000
1000
1000
1000
1000
1000
1000
1000
1000
1000
1000
1000
1000
1000
1000
1000
1000
1000
1000
1000
1000
1000
1000
1000
1000
1000
1000
1000
1000
1000
1000
1000
1000
1000
1000
1000
1000
1000
1000
1000
1000
1000
1000
1000
1000
1000
1000
1000
1000
1000
1000
1000
1000
1000
1000
1000
1000
1000
1000
1000
1000
1000
1000
1000
1000
1000
1000
1000
1000
1000
1000
1000
1000
1000
1000
1000
1000
1000
1000
1000
1000
1000
1000
1000
1000
1000
1000
1000
1000
1000
1000
1000
1000
1000
1000
1000
1000
1000
1000
1000
1000
1000
1000
1000
1000
1000
1000
1000
1000
1000
1000
1000
1000
1000
1000
1000
1000
1000
1000
1000
1000
1000
1000
1000
1000
1000
1000
1000
1000
1000
1000
1000
1000
1000
1000
1000
1000
1000
1000
1000
1000
1000
1000
1000
1000
1000
1000
1000
1000
1000
1000
1000
1000
1000
1000
1000
1000
1000
1000
1000
1000
1000
1000
1000
1000
1000
1000
1000
1000
1000
1000
1000
1000
1000
1000
1000
1000
1000
1000
1000
1000
1000
1000
1000
1000
1000
1000
1000
1000
1000
1000
1000
1000
1000
1000
1000
1000
1000
1000
1000
999.999
999.998
999.999
999.999
1000
1000
1000
999.998
999.996
999.996
999.998
1000
1000
1000
999.997
999.994
999.995
999.998
999.999
1000
1000
999.998
999.996
999.996
999.998
1000
1000
1000
999.999
999.998
999.999
999.999
1000
1000
1000
1000
1000
1000
1000
1000
1000
1000
1000
1000
1000
1000
1000
1000
1000
999.999
999.999
999.999
1000
1000
1000
1000
999.999
999.998
999.998
999.999
1000
1000
1000
999.999
999.996
999.997
999.999
1000
1000
1000
999.999
999.998
999.998
999.999
1000
1000
1000
1000
999.999
1000
1000
1000
1000
1000
1000
1000
1000
1000
1000
1000
1000
1000
1000
1000
1000
1000
1000
1000
627.541
630.63
631.206
630.249
628.053
624.381
618.504
631.528
634.036
634.397
633.278
631.019
627.324
621.905
632.911
635.265
635.56
634.373
632.136
628.442
623.115
632.693
634.94
635.193
634.015
631.809
628.179
622.948
631.134
633.381
633.704
632.585
630.457
626.874
621.702
628.044
630.346
630.733
629.716
627.646
624.166
619.06
622.593
625.417
625.991
625.133
623.17
619.797
614.338
1
1
1
1
1
1
1
1
1
1
1
1
1
1
1
1
1
1
1
1
1
1
1
1
1
1
1
1
1
1
1
1
1
1
1
1
1
1
1
1
1
1
1
1
1
1
1
1
1
1
1
1
1
1
1
1
1
1
1
1
1
1
1
1
1
1
1
1
1
1
1
1
1
1
1
1
1
1
1
1
1
1
1
1
1
1
1
1
1
1
1
1
1
1
1
1
1
1
1
1
1
1
1
1
1
1
1
1
1
1
1
1
1
1
1
1
1
1
1
1
1
1
1
1
1
1
1
1
1
1
1
1
1
1
1
1
1
1
1
1
1
1
1
1
1
1
1
1
1
1
1
1
1
1
1
1
1
1
1
1
1
1
1
1
1
1
1
1
1
1
1
1
1
1
1
1
1
1
1
1
1
1
1
1
1
1
1
1
1
1
1
1
1
1
1
1
1
1
1
1
1
1
1
1
1
1
1
1
1
1
1
1
1
1
1
1
1
1
1
1
1
1
1
1
1
1
1
1
1
1
1
1
1
1
1
1
1
1
1
1
1
1
1
1
1
1
1
1
1
1
1
1
1
1
1
1
1
1
1
1
1
1
1
1
1
1
1
1
1
1
1
1
1
1
1
1
1
1
1
1
1
1
1
1
1
1
1
1
1
1
1
1
1
1
1
1
1
1
1
1
1
1
1
1
1
1
1
1
1
1
1
1
1
1
1
1
1
1
1
1
1
1
1
1
1
1
1
1
1
1
1
1
1
1
1
1
1
1
1
1
1
1
1
1000
1000
1000
1000
1000
1000
1000
1000
1000
1000
1000
1000
1000
1000
1000
1000
1000
1000
1000
1000
1000
1000
1000
1000
1000
1000
1000
1000
1000
1000
1000
1000
1000
1000
1000
1000
1000
1000
1000
1000
1000
1000
1000
1000
1000
1000
1000
1000
1000
1000
1000
1000
1000
1000
1000
1000
1000
1000
1000
1000
1000
1000
1000
1000
1000
1000
1000
1000
1000
1000
1000
1000
1000
1000
1000
1000
1000
1000
1000
1000
1000
1000
1000
1000
1000
1000
1000
1000
1000
1000
1000
1000
1000
1000
1000
1000
1000
1000
1000
1000
1000
1000
1000
1000
1000
1000
1000
1000
1000
1000
1000
1000
612.404
605.186
596.223
585.34
572.495
557.603
540.138
518.199
616.198
608.802
599.713
588.58
575.239
559.444
540.712
516.903
616.765
609.392
600.45
589.4
575.995
559.869
540.526
515.692
616.679
609.217
600.25
589.169
575.701
559.439
539.881
514.71
615.328
607.922
598.962
587.929
574.552
558.461
539.157
514.393
613.351
605.888
596.733
585.6
572.286
556.538
537.875
514.191
608.279
600.894
591.849
580.928
568.088
553.245
535.874
514.111
1
1
1
1
1
1
1
1
1
1
1
1
1
1
1
1
1
1
1
1
1
1
1
1
1
1
1
1
1
1
1
1
1
1
1
1
1
1
1
1
1
1
1
1
1
1
1
1
1
1
1
1
1
1
1
1
1
1
1
1
1
1
1
1
1
1
1
1
1
1
1
1
1
1
1
1
1
1
1
1
1
1
1
1
1
1
1
1
1
1
1
1
1
1
1
1
1
1
1
1
1
1
1
1
1
1
1
1
1
1
1
1
1
1
1
1
1
1
1
1
1
1
1
1
1
1
1
1
1
1
1
1
1
1
1
1
1
1
1
1
1
1
1
1
1
1
1
1
1
1
1
1
1
1
1
1
1
1
1
1
1
1
1
1
1
1
1
1
1
1
1
1
1
1
1
1
1
1
1
1
1
1
1
1
1
1
1
1
1
1
1
1
1
1
1
1
1
1
1
1
1
1
1
1
1
1
1
1
1
1
1
1
1
1
1
1
1
1
1
1
1
1
1
1
1
1
1
1
1
1
1
1
1
1
1
1
1
1
1
1
1
1
1
1
1
1
1
1
1
1
1
1
1
1
1
1
1
1
1
1
1
1
1
1
1
1
1
1
1
1
1
1
1
1
1
1
1
1
1
1
1
1
1
1
1
1
1
1
1
1
1
1
1
1
1
1
1
1
1
1
1
1
1
1
1
1
1
1
1
1
1
1
1
1
1
1
1
1
1
1
1
1
1
1
1
1
1
1
1
1
1
1
1
1
1
1
1
1
1
1
1
1
1
1
1
1
1
1
1
1
1
1
1
1
1
1
1
1
1
1
1
1
1
1
1
1
1
1
1
1
1
1
1
1
1
1
1
1
1
1
1
1
1
1
1
1
1
1
1
1
1
1
1000
1000
1000
1000
1000
1000
1000
1000
1000
1000
1000
1000
1000
1000
1000
1000
1000
1000
1000
1000
1000
1000
1000
1000
999.999
1000
1000
1000
1000
1000
1000
1000
999.999
1000
1000
1000
1000
1000
1000
1000
999.999
1000
1000
1000
1000
1000
1000
1000
1000
1000
1000
1000
1000
1000
1000
1000
1000
1000
1000
1000
1000
1000
1000
1000
1000
1000
1000
1000
1000
1000
1000
1000
1000
1000
1000
1000
1000
1000
1000
1000
1000
1000
1000
1000
1000
1000
1000
1000
1000
1000
1000
1000
1000
1000
1000
1000
1000
1000
1000
1000
1000
1000
1000
1000
1000
1000
1000
1000
1000
1000
1000
1000
617.816
611.204
602.815
592.36
579.805
565.069
547.619
525.532
623.977
617.662
609.544
599.152
586.246
570.627
551.849
527.715
626.786
620.865
613.046
602.994
590.1
574.14
554.683
529.368
628.551
622.703
614.945
604.945
592.002
575.884
556.163
530.4
628.607
622.749
614.96
604.955
592.069
576.096
556.609
531.214
627.519
621.332
613.264
602.976
590.094
574.448
555.602
531.316
622.759
616.291
608.07
597.676
585.126
570.345
552.804
530.52
1
1
1
1
1
1
1
1
1
1
1
1
1
1
1
1
1
1
1
1
1
1
1
1
1
1
1
1
1
1
1
1
1
1
1
1
1
1
1
1
1
1
1
1
1
1
1
1
1
1
1
1
1
1
1
1
1
1
1
1
1
1
1
1
1
1
1
1
1
1
1
1
1
1
1
1
1
1
1
1
1
1
1
1
1
1
1
1
1
1
1
1
1
1
1
1
1
1
1
1
1
1
1
1
1
1
1
1
1
1
1
1
1
1
1
1
1
1
1
1
1
1
1
1
1
1
1
1
1
1
1
1
1
1
1
1
1
1
1
1
1
1
1
1
1
1
1
1
1
1
1
1
1
1
1
1
1
1
1
1
1
1
1
1
1
1
1
1
1
1
1
1
1
1
1
1
1
1
1
1
1
1
1
1
1
1
1
1
1
1
1
1
1
1
1
1
1
1
1
1
1
1
1
1
1
1
1
1
1
1
1
1
1
1
1
1
1
1
1
1
1
1
1
1
1
1
1
1
1
1
1
1
1
1
1
1
1
1
1
1
1
1
1
1
1
1
1
1
1
1
1
1
1
1
1
1
1
1
1
1
1
1
1
1
1
1
1
1
1
1
1
1
1
1
1
1
1
1
1
1
1
1
1
1
1
1
1
1
1
1
1
1
1
1
1
1
1
1
1
1
1
1
1
1
1
1
1
1
1
1
1
1
1
1
1
1
1
1
1
1
1
1
1
1
1
1
1
1
1
1
1
1
1
1
1
1
1
1
1
1
1
1
1
1
1
1
1
1
1
1
1
1
1
1
1
1
1
1
1
1
1
1
1
1
1
1
1
1
1
1
1
1
1
1
1
1
1
1
1
1
1
1
1
1
1
1
1
1
1
1
1
1
1000
1000
1000
1000
1000
1000
1000
1000
999.999
1000
1000
1000
1000
1000
1000
1000
1000
1000
1000
1000
1000
1000
1000
1000
1000
1000
1000
1000
1000
1000
1000
1000
1000
1000
1000
1000
1000
1000
1000
1000
1000
1000
1000
1000
1000
1000
1000
1000
1000
1000
1000
1000
1000
1000
1000
1000
1000
1000
1000
1000
1000
1000
1000
1000
1000
1000
1000
1000
1000
1000
1000
1000
1000
1000
1000
1000
1000
1000
1000
1000
1000
1000
1000
1000
1000
1000
1000
1000
1000
1000
1000
1000
1000
1000
1000
1000
1000
1000
1000
1000
1000
1000
1000
1000
1000
1000
1000
1000
1000
1000
1000
1000
622.42
615.848
607.504
597.019
584.402
569.579
552.017
529.732
626.214
619.783
611.509
601.021
588.02
572.314
553.461
529.225
626.393
620.177
612.103
601.832
588.797
572.756
553.269
527.966
625.564
619.304
611.233
600.944
587.84
571.656
551.951
526.322
623.168
616.853
608.749
598.409
585.368
569.35
549.918
524.756
619.867
613.187
604.821
594.178
581.131
565.459
546.706
522.723
613.344
606.468
597.825
587.206
574.564
559.803
542.4
520.472
1
1
1
1
1
1
1
1
1
1
1
1
1
1
1
1
1
1
1
1
1
1
1
1
1
1
1
1
1
1
1
1
1
1
1
1
1
1
1
1
1
1
1
1
1
1
1
1
1
1
1
1
1
1
1
1
1
1
1
1
1
1
1
1
1
1
1
1
1
1
1
1
1
1
1
1
1
1
1
1
1
1
1
1
1
1
1
1
1
1
1
1
1
1
1
1
1
1
1
1
1
1
1
1
1
1
1
1
1
1
1
1
1
1
1
1
1
1
1
1
1
1
1
1
1
1
1
1
1
1
1
1
1
1
1
1
1
1
1
1
1
1
1
1
1
1
1
1
1
1
1
1
1
1
1
1
1
1
1
1
1
1
1
1
1
1
1
1
1
1
1
1
1
1
1
1
1
1
1
1
1
1
1
1
1
1
1
1
1
1
1
1
1
1
1
1
1
1
1
1
1
1
1
1
1
1
1
1
1
1
1
1
1
1
1
1
1
1
1
1
1
1
1
1
1
1
1
1
1
1
1
1
1
1
1
1
1
1
1
1
1
1
1
1
1
1
1
1
1
1
1
1
1
1
1
1
1
1
1
1
1
1
1
1
1
1
1
1
1
1
1
1
1
1
1
1
1
1
1
1
1
1
1
1
1
1
1
1
1
1
1
1
1
1
1
1
1
1
1
1
1
1
1
1
1
1
1
1
1
1
1
1
1
1
1
1
1
1
1
1
1
1
1
1
1
1
1
1
1
1
1
1
1
1
1
1
1
1
1
1
1
1
1
1
1
1
1
1
1
1
1
1
1
1
1
1
1
1
1
1
1
1
1
1
1
1
1
1
1
1
1
1
1
1
1
1
1
1
1
1
1
1
1
1
1
1
1
1
1
1
1
1
1000
1000
1000
1000
1000
1000
1000
1000
1000
1000
1000
1000
1000
1000
1000
1000
1000
1000
1000
1000
1000
1000
1000
1000
1000
1000
1000
1000
1000
1000
1000
1000
1000
1000
1000
1000
1000
1000
1000
1000
1000
1000
1000
1000
1000
1000
1000
1000
1000
1000
1000
1000
1000
1000
1000
1000
1000
1000
1000
1000
1000
1000
1000
1000
1000
1000
1000
1000
1000
1000
1000
1000
1000
1000
1000
1000
1000
1000
1000
1000
1000
1000
1000
1000
1000
1000
1000
1000
1000
1000
1000
1000
1000
1000
1000
1000
1000
1000
1000
1000
1000
1000
1000
1000
1000
1000
1000
1000
1000
1000
1000
1000
608.563
601.273
592.325
581.485
568.702
553.897
536.543
514.784
614.442
607.184
598.234
587.231
573.997
558.284
539.615
515.882
617.235
610.14
601.461
590.599
577.318
561.258
541.928
517.066
619.346
612.256
603.574
592.734
579.383
563.149
543.549
518.239
620.118
613.131
604.498
593.704
580.424
564.324
544.927
519.928
620.126
613.068
604.331
593.404
580.174
564.403
545.618
521.636
616.778
609.862
601.118
590.384
577.629
562.764
545.259
523.175
1
1
1
1
1
1
1
1
1
1
1
1
1
1
1
1
1
1
1
1
1
1
1
1
1
1
1
1
1
1
1
1
1
1
1
1
1
1
1
1
1
1
1
1
1
1
1
1
1
1
1
1
1
1
1
1
1
1
1
1
1
1
1
1
1
1
1
1
1
1
1
1
1
1
1
1
1
1
1
1
1
1
1
1
1
1
1
1
1
1
1
1
1
1
1
1
1
1
1
1
1
1
1
1
1
1
1
1
1
1
1
1
1
1
1
1
1
1
1
1
1
1
1
1
1
1
1
1
1
1
1
1
1
1
1
1
1
1
1
1
1
1
1
1
1
1
1
1
1
1
1
1
1
1
1
1
1
1
1
1
1
1
1
1
1
1
1
1
1
1
1
1
1
1
1
1
1
1
1
1
1
1
1
1
1
1
1
1
1
1
1
1
1
1
1
1
1
1
1
1
1
1
1
1
1
1
1
1
1
1
1
1
1
1
1
1
1
1
1
1
1
1
1
1
1
1
1
1
1
1
1
1
1
1
1
1
1
1
1
1
1
1
1
1
1
1
1
1
1
1
1
1
1
1
1
1
1
1
1
1
1
1
1
1
1
1
1
1
1
1
1
1
1
1
1
1
1
1
1
1
1
1
1
1
1
1
1
1
1
1
1
1
1
1
1
1
1
1
1
1
1
1
1
1
1
1
1
1
1
1
1
1
1
1
1
1
1
1
1
1
1
1
1
1
1
1
1
1
1
1
1
1
1
1
1
1
1
1
1
1
1
1
1
1
1
1
1
1
1
1
1
1
1
1
1
1
1
1
1
1
1
1
1
1
1
1
1
1
1
1
1
1
1
1
1
1
1
1
1
1
1
1
1
1
1
1
1
1
1
1
1
1
1000
1000
1000
1000
1000
1000
1000
1000
1000
1000
1000
1000
1000
1000
485.553
483.95
482.533
481.502
481.3
481.38
481.687
1
1
1
1
1
1
1
1
1
1
1
1
1
1
1
1
1
1
1
1
1
1
1
1
1
1
1
1
1
1
1
1
1
1
1
1
1
1
1
1
1
1
1
1
1
1
1
1
1
1000
1000
1000
1000
1000
1000
1000
1000
1000
1000
1000
1000
1000
1000
492.397
494.004
495.253
496.114
496.996
497.406
497.111
1
1
1
1
1
1
1
1
1
1
1
1
1
1
1
1
1
1
1
1
1
1
1
1
1
1
1
1
1
1
1
1
1
1
1
1
1
1
1
1
1
1
1
1
1
1
1
1
1
1000
1000
1000
1000
1000
1000
1000
1000
1000
1000
1000
1000
1000
1000
496.394
495.467
493.975
492.303
490.923
489.297
487.622
1
1
1
1
1
1
1
1
1
1
1
1
1
1
1
1
1
1
1
1
1
1
1
1
1
1
1
1
1
1
1
1
1
1
1
1
1
1
1
1
1
1
1
1
1
1
1
1
1
1000
1000
1000
1000
1000
1000
1000
1000
1000
1000
1000
1000
1000
1000
482.299
482.933
483.775
484.789
486.5
488.396
490.267
1
1
1
1
1
1
1
1
1
1
1
1
1
1
1
1
1
1
1
1
1
1
1
1
1
1
1
1
1
1
1
1
1
1
1
1
1
1
1
1
1
1
1
1
1
1
1
1
1
1000
1000
1000
1000
1000
999.999
999.998
999.997
1000
1000
1000
1000
1000
999.999
999.998
999.997
1000
1000
1000
1000
1000
999.999
999.998
999.997
1000
1000
1000
1000
1000
999.999
999.998
999.997
1000
1000
1000
1000
1000
999.999
999.998
999.997
1000
1000
1000
1000
1000
999.999
999.998
999.997
1000
1000
1000
1000
1000
999.999
999.998
999.997
1000
1000
1000
1000
996.304
981.976
951.977
925.251
1000
1000
1000
1000
996.29
981.877
951.783
925.26
1000
1000
1000
1000
996.304
981.833
951.652
925.297
1000
1000
1000
1000
996.304
981.801
951.575
925.31
1000
1000
1000
1000
996.287
981.807
951.634
925.297
1000
1000
1000
1000
996.247
981.814
951.729
925.25
1000
1000
1000
1000
996.237
981.878
951.891
925.231
395.841
289.577
229.958
215.069
227.094
250.92
276.318
293.079
395.811
289.923
230.084
215.052
227.082
250.919
276.271
292.919
395.448
289.952
230.084
214.988
227.007
250.848
276.171
292.728
394.925
289.781
230.044
214.968
226.977
250.814
276.121
292.635
394.469
289.378
229.801
214.894
226.939
250.797
276.125
292.688
393.766
288.71
229.476
214.843
226.93
250.808
276.175
292.836
392.791
287.776
229.024
214.732
226.85
250.749
276.174
292.953
1
1
0.99993
0.978215
0.994159
1.0096
1.00971
1.00206
1
1
0.99991
0.978424
0.99425
1.00958
1.0096
1.00203
1
1
0.999947
0.978648
0.994264
1.00952
1.00949
1.00201
1
1
0.999966
0.978793
0.994266
1.00948
1.00942
1.00199
1
1
0.999946
0.978719
0.994256
1.00948
1.00945
1.00199
1
1
0.999909
0.978598
0.99425
1.00951
1.00952
1.002
1
1
0.999928
0.978485
0.994201
1.00953
1.00959
1.00201
1
1
1.00001
1.00001
1.00026
1.00051
1.00029
1.00012
1
1
1.00002
1.00002
1.00026
1.0005
1.00028
1.00012
1
1
1.00002
1.00002
1.00025
1.00049
1.00028
1.00012
1
1
1.00002
1.00002
1.00025
1.00049
1.00027
1.00012
1
1
1.00002
1.00002
1.00025
1.00049
1.00028
1.00012
1
1
1.00002
1.00002
1.00025
1.0005
1.00028
1.00012
1
1
1.00001
1.00001
1.00026
1.0005
1.00028
1.00012
1
1
1.00005
1.0001
1
1
1
1
1
1
1.00005
1.0001
1
1
1
1
1
1
1.00005
1.00009
1
1
1
1
1
1
1.00005
1.00009
1
1
1
1
1
1
1.00005
1.00009
1
1
1
1
1
1
1.00005
1.0001
1
1
1
1
1
1
1.00005
1.0001
1
1
1
1
1
1
1
1
1
1
1
1
1
1
1
1
1
1
1
1
1
1
1
1
1
1
1
1
1
1
1
1
1
1
1
1
1
1
1
1
1
1
1
1
1
1
1
1
1
1
1
1
1
1
1
1
1
1
1
1
1
1
1
1
1
1
1
1
1
1
1
1
1
1
1
1
1
1
1
1
1
1
1
1
1
1
1
1
1
1
1
1
1
1
1
1
1
1
1
1
1
1
1
1
1
1
1
1
1
1
1
1
1
1
1
1
1
1
1
1
1
1
1
1
1
1
1
1
1
1
1
1
1
1
1
1
1
1
1
1
1
1
1
1
1
1
1
1
1
1
1
1
1
1
1
1
1
1
1
1
1
1
1
1
1
1
1
1
1
1
1
1
1
1
1
1
1
1
1
1
1
1
1
1
1
1
1
1
1
1
1
1
1
1
1
1
1
1
1
1
1
1
1
1
1
1
1
1
1
1
1
1
1
1
1
1
1
1
1
1
1
1
1
1
1
1
1
1
1000
1000
1000
1000
1000
999.999
999.998
999.997
1000
1000
1000
1000
1000
999.999
999.998
999.997
1000
1000
1000
1000
1000
999.999
999.998
999.997
1000
1000
1000
1000
1000
999.999
999.998
999.997
1000
1000
1000
1000
1000
999.999
999.998
999.997
1000
1000
1000
1000
1000
999.999
999.998
999.997
1000
1000
1000
1000
1000
999.999
999.998
999.997
1000
1000
1000
1000
996.368
982.075
952.04
925.253
1000
1000
1000
1000
996.394
982.039
951.887
925.268
1000
1000
1000
1000
996.438
982.044
951.788
925.309
1000
1000
1000
1000
996.456
982.042
951.729
925.324
1000
1000
1000
1000
996.455
982.07
951.802
925.312
1000
1000
1000
1000
996.434
982.095
951.908
925.268
1000
1000
1000
1000
996.422
982.153
952.068
925.25
401.069
292.464
231.256
215.481
227.432
251.203
276.586
293.315
403.47
294.157
232.055
215.716
227.609
251.339
276.66
293.259
405.168
295.359
232.628
215.861
227.693
251.385
276.66
293.151
406.092
295.993
232.967
215.969
227.76
251.423
276.674
293.111
406.494
296.081
232.963
215.973
227.778
251.448
276.715
293.194
406.091
295.642
232.793
215.984
227.81
251.486
276.787
293.358
404.704
294.515
232.26
215.838
227.701
251.404
276.765
293.458
1
1
0.99993
0.97775
0.994122
1.00971
1.00986
1.00212
1
1
0.999915
0.97776
0.994172
1.00973
1.00981
1.00212
1
1
0.999952
0.977821
0.994167
1.00972
1.00976
1.00212
1
1
0.999972
0.977864
0.994178
1.00973
1.00974
1.00212
1
1
0.999952
0.977729
0.994173
1.00976
1.0098
1.00213
1
1
0.999914
0.977552
0.994169
1.0098
1.00988
1.00215
1
1
0.999931
0.977445
0.994127
1.00981
1.00996
1.00216
1
1
1.00001
1.00001
1.00027
1.00052
1.00029
1.00012
1
1
1.00002
1.00001
1.00026
1.00051
1.00029
1.00012
1
1
1.00002
1.00002
1.00026
1.00051
1.00029
1.00012
1
1
1.00002
1.00002
1.00026
1.00051
1.00029
1.00012
1
1
1.00002
1.00002
1.00026
1.00051
1.00029
1.00012
1
1
1.00002
1.00001
1.00027
1.00052
1.00029
1.00012
1
1
1.00001
1.00001
1.00027
1.00052
1.0003
1.00012
1
1
1.00005
1.0001
1
1
1
1
1
1
1.00005
1.0001
1
1
1
1
1
1
1.00005
1.00009
1
1
1
1
1
1
1.00005
1.00009
1
1
1
1
1
1
1.00005
1.0001
1
1
1
1
1
1
1.00005
1.0001
1
1
1
1
1
1
1.00005
1.0001
1
1
1
1
1
1
1
1
1
1
1
1
1
1
1
1
1
1
1
1
1
1
1
1
1
1
1
1
1
1
1
1
1
1
1
1
1
1
1
1
1
1
1
1
1
1
1
1
1
1
1
1
1
1
1
1
1
1
1
1
1
1
1
1
1
1
1
1
1
1
1
1
1
1
1
1
1
1
1
1
1
1
1
1
1
1
1
1
1
1
1
1
1
1
1
1
1
1
1
1
1
1
1
1
1
1
1
1
1
1
1
1
1
1
1
1
1
1
1
1
1
1
1
1
1
1
1
1
1
1
1
1
1
1
1
1
1
1
1
1
1
1
1
1
1
1
1
1
1
1
1
1
1
1
1
1
1
1
1
1
1
1
1
1
1
1
1
1
1
1
1
1
1
1
1
1
1
1
1
1
1
1
1
1
1
1
1
1
1
1
1
1
1
1
1
1
1
1
1
1
1
1
1
1
1
1
1
1
1
1
1
1
1
1
1
1
1
1
1
1
1
1
1
1
1
1
1
1
1000
1000
1000
1000
1000
999.999
999.998
999.997
1000
1000
1000
1000
1000
999.999
999.998
999.997
1000
1000
1000
1000
1000
999.999
999.998
999.997
1000
1000
1000
1000
1000
999.999
999.998
999.997
1000
1000
1000
1000
1000
999.999
999.998
999.997
1000
1000
1000
1000
1000
999.999
999.998
999.997
1000
1000
1000
1000
1000
999.999
999.998
999.997
1000
1000
1000
1000
996.42
982.15
952.071
925.253
1000
1000
1000
1000
996.417
982.069
951.896
925.269
1000
1000
1000
1000
996.431
982.029
951.777
925.313
1000
1000
1000
1000
996.427
981.991
951.696
925.323
1000
1000
1000
1000
996.404
981.986
951.752
925.314
1000
1000
1000
1000
996.351
981.963
951.822
925.262
1000
1000
1000
1000
996.316
981.99
951.957
925.235
404.164
294.232
232.146
215.805
227.67
251.375
276.739
293.438
404.635
294.847
232.427
215.858
227.708
251.404
276.712
293.296
404.201
294.842
232.422
215.794
227.628
251.324
276.599
293.094
403.193
294.423
232.288
215.755
227.58
251.27
276.527
292.98
401.839
293.543
231.851
215.624
227.493
251.21
276.487
292.993
399.833
292.16
231.194
215.462
227.398
251.154
276.476
293.085
397.368
290.412
230.353
215.211
227.21
251.012
276.4
293.138
1
1
0.999931
0.977509
0.994128
1.0098
1.00995
1.00215
1
1
0.999914
0.977684
0.994189
1.00977
1.00985
1.00213
1
1
0.99995
0.977916
0.994197
1.00972
1.00974
1.00211
1
1
0.999971
0.978086
0.9942
1.00967
1.00967
1.00209
1
1
0.99995
0.978071
0.994185
1.00965
1.00967
1.00208
1
1
0.999912
0.978047
0.994204
1.00964
1.0097
1.00208
1
1
0.999929
0.978044
0.994189
1.00965
1.00974
1.00207
1
1
1.00001
1.00001
1.00027
1.00052
1.0003
1.00012
1
1
1.00002
1.00002
1.00027
1.00051
1.00029
1.00012
1
1
1.00002
1.00002
1.00026
1.00051
1.00029
1.00012
1
1
1.00002
1.00002
1.00026
1.0005
1.00028
1.00012
1
1
1.00002
1.00002
1.00026
1.0005
1.00028
1.00012
1
1
1.00002
1.00002
1.00026
1.00051
1.00029
1.00012
1
1
1.00001
1.00001
1.00026
1.00051
1.00029
1.00012
1
1
1.00005
1.0001
1
1
1
1
1
1
1.00005
1.0001
1
1
1
1
1
1
1.00005
1.00009
1
1
1
1
1
1
1.00005
1.00009
1
1
1
1
1
1
1.00005
1.00009
1
1
1
1
1
1
1.00005
1.0001
1
1
1
1
1
1
1.00005
1.0001
1
1
1
1
1
1
1
1
1
1
1
1
1
1
1
1
1
1
1
1
1
1
1
1
1
1
1
1
1
1
1
1
1
1
1
1
1
1
1
1
1
1
1
1
1
1
1
1
1
1
1
1
1
1
1
1
1
1
1
1
1
1
1
1
1
1
1
1
1
1
1
1
1
1
1
1
1
1
1
1
1
1
1
1
1
1
1
1
1
1
1
1
1
1
1
1
1
1
1
1
1
1
1
1
1
1
1
1
1
1
1
1
1
1
1
1
1
1
1
1
1
1
1
1
1
1
1
1
1
1
1
1
1
1
1
1
1
1
1
1
1
1
1
1
1
1
1
1
1
1
1
1
1
1
1
1
1
1
1
1
1
1
1
1
1
1
1
1
1
1
1
1
1
1
1
1
1
1
1
1
1
1
1
1
1
1
1
1
1
1
1
1
1
1
1
1
1
1
1
1
1
1
1
1
1
1
1
1
1
1
1
1
1
1
1
1
1
1
1
1
1
1
1
1
1
1
1
1
1000
1000
1000
1000
1000
999.999
999.998
999.997
1000
1000
1000
1000
1000
999.999
999.998
999.997
1000
1000
1000
1000
1000
999.999
999.998
999.997
1000
1000
1000
1000
1000
999.999
999.998
999.997
1000
1000
1000
1000
1000
999.999
999.998
999.997
1000
1000
1000
1000
1000
999.999
999.998
999.997
1000
1000
1000
1000
1000
999.999
999.998
999.997
1000
1000
1000
1000
996.242
981.886
951.9
925.232
1000
1000
1000
1000
996.264
981.84
951.748
925.251
1000
1000
1000
1000
996.312
981.847
951.66
925.298
1000
1000
1000
1000
996.338
981.853
951.605
925.308
1000
1000
1000
1000
996.345
981.896
951.691
925.301
1000
1000
1000
1000
996.333
981.937
951.805
925.254
1000
1000
1000
1000
996.344
982.036
951.99
925.236
393.238
288.006
229.121
214.765
226.879
250.775
276.198
292.974
394.938
289.347
229.762
214.94
227.01
250.877
276.241
292.893
396.363
290.437
230.295
215.062
227.075
250.91
276.229
292.777
397.458
291.205
230.707
215.186
227.152
250.958
276.255
292.749
398.51
291.671
230.885
215.247
227.214
251.016
276.326
292.86
399.245
291.856
230.983
215.345
227.32
251.116
276.455
293.074
399.517
291.631
230.886
215.365
227.339
251.127
276.516
293.245
1
1
0.999927
0.978434
0.994201
1.00954
1.00961
1.00202
1
1
0.999909
0.978486
0.994243
1.00953
1.00955
1.00201
1
1
0.999946
0.978554
0.994239
1.00952
1.0095
1.00201
1
1
0.999967
0.978581
0.994247
1.00953
1.00949
1.00202
1
1
0.999948
0.97841
0.994236
1.00958
1.00957
1.00204
1
1
0.999911
0.978161
0.994236
1.00964
1.00968
1.00207
1
1
0.999931
0.977931
0.99418
1.0097
1.0098
1.00209
1
1
1.00001
1.00001
1.00026
1.0005
1.00028
1.00012
1
1
1.00002
1.00002
1.00026
1.0005
1.00028
1.00012
1
1
1.00002
1.00002
1.00025
1.00049
1.00028
1.00012
1
1
1.00002
1.00002
1.00025
1.00049
1.00028
1.00012
1
1
1.00002
1.00002
1.00025
1.0005
1.00028
1.00012
1
1
1.00002
1.00002
1.00026
1.0005
1.00028
1.00012
1
1
1.00001
1.00001
1.00026
1.00051
1.00029
1.00012
1
1
1.00005
1.0001
1
1
1
1
1
1
1.00005
1.0001
1
1
1
1
1
1
1.00005
1.00009
1
1
1
1
1
1
1.00005
1.00009
1
1
1
1
1
1
1.00005
1.00009
1
1
1
1
1
1
1.00005
1.0001
1
1
1
1
1
1
1.00005
1.0001
1
1
1
1
1
1
1
1
1
1
1
1
1
1
1
1
1
1
1
1
1
1
1
1
1
1
1
1
1
1
1
1
1
1
1
1
1
1
1
1
1
1
1
1
1
1
1
1
1
1
1
1
1
1
1
1
1
1
1
1
1
1
1
1
1
1
1
1
1
1
1
1
1
1
1
1
1
1
1
1
1
1
1
1
1
1
1
1
1
1
1
1
1
1
1
1
1
1
1
1
1
1
1
1
1
1
1
1
1
1
1
1
1
1
1
1
1
1
1
1
1
1
1
1
1
1
1
1
1
1
1
1
1
1
1
1
1
1
1
1
1
1
1
1
1
1
1
1
1
1
1
1
1
1
1
1
1
1
1
1
1
1
1
1
1
1
1
1
1
1
1
1
1
1
1
1
1
1
1
1
1
1
1
1
1
1
1
1
1
1
1
1
1
1
1
1
1
1
1
1
1
1
1
1
1
1
1
1
1
1
1
1
1
1
1
1
1
1
1
1
1
1
1
1
1
1
1
1
999.997
999.997
999.997
999.997
999.997
999.997
999.997
999.997
999.997
999.997
999.997
999.997
999.997
999.997
999.997
999.997
999.997
999.997
999.997
999.997
999.997
999.997
999.997
999.997
999.997
999.997
999.997
999.997
999.997
999.997
999.997
999.997
999.997
999.997
999.997
999.997
999.997
999.997
999.997
999.997
999.997
999.997
999.997
999.997
999.997
999.997
999.997
999.997
999.997
999.997
999.997
999.997
999.997
999.997
999.997
999.997
923.246
925.264
927.646
928.093
927.435
925.843
922.951
919.671
923.358
925.376
927.746
928.186
927.528
925.939
923.061
919.802
923.475
925.488
927.838
928.272
927.616
926.036
923.175
919.94
923.532
925.543
927.884
928.314
927.66
926.083
923.23
920.004
923.481
925.494
927.844
928.279
927.625
926.045
923.185
919.95
923.365
925.385
927.755
928.197
927.54
925.954
923.078
919.82
923.254
925.277
927.663
928.112
927.454
925.863
922.973
919.693
298.095
299.38
300.157
301.151
302.669
305.072
308.673
312.989
297.879
299.154
299.933
300.932
302.452
304.851
308.437
312.728
297.643
298.911
299.696
300.698
302.217
304.609
308.175
312.437
297.528
298.793
299.581
300.586
302.105
304.493
308.051
312.301
297.612
298.886
299.676
300.682
302.203
304.595
308.162
312.423
297.812
299.099
299.888
300.894
302.419
304.821
308.407
312.697
297.992
299.294
300.085
301.092
302.62
305.029
308.632
312.947
0.997805
0.998858
1.00278
1.00727
1.01152
1.01543
1.02036
1.02903
0.99785
0.99892
1.00282
1.00727
1.01148
1.01534
1.02021
1.02882
0.997901
0.998996
1.00289
1.00731
1.01147
1.01528
1.02008
1.02861
0.997921
0.999026
1.00292
1.00732
1.01146
1.01525
1.02002
1.02852
0.9979
0.998991
1.00289
1.0073
1.01146
1.01526
1.02007
1.02859
0.997851
0.998915
1.00281
1.00726
1.01146
1.01531
1.02017
1.02877
0.997802
0.998842
1.00275
1.00722
1.01147
1.01536
1.02028
1.02894
1.00012
1.00018
1.00028
1.00038
1.00047
1.00053
1.00053
1.0005
1.00012
1.00018
1.00027
1.00038
1.00047
1.00053
1.00053
1.00049
1.00012
1.00018
1.00027
1.00038
1.00046
1.00053
1.00052
1.00049
1.00012
1.00018
1.00027
1.00037
1.00046
1.00052
1.00052
1.00049
1.00012
1.00018
1.00027
1.00037
1.00046
1.00052
1.00052
1.00049
1.00012
1.00018
1.00027
1.00038
1.00047
1.00053
1.00053
1.00049
1.00012
1.00018
1.00027
1.00038
1.00047
1.00053
1.00053
1.0005
1
1
1
1.00001
1.00001
1.00001
1.00001
1.00001
1
1
1
1.00001
1.00001
1.00001
1.00001
1.00001
1
1
1
1.00001
1.00001
1.00001
1.00001
1.00001
1
1
1
1.00001
1.00001
1.00001
1.00001
1.00001
1
1
1
1.00001
1.00001
1.00001
1.00001
1.00001
1
1
1
1.00001
1.00001
1.00001
1.00001
1.00001
1
1
1
1.00001
1.00001
1.00001
1.00001
1.00001
1
1
1
1
1
1
1
1
1
1
1
1
1
1
1
1
1
1
1
1
1
1
1
1
1
1
1
1
1
1
1
1
1
1
1
1
1
1
1
1
1
1
1
1
1
1
1
1
1
1
1
1
1
1
1
1
1
1
1
1
1
1
1
1
1
1
1
1
1
1
1
1
1
1
1
1
1
1
1
1
1
1
1
1
1
1
1
1
1
1
1
1
1
1
1
1
1
1
1
1
1
1
1
1
1
1
1
1
1
1
1
1
1
1
1
1
1
1
1
1
1
1
1
1
1
1
1
1
1
1
1
1
1
1
1
1
1
1
1
1
1
1
1
1
1
1
1
1
1
1
1
1
1
1
1
1
1
1
1
1
1
1
1
1
1
1
1
1
1
1
1
1
1
1
1
1
1
1
1
1
1
1
1
1
1
1
1
1
1
1
1
1
1
1
1
1
1
1
1
1
1
1
1
1
1
1
1
1
1
1
1
1
1
1
1
1
1
1
1
1
1
1
1
1
999.997
999.997
999.997
999.997
999.997
999.997
999.997
999.997
999.997
999.997
999.997
999.997
999.997
999.997
999.997
999.997
999.997
999.997
999.997
999.997
999.997
999.997
999.997
999.997
999.997
999.997
999.997
999.997
999.997
999.997
999.997
999.997
999.997
999.997
999.997
999.997
999.997
999.997
999.997
999.997
999.997
999.997
999.997
999.997
999.997
999.997
999.997
999.997
999.997
999.997
999.997
999.997
999.997
999.997
999.997
999.997
923.241
925.264
927.651
928.098
927.439
925.846
922.952
919.668
923.353
925.378
927.754
928.194
927.535
925.945
923.063
919.8
923.471
925.491
927.848
928.281
927.626
926.042
923.178
919.939
923.527
925.546
927.894
928.324
927.669
926.089
923.232
920.002
923.474
925.496
927.854
928.289
927.634
926.051
923.186
919.947
923.358
925.387
927.764
928.206
927.549
925.959
923.079
919.817
923.247
925.277
927.67
928.119
927.461
925.867
922.973
919.69
298.28
299.528
300.273
301.243
302.743
305.134
308.73
313.047
298.146
299.367
300.101
301.065
302.558
304.941
308.52
312.812
297.973
299.174
299.902
300.861
302.348
304.719
308.278
312.542
297.897
299.085
299.81
300.766
302.25
304.617
308.166
312.418
298.003
299.195
299.918
300.873
302.357
304.728
308.286
312.551
298.215
299.417
300.138
301.092
302.58
304.96
308.538
312.831
298.382
299.602
300.328
301.285
302.778
305.166
308.762
313.08
0.997809
0.998877
1.00282
1.00732
1.01159
1.0155
1.02046
1.02917
0.997857
0.99895
1.00288
1.00735
1.01158
1.01545
1.02036
1.02903
0.997911
0.999036
1.00297
1.00741
1.0116
1.01542
1.02027
1.02888
0.997932
0.999072
1.003
1.00744
1.01161
1.01542
1.02024
1.02882
0.997911
0.99904
1.00298
1.00742
1.01161
1.01544
1.0203
1.02892
0.997862
0.998967
1.00291
1.00739
1.01162
1.0155
1.02041
1.0291
0.997812
0.998892
1.00284
1.00735
1.01163
1.01555
1.02052
1.02927
1.00012
1.00018
1.00028
1.00038
1.00047
1.00054
1.00054
1.0005
1.00012
1.00018
1.00028
1.00038
1.00047
1.00054
1.00053
1.0005
1.00012
1.00018
1.00028
1.00038
1.00047
1.00053
1.00053
1.00049
1.00012
1.00018
1.00028
1.00038
1.00047
1.00053
1.00053
1.00049
1.00012
1.00018
1.00028
1.00038
1.00047
1.00053
1.00053
1.0005
1.00012
1.00018
1.00028
1.00038
1.00047
1.00054
1.00054
1.0005
1.00012
1.00018
1.00028
1.00039
1.00048
1.00054
1.00054
1.0005
1
1
1
1.00001
1.00001
1.00001
1.00001
1.00001
1
1
1
1.00001
1.00001
1.00001
1.00001
1.00001
1
1
1
1.00001
1.00001
1.00001
1.00001
1.00001
1
1
1
1.00001
1.00001
1.00001
1.00001
1.00001
1
1
1
1.00001
1.00001
1.00001
1.00001
1.00001
1
1
1
1.00001
1.00001
1.00001
1.00001
1.00001
1
1
1
1.00001
1.00001
1.00001
1.00001
1.00001
1
1
1
1
1
1
1
1
1
1
1
1
1
1
1
1
1
1
1
1
1
1
1
1
1
1
1
1
1
1
1
1
1
1
1
1
1
1
1
1
1
1
1
1
1
1
1
1
1
1
1
1
1
1
1
1
1
1
1
1
1
1
1
1
1
1
1
1
1
1
1
1
1
1
1
1
1
1
1
1
1
1
1
1
1
1
1
1
1
1
1
1
1
1
1
1
1
1
1
1
1
1
1
1
1
1
1
1
1
1
1
1
1
1
1
1
1
1
1
1
1
1
1
1
1
1
1
1
1
1
1
1
1
1
1
1
1
1
1
1
1
1
1
1
1
1
1
1
1
1
1
1
1
1
1
1
1
1
1
1
1
1
1
1
1
1
1
1
1
1
1
1
1
1
1
1
1
1
1
1
1
1
1
1
1
1
1
1
1
1
1
1
1
1
1
1
1
1
1
1
1
1
1
1
1
1
1
1
1
1
1
1
1
1
1
1
1
1
1
1
1
1
1
1
999.997
999.997
999.997
999.997
999.997
999.997
999.997
999.997
999.997
999.997
999.997
999.997
999.997
999.997
999.997
999.997
999.997
999.997
999.997
999.997
999.997
999.997
999.997
999.997
999.997
999.997
999.997
999.997
999.997
999.997
999.997
999.997
999.997
999.997
999.997
999.997
999.997
999.997
999.997
999.997
999.997
999.997
999.997
999.997
999.997
999.997
999.997
999.997
999.997
999.997
999.997
999.997
999.997
999.997
999.997
999.997
923.246
925.275
927.669
928.118
927.459
925.865
922.971
919.688
923.358
925.385
927.761
928.203
927.546
925.956
923.075
919.814
923.477
925.496
927.853
928.288
927.633
926.05
923.187
919.948
923.529
925.546
927.892
928.323
927.669
926.089
923.233
920.006
923.48
925.497
927.852
928.287
927.633
926.052
923.19
919.953
923.362
925.384
927.756
928.197
927.54
925.952
923.073
919.814
923.249
925.275
927.665
928.115
927.455
925.862
922.969
919.69
298.368
299.593
300.322
301.281
302.775
305.165
308.761
313.08
298.17
299.383
300.113
301.074
302.567
304.95
308.53
312.823
297.925
299.135
299.872
300.838
302.331
304.707
308.268
312.532
297.794
299.004
299.747
300.718
302.213
304.587
308.139
312.391
297.845
299.07
299.82
300.795
302.295
304.674
308.236
312.501
298.002
299.248
300.005
300.986
302.494
304.886
308.468
312.759
298.13
299.4
300.166
301.155
302.672
305.077
308.679
312.995
0.997811
0.998888
1.00284
1.00735
1.01162
1.01554
1.02051
1.02926
0.997859
0.998959
1.0029
1.00737
1.0116
1.01548
1.02039
1.02907
0.997908
0.999031
1.00296
1.0074
1.01159
1.01541
1.02026
1.02887
0.997929
0.999062
1.00298
1.00741
1.01157
1.01538
1.02019
1.02875
0.997908
0.999024
1.00294
1.00738
1.01155
1.01538
1.02021
1.0288
0.997861
0.998948
1.00287
1.00733
1.01155
1.01541
1.0203
1.02894
0.997804
0.998859
1.00278
1.00727
1.01152
1.01542
1.02037
1.02906
1.00012
1.00018
1.00028
1.00039
1.00048
1.00054
1.00054
1.0005
1.00012
1.00018
1.00028
1.00038
1.00047
1.00054
1.00054
1.0005
1.00012
1.00018
1.00028
1.00038
1.00047
1.00053
1.00053
1.00049
1.00012
1.00018
1.00028
1.00038
1.00047
1.00053
1.00053
1.00049
1.00012
1.00018
1.00028
1.00038
1.00047
1.00053
1.00053
1.00049
1.00012
1.00018
1.00028
1.00038
1.00047
1.00053
1.00053
1.0005
1.00012
1.00018
1.00028
1.00038
1.00047
1.00054
1.00054
1.0005
1
1
1
1.00001
1.00001
1.00001
1.00001
1.00001
1
1
1
1.00001
1.00001
1.00001
1.00001
1.00001
1
1
1
1.00001
1.00001
1.00001
1.00001
1.00001
1
1
1
1.00001
1.00001
1.00001
1.00001
1.00001
1
1
1
1.00001
1.00001
1.00001
1.00001
1.00001
1
1
1
1.00001
1.00001
1.00001
1.00001
1.00001
1
1
1
1.00001
1.00001
1.00001
1.00001
1.00001
1
1
1
1
1
1
1
1
1
1
1
1
1
1
1
1
1
1
1
1
1
1
1
1
1
1
1
1
1
1
1
1
1
1
1
1
1
1
1
1
1
1
1
1
1
1
1
1
1
1
1
1
1
1
1
1
1
1
1
1
1
1
1
1
1
1
1
1
1
1
1
1
1
1
1
1
1
1
1
1
1
1
1
1
1
1
1
1
1
1
1
1
1
1
1
1
1
1
1
1
1
1
1
1
1
1
1
1
1
1
1
1
1
1
1
1
1
1
1
1
1
1
1
1
1
1
1
1
1
1
1
1
1
1
1
1
1
1
1
1
1
1
1
1
1
1
1
1
1
1
1
1
1
1
1
1
1
1
1
1
1
1
1
1
1
1
1
1
1
1
1
1
1
1
1
1
1
1
1
1
1
1
1
1
1
1
1
1
1
1
1
1
1
1
1
1
1
1
1
1
1
1
1
1
1
1
1
1
1
1
1
1
1
1
1
1
1
1
1
1
1
1
1
1
999.997
999.997
999.997
999.997
999.997
999.997
999.997
999.997
999.997
999.997
999.997
999.997
999.997
999.997
999.997
999.997
999.997
999.997
999.997
999.997
999.997
999.997
999.997
999.997
999.997
999.997
999.997
999.997
999.997
999.997
999.997
999.997
999.997
999.997
999.997
999.997
999.997
999.997
999.997
999.997
999.997
999.997
999.997
999.997
999.997
999.997
999.997
999.997
999.997
999.997
999.997
999.997
999.997
999.997
999.997
999.997
923.253
925.275
927.662
928.111
927.453
925.861
922.971
919.69
923.362
925.383
927.755
928.197
927.54
925.953
923.075
919.815
923.478
925.494
927.847
928.282
927.627
926.047
923.185
919.948
923.528
925.542
927.886
928.317
927.664
926.086
923.231
920.003
923.476
925.493
927.847
928.284
927.629
926.049
923.187
919.949
923.358
925.381
927.754
928.196
927.539
925.95
923.071
919.81
923.247
925.275
927.668
928.117
927.457
925.862
922.968
919.686
298.009
299.308
300.097
301.102
302.628
305.038
308.641
312.957
297.858
299.136
299.918
300.919
302.441
304.841
308.427
312.718
297.681
298.941
299.719
300.716
302.232
304.622
308.187
312.45
297.615
298.862
299.635
300.629
302.141
304.525
308.081
312.332
297.742
298.987
299.754
300.743
302.252
304.638
308.202
312.466
297.995
299.242
299.999
300.981
302.489
304.881
308.463
312.754
298.216
299.47
300.221
301.198
302.706
305.105
308.704
313.021
0.997802
0.998842
1.00275
1.00723
1.01147
1.01537
1.02029
1.02895
0.997851
0.998918
1.00282
1.00727
1.01147
1.01533
1.02019
1.0288
0.9979
0.998997
1.0029
1.00731
1.01148
1.01529
1.0201
1.02864
0.997922
0.999034
1.00294
1.00734
1.01149
1.01528
1.02007
1.02858
0.997901
0.999004
1.00291
1.00733
1.0115
1.01531
1.02013
1.02869
0.997855
0.998939
1.00286
1.00732
1.01153
1.01539
1.02028
1.02891
0.997803
0.998864
1.00279
1.00728
1.01154
1.01545
1.0204
1.02911
1.00012
1.00018
1.00027
1.00038
1.00047
1.00053
1.00053
1.0005
1.00012
1.00018
1.00027
1.00038
1.00047
1.00053
1.00053
1.00049
1.00012
1.00018
1.00027
1.00038
1.00046
1.00053
1.00052
1.00049
1.00012
1.00018
1.00027
1.00038
1.00046
1.00052
1.00052
1.00049
1.00012
1.00018
1.00027
1.00038
1.00047
1.00053
1.00053
1.00049
1.00012
1.00018
1.00028
1.00038
1.00047
1.00053
1.00053
1.0005
1.00012
1.00018
1.00028
1.00038
1.00047
1.00054
1.00054
1.0005
1
1
1
1.00001
1.00001
1.00001
1.00001
1.00001
1
1
1
1.00001
1.00001
1.00001
1.00001
1.00001
1
1
1
1.00001
1.00001
1.00001
1.00001
1.00001
1
1
1
1.00001
1.00001
1.00001
1.00001
1.00001
1
1
1
1.00001
1.00001
1.00001
1.00001
1.00001
1
1
1
1.00001
1.00001
1.00001
1.00001
1.00001
1
1
1
1.00001
1.00001
1.00001
1.00001
1.00001
1
1
1
1
1
1
1
1
1
1
1
1
1
1
1
1
1
1
1
1
1
1
1
1
1
1
1
1
1
1
1
1
1
1
1
1
1
1
1
1
1
1
1
1
1
1
1
1
1
1
1
1
1
1
1
1
1
1
1
1
1
1
1
1
1
1
1
1
1
1
1
1
1
1
1
1
1
1
1
1
1
1
1
1
1
1
1
1
1
1
1
1
1
1
1
1
1
1
1
1
1
1
1
1
1
1
1
1
1
1
1
1
1
1
1
1
1
1
1
1
1
1
1
1
1
1
1
1
1
1
1
1
1
1
1
1
1
1
1
1
1
1
1
1
1
1
1
1
1
1
1
1
1
1
1
1
1
1
1
1
1
1
1
1
1
1
1
1
1
1
1
1
1
1
1
1
1
1
1
1
1
1
1
1
1
1
1
1
1
1
1
1
1
1
1
1
1
1
1
1
1
1
1
1
1
1
1
1
1
1
1
1
1
1
1
1
1
1
1
1
1
1
1
1
)
;

boundaryField
{
    base
    {
        type            calculated;
        value           nonuniform 0();
    }
    outlet
    {
        type            calculated;
        value           nonuniform List<scalar> 
749
(
1
1
1
1
1
1
1
1
1
1
1
1
1
1
1
1
1
1
1
1
1
1
1
1
1
1
1
1
1
1
1
1
1
1
1
1
1
1
1
1
1
1
1
1
1
1
1
1
1
1
1
1
1
1
1
1
1
1
1
1
1
1
1
1
1
1
1
1
1
1
1
1
1
1
1
1
1
1
1
1
1
1
1
1
1
1
1
1
1
1
1
1
1
1
1
1
1
1
1
1
1
1
1
1
1
1
1
1
1
1
1
1
1
1
1
1
1
1
1
1
1
1
1
1
1
1
1
1
1
1
1
1
1
1
1
1
1
1
1
1
1
1
1
1
1
1
1
1
1
1
1
1
1
1
1
1
1
1
1
1
1
1
1
1
1
1
1
1
1
1
1
1
1
1
1
1
1
1
1
1
1
1
1
1
1
1
1
1
1
1
1
1
1
1
1
1
1
1
1
1
1
1
1
1
1
1
1
1
1
1
1
1
1
1
1
1
1
1
1
1
1
1
1
1
1
1
1
1
1
1
1
1
1
1
1
1
1
1
1
1
1
1
1
1
1
1
1
1
1
1
1
1
1
1
1
1
1
1
1
1
1
1
1
1
1
1
1
1
1
1
1
1
1
1
1
1
1
1
1
1
1
1
1
1
1
1
1
1
1
1
1
1
1
1
1
1
1
1
1
1
1
1
1
1
1
1
1
1
1
1
1
1
1
1
1
1
1
1
1
1
1
1
1
1
1
1
1
1
1
1
1
1
1
1
1
1
1
1
1
1
1
1
1
1
1
1
1
1
1
1
1
1
1
1
1
1
1
1
1
1
1
1
1
1
1
1
1
1
1
1
1
1
1
1
1
1
1
1
1
1
1
1
1
1
1
1
1
1
1
1
1
1
1
1
1
1
1
1
1
1
1
1
1
1
1
1
1
1
1
1
1
1
1
1
1
1
1
1
1
1
1
1
1
1
1
1
1
1
1
1
1
1
1
1
1
1
1
1
1
1
1
1
1
1
1
1
1
1
1
1
1
1
1
1
1
1
1
1
1
1
1
1
1
1
1
1
1
1
1
1
1
1
1
1
1
1
1
1
1
1
1
1
1
1
1
1
1
1
1
1
1
1
1
1
1
1
1
1
1
1
1
1
1
1
1
1
1
1
1
1
1
1
1
1
1
1
1
1
1
1
1
1
1
1
1
1
1
1
1
1
1
1
1
1
1
1
1
1
1
1
1
1
1
1
1
1
1
1
1
1
1
1
1
1
1
1
1
1
1
1
1
1
1
1
1
1
1
1
1
1
1
1
1
1
1
1
1
1
1
1
1
1
1
1
1
1
1
1
1
1
1
1
1
1
1
1
1
1
1
1
1
1
1
1
1
1
1
1
1
1
1
1
1
1
1
1
1
1
1
1
1
1
1
1
1
1
1
1
1
1
1
1
1
1
1
1
1
1
1
1
1
1
1
1
1
1
1
1
1
1
1
1
1
1
1
1
1
1
1
1
1
1
1
1
1
1
1
1
1
1
1
1
1
1
1
1
1
1
1
1
1
1
1
1
1
1
1
1
1
1
1
1
1
1
1
1
1
1
1
1
1
1
1
1
1
1
1
1
1
1
1
1
1
1
1
1
1
1
1
1
1
1
1
1
1
1
1
1
1
1
1
1
1
1
1
1
1
1
1
1
1
1
1
1
1
1
1
1
1
)
;
    }
    walls
    {
        type            calculated;
        value           nonuniform List<scalar> 
816
(
1000
1000
1000
1000
1000
1000
1000
1000
1000
1000
1000
1000
1000
1000
1000
1000
1000
1000
1000
1000
1000
1000
1000
1000
1000
1000
1000
1000
1000
1000
1000
1000
1000
1000
1000
1000
1000
1000
1000
1000
1000
1000
1000
1000
1000
1000
1000
1000
1000
1000
1000
1000
1000
1000
1000
1000
1000
1000
1000
1000
1000
1000
1000
1000
1000
1000
1000
1000
1000
1000
1000
1000
1000
1000
1000
1000
1000
1000
1000
1000
1000
1000
1000
1000
1000
1000
1000
1000
1000
1000
1000
1000
1000
1000
1000
1000
1000
1000
1000
1000
1000
1000
1000
1000
1000
1000
1000
1000
1000
1000
1000
1000
1000
1000
1000
1000
1000
1000
1000
1000
1000
1000
1000
1000
1000
1000
1000
1000
1000
1000
1000
1000
1000
1000
1000
1000
1000
1000
1000
1000
1000
1000
1000
1000
1000
1000
1000
1000
1000
1000
1000
1000
1000
1000
1000
1000
1000
1000
1000
1000
1000
1000
1000
1000
1000
1000
1000
1000
1000
1000
1000
1000
1000
1000
1000
1000
1000
1000
1000
1000
1000
1000
1000
1000
1000
1000
1000
1000
1000
1000
1000
1000
1000
1000
1000
1000
1000
1000
1000
1000
1000
1000
1000
1000
1000
1000
1000
1000
1000
1000
1000
1000
1000
1000
1000
1000
1000
1000
1000
1000
1000
1000
1000
1000
1000
1000
1000
1000
1000
1000
1000
1000
1000
1000
1000
1000
1000
1000
1000
1000
1000
1000
1000
1000
1000
1000
1000
1000
1000
1000
1000
1000
1000
1000
1000
1000
1000
1000
1000
1000
1000
1000
1000
1000
1000
1000
1000
1000
1000
1000
1000
1000
1000
1000
1000
1000
1000
1000
1000
1000
1000
1000
1000
1000
1000
1000
1000
1000
1000
1000
1000
1000
1000
1000
1000
1000
1000
1000
1000
1000
1000
1000
1000
1000
1000
1000
1000
1000
1000
1000
1000
1000
1000
1000
1000
1000
1000
1000
1000
1000
1000
1000
1000
1000
1000
1000
1000
1000
1000
1000
1000
1000
1000
1000
1000
1000
1000
1000
1000
1000
1000
1000
1000
1000
1000
1000
1000
1000
1000
1000
1000
1000
1000
1000
1000
1000
1000
1000
1000
1000
1000
1000
1000
1000
1000
1000
1000
1000
1000
1000
1000
1000
1000
1000
1000
1000
1000
1000
1000
1000
1000
1000
1000
1000
1000
1000
1000
1000
1000
1000
1000
1000
1000
1000
1000
1000
1000
1000
1000
1000
1000
1000
1000
1000
1000
1000
1000
1000
1000
1000
1000
1000
1000
1000
1000
1000
1000
1000
1000
1000
1000
1000
1000
1000
1000
1000
1000
1000
1000
1000
1000
1000
1000
1000
1000
1000
1000
1000
1000
1000
1000
1000
1000
1000
1000
1000
1000
1000
1000
1000
1000
1000
1000
1000
1000
1000
1000
1000
1000
1000
1000
1000
1000
1000
1000
1000
1000
1000
1000
1000
1000
1000
1000
1000
1000
1000
1000
1000
1000
1000
1000
1000
1000
1000
1000
1000
1000
1000
1000
1000
1000
1000
1000
1000
1000
1000
1000
1000
1000
1000
1000
1000
1000
1000
1000
1000
1000
1000
1000
1000
1000
1000
1000
1000
1000
1000
1000
1000
1000
1000
1000
1000
1000
1000
1000
1000
1000
1000
1000
1000
1000
1000
1000
1000
1000
1000
999.997
999.997
999.997
999.997
999.997
999.997
999.997
919.671
919.802
919.94
920.004
919.95
919.82
919.693
312.989
312.728
312.437
312.301
312.423
312.697
312.947
1.02903
1.02882
1.02861
1.02852
1.02859
1.02877
1.02894
1.0005
1.00049
1.00049
1.00049
1.00049
1.00049
1.0005
1.00001
1.00001
1.00001
1.00001
1.00001
1.00001
1.00001
1
1
1
1
1
1
1
1
1
1
1
1
1
1
1
1
1
1
1
1
1
1
1
1
1
1
1
1
999.997
999.997
999.997
999.997
999.997
999.997
999.997
919.668
919.8
919.939
920.002
919.947
919.817
919.69
313.047
312.812
312.542
312.418
312.551
312.831
313.08
1.02917
1.02903
1.02888
1.02882
1.02892
1.0291
1.02927
1.0005
1.0005
1.00049
1.00049
1.0005
1.0005
1.0005
1.00001
1.00001
1.00001
1.00001
1.00001
1.00001
1.00001
1
1
1
1
1
1
1
1
1
1
1
1
1
1
1
1
1
1
1
1
1
1
1
1
1
1
1
1
999.997
999.997
999.997
999.997
999.997
999.997
999.997
919.688
919.814
919.948
920.006
919.953
919.814
919.69
313.08
312.823
312.532
312.391
312.501
312.759
312.995
1.02926
1.02907
1.02887
1.02875
1.0288
1.02894
1.02906
1.0005
1.0005
1.00049
1.00049
1.00049
1.0005
1.0005
1.00001
1.00001
1.00001
1.00001
1.00001
1.00001
1.00001
1
1
1
1
1
1
1
1
1
1
1
1
1
1
1
1
1
1
1
1
1
1
1
1
1
1
1
1
999.997
999.997
999.997
999.997
999.997
999.997
999.997
919.69
919.815
919.948
920.003
919.949
919.81
919.686
312.957
312.718
312.45
312.332
312.466
312.754
313.021
1.02895
1.0288
1.02864
1.02858
1.02869
1.02891
1.02911
1.0005
1.00049
1.00049
1.00049
1.00049
1.0005
1.0005
1.00001
1.00001
1.00001
1.00001
1.00001
1.00001
1.00001
1
1
1
1
1
1
1
1
1
1
1
1
1
1
1
1
1
1
1
1
1
1
1
1
1
1
1
1
)
;
    }
    inlet
    {
        type            calculated;
        value           nonuniform 0();
    }
    procBoundary3to2
    {
        type            processor;
        value           nonuniform List<scalar> 
729
(
971.546
979.046
926.61
996.874
852.282
526.65
531.846
966.053
619.244
590.488
903.866
974.722
550.752
527.148
845.954
359.254
366.092
937.945
983.875
540.541
508.587
840.39
629.851
608.007
930.01
952.058
525.611
506.491
989.189
915.911
911.724
964.961
796.47
485.724
504.151
914.244
979.066
995.435
862.814
522.615
483.607
501.287
489.471
502.936
737.918
615.872
485.894
484.989
641.018
836.67
999.347
999.982
1000
1000
1000
1000
1000
891.302
999.927
999.997
1000
1000
1000
1000
1000
882.664
999.938
999.997
1000
1000
1000
1000
1000
847.505
999.912
999.996
1000
1000
1000
1000
1000
818.888
999.874
999.994
1000
1000
1000
1000
1000
880.26
999.921
999.997
1000
1000
1000
1000
1000
981.293
999.987
1000
1000
1000
1000
1000
1000
489.6
501.756
794.616
999.207
999.994
1000
1000
1000
733.616
506.06
561.483
954.13
999.976
999.999
1000
1000
961.705
595.9
503.884
928.671
999.991
1000
1000
1000
997.823
681.744
485.64
966.93
1000
1000
1000
1000
994.333
600.716
439.977
931.595
999.997
1000
1000
1000
993.231
575.46
430.318
821.009
999.544
999.997
1000
1000
748.33
423.826
423.799
478.485
917.81
999.912
999.998
1000
456.817
424.063
421.754
445.929
884.681
999.893
999.999
1000
950.363
425.07
456.068
789.194
994.18
999.993
1000
1000
981.07
498.786
791.766
997.531
999.989
999.999
1000
1000
789.571
476.583
839.875
999.993
999.999
1000
1000
1000
572.738
476.583
832.42
1000.01
1000
1000
1000
1000
527.265
606.509
950.279
999.984
1000
1000
1000
1000
779.442
936.344
998.498
999.999
1000
1000
1000
1000
959.135
999.992
1000
1000
1000
1000
1000
1000
735.514
995.579
999.997
1000
1000
1000
1000
1000
626.335
975.104
999.987
1000
1000
1000
1000
1000
630.391
980.139
999.99
1000
1000
1000
1000
1000
629.841
963.305
999.947
999.998
1000
1000
1000
1000
521.453
739.917
979.281
999.972
999.999
1000
1000
1000
491.305
516.951
850.594
999.794
999.995
1000
1000
1000
1000
1000
1000
1000
1000
1000
1000
1000
1000
1000
1000
1000
1000
1000
1000
1000
1000
1000
1000
1000
1000
1000
1000
1000
1000
1000
1000
1000
1000
1000
1000
1000
1000
1000
1000
1000
1000
1000
1000
1000
1000
1000
1000
1000
1000
1000
1000
1000
1000
1000
1000
1000
1000
1000
1000
1000
1000
1000
1000
1000
1000
1000
1000
1000
1000
1000
1000
1000
1000
1000
1000
1000
1000
1000
1000
1000
1000
1000
1000
1000
1000
1000
1000
1000
1000
1000
1000
1000
1000
1000
1000
1000
1000
1000
1000
1000
1000
1000
1000
1000
1000
1000
1000
1000
1000
1000
1000
1000
1000
1000
1000
1000
1000
1000
1000
1000
1000
1000
1000
1000
1000
1000
1000
1000
1000
1000
1000
1000
1000
1000
1000
1000
1000
1000
1000
1000
1000
1000
1000
1000
1000
1000
1000
1000
1000
1000
1000
1000
1000
1000
1000
1000
1000
1000
1000
1000
1000
1000
1000
1000
1000
1000
1000
1000
1000
1000
1000
1000
1000
1000
1000
1000
1000
1000
1000
1000
1000
1000
1000
1000
1000
1000
1000
1000
1000
1000
1000
1000
1000
1000
1000
1000
1000
1000
1000
1000
1000
1000
1000
1000
1000
1000
1000
1000
1000
1000
1000
1000
1000
1000
1000
1000
1000
1000
1000
1000
1000
1000
1000
1000
1000
1000
1000
1000
1000
1000
1000
1000
1000
1000
1000
1000
1000
1000
1000
1000
1000
1000
1000
1000
1000
1000
1000
1000
1000
1000
1000
1000
1000
1000
1000
1000
1000
1000
1000
1000
1000
1000
1000
1000
1000
1000
1000
1000
1000
1000
1000
1000
1000
1000
1000
1000
1000
1000
1000
1000
1000
1000
1000
1000
1000
1000
1000
1000
1000
1000
1000
1000
1000
1000
1000
1000
1000
1000
1000
1000
1000
1000
1000
1000
1000
1000
1000
1000
1000
1000
1000
1000
1000
1000
1000
1000
1000
1000
1000
1000
1000
1000
1000
1000
1000
1000
1000
1000
1000
1000
1000
1000
1000
1000
1000
1000
1000
1000
1000
1000
1000
1000
1000
1000
1000
1000
1000
1000
1000
1000
1000
1000
1000
1000
1000
1000
1000
1000
1000
1000
1000
1000
1000
1000
1000
1000
1000
1000
1000
1000
1000
1000
1000
1000
1000
1000
1000
1000
1000
1000
1000
1000
1000
1000
1000
1000
1000
1000
1000
1000
1000
1000
1000
1000
1000
1000
1000
1000
1000
1000
1000
1000
1000
1000
1000
1000
1000
1000
1000
1000
1000
1000
1000
1000
1000
1000
1000
1000
1000
1000
1000
1000
1000
1000
1000
1000
1000
1000
1000
1000
1000
1000
1000
1000
1000
1000
1000
1000
1000
1000
1000
1000
1000
1000
1000
1000
1000
1000
1000
1000
1000
1000
1000
1000
1000
1000
1000
1000
1000
1000
)
;
    }
}


// ************************************************************************* //
