/*--------------------------------*- C++ -*----------------------------------*\
| =========                 |                                                 |
| \\      /  F ield         | OpenFOAM: The Open Source CFD Toolbox           |
|  \\    /   O peration     | Version:  plus.master.MPPICInterFoam            |
|   \\  /    A nd           | Web:      www.OpenFOAM.com                      |
|    \\/     M anipulation  |                                                 |
\*---------------------------------------------------------------------------*/
FoamFile
{
    version     2.0;
    format      ascii;
    class       volScalarField;
    location    "10.2";
    object      rho;
}
// * * * * * * * * * * * * * * * * * * * * * * * * * * * * * * * * * * * * * //

dimensions      [1 -3 0 0 0 0 0];

internalField   nonuniform List<scalar> 
11821
(
1000
1000
1000
1000
1000
994.226
1000
979.507
234.578
503.893
547.671
370.826
301.693
1000
999.821
338.725
31.0992
82.0928
38.9929
528.761
1000
1000
545.847
82.2958
1
86.01
590.167
1000
1000
416.906
32.4733
68.7664
46.165
574.047
1000
992.569
235.648
444.883
518.713
286.747
339.084
1000
1000
1000
1000
1000
997.735
984.239
1000
1000
1000
1000
1000
1000
1000
1000
999.971
895.759
971.485
915.407
938.598
965.082
1000
1000
778.058
251.081
161.02
443.765
1000.01
1000
1000
888.547
148.392
10.8777
277.967
1000
1000
1000
850.754
226.603
106.433
343.155
1000
1000
1000
803.727
894.22
831.573
813.479
992.388
1000
1000
1000
1000
1000
1000
998.76
1000
1000
1000
1000
1000
1000
1000
1000
999.948
1000
979.484
918.056
1000
1000
1000
1000
855.469
349.269
195.4
684.781
1000
1000
1000
878.069
147.34
15.1639
432.527
1000
1000
1000
874.377
282.978
112.33
523.606
1000
1000
1000
958.516
904.383
819.232
930.539
1000
1000
1000
1000
1000
1000
1000
999.72
1000
1000
1000
1000
1000
1000
1000
1000
999.972
1000
964.108
880.264
1000
1000
1000
1000
860.551
340.643
194.797
728.503
1000
1000
1000
787.031
127.056
20.8076
490.722
1000
1000
1000
845.021
255.733
100.494
551.959
1000
1000
1000
991.357
861.514
735.121
954.297
1000
1000
1000
1000
1000
1000
1000
1000
1000
1000
1000
1000
1000
1000
1000
1000
1000
1000
955.092
849.804
1000
1000
1000
1000
854.71
285.647
174.207
767.518
1000
1000
1000
639.042
88.12
34.4736
519.494
1000
1000
1000
794.942
180.89
73.4353
555.282
1000
1000
1000
1000
801.963
630.6
971.332
1000
1000
1000
1000
1000
1000
1000
1000
999.997
1000
1000
1000
1000
1000
1000
1000
1000
1000
1000
1000
1000
1000
1000
1000
1000
1000
1000
1000
1000
1000
1000
1000
1000
1000
1000
1000
1000
1000
1000
1000
1000
1000
1000
1000
1000
1000
1000
1000
1000
1000
1000
1000
1000
1000
1000
1000
1000
1000
1000
1000
1000
1000
1000
1000
1000
1000
1000
1000
1000
1000
1000
1000
1000
1000
1000
1000
1000
1000
1000
1000
1000
1000
1000
1000
1000
1000
1000
1000
1000
1000
1000
1000
1000
1000
1000
1000
1000
1000
1000
1000
1000
1000
1000
1000
1000
1000
1000
1000
1000
1000
1000
1000
1000
1000
1000
1000
1000
1000
1000
1000
1000
1000
1000
1000
1000
1000
1000
1000
1000
1000
1000
1000
1000
1000
1000
1000
1000
1000
1000
1000
1000
1000
1000
1000
1000
1000
1000
1000
1000
1000
1000
1000
1000
1000
1000
1000
1000
1000
1000
1000
1000
1000
1000
1000
1000
1000
1000
1000
1000
1000
1000
1000
1000
1000
1000
1000
999.998
1000
1000
1000
1000
1000
1000
1000
1000
1000
1000
1000
1000
1000
1000
1000
1000
1000
1000
1000
1000
1000
1000
1000
1000
1000
1000
1000
1000
1000
1000
1000
1000
1000
1000
1000
1000
1000
1000
1000
1000
1000
1000
1000
1000
1000
1000
1000
1000
1000
1000
999.994
999.994
1000
999.999
999.998
999.998
1000
1000
1000
1000
1000
1000
1000
1000
1000
1000
1000
1000
1000
1000
1000
1000
1000
1000
1000
1000
1000
1000
1000
1000
1000
1000
1000
1000
1000
1000
1000
1000
1000
1000
1000
1000
1000
1000
1000
1000
1000
1000
999.999
999.999
1000
1000
1000
1000
999.998
1000
999.995
999.987
999.992
1000
1000
1000
1000
1000
999.999
999.999
1000
1000
1000
1000
1000
999.996
999.996
999.997
1000
1000
1000
1000
1000
1000
1000
999.999
999.997
999.997
999.997
999.997
1000
1000
1000
999.999
999.999
999.999
999.997
999.997
1000
1000
1000
999.998
999.995
999.994
999.999
1000
1000
1000
999.999
999.999
1000
1000
999.998
999.991
1000
1000
1000
1000
1000
1000
1000
999.979
1000
1000
1000
1000
1000
1000
1000
1000
1000
999.997
999.998
1000
1000
1000
1000
1000
999.997
999.992
999.996
1000
1000
999.998
999.997
999.999
1000
1000
1000
1000
999.999
999.999
999.998
999.997
1000
1000
1000
1000
999.996
999.994
1000
1000
1000
1000
1000
1000
999.999
999.99
999.989
1000
1000
1000
1000
1000
1000
999.999
999.948
999.921
1000
1000
1000
1000
1000
1000
1000
1000
1000
999.999
1000
1000
1000
1000
1000
1000
999.997
999.992
999.998
1000
1000
999.999
999.999
1000
1000
1000
1000
1000
1000
999.999
999.997
999.997
1000
1000
1000
1000
999.998
999.999
1000
1000
1000
999.999
999.999
1000
999.998
999.997
1000
1000
999.999
999.999
999.999
1000
999.999
999.988
999.988
1000
1000
1000
1000
1000
1000
999.997
999.991
999.994
1000
1000
1000
1000
1000
1000
999.973
999.952
999.998
999.992
1000
1000
1000
1000
1000
999.997
1000
1000
1000
1000
1000
999.999
999.999
1000
1000
1000
1000
1000
1000
1000
1000
999.999
1000
999.999
1000
1000
1000
1000
1000
999.951
999.999
999.999
1000
1000
1000
1000
999.993
999.946
1000
1000
1000
1000
999.999
999.998
999.999
1000
1000
1000
999.981
999.966
999.984
999.999
999.999
999.997
1000
999.995
999.989
999.862
999.871
1000
1000
999.993
1000
999.996
999.984
1000
1000
1000
999.984
999.721
1000
999.997
1000
1000
1000
999.892
999.642
999.642
1000
1000
1000
1000
1000
999.88
999.642
999.643
999.999
1000
1000
1000
999.999
999.908
999.856
1000
1000
1000
1000
1000
1000
1000
1000
999.985
1000
1000
1000
1000
1000
1000
1000
1000
1000
1000
1000
1000
1000
1000
1000
1000
1000
1000
1000
1000
1000
1000
1000
1000
1000
1000
1000
1000
1000
1000
1000
1000
1000
1000
1000
1000
1000
1000
1000
1000
1000
1000
1000
1000
1000
1000
1000
1000
1000
1000
1000
1000
1000
1000
999.995
999.821
1000
1000
1000
1000
1000
999.999
999.789
999.662
1000
1000
1000
1000
1000
1000
1000
1000
1000
1000
1000
1000
1000
1000
1000
1000
1000
1000
1000
1000
1000
1000
1000
1000
1000
1000
1000
1000
1000
1000
1000
1000
1000
1000
1000
1000
1000
1000
1000
1000
1000
1000
1000
1000
1000
1000
999.938
999.806
1000
1000
1000
1000
1000
1000
999.981
999.731
1000
1000
1000
1000
1000
1000
1000
1000
1000
1000
1000
1000
1000
1000
1000
1000
1000
1000
1000
1000
1000
1000
1000
1000
1000
1000
1000
1000
1000
1000
1000
1000
1000
1000
1000
1000
1000
1000
1000
1000
1000
1000
1000
999.999
999.995
999.995
999.995
999.999
1000
999.997
999.997
999.999
999.998
999.998
999.991
999.986
1000
1000
999.968
999.925
999.926
999.974
1000
1000
1000
999.999
999.997
999.996
999.995
999.998
1000
999.995
1000
1000
1000
1000
1000
1000
1000
999.996
1000
1000
1000
1000
999.998
999.998
999.999
1000
1000
1000
1000
1000
1000
1000
1000
1000
1000
1000
1000
999.998
999.994
999.999
1000
1000
999.999
999.996
1000
999.999
999.999
1000
1000
1000
1000
999.989
999.926
999.922
999.982
1000
1000
1000
1000
999.995
999.992
999.996
999.999
1000
1000
1000
1000
1000
1000
1000
1000
1000
999.996
999.99
1000
1000
999.999
999.999
999.999
999.998
999.999
1000
1000
1000
1000
1000
1000
1000
1000
1000
1000
1000
1000
1000
1000
1000
1000
1000
1000
1000
1000
1000
1000
1000
1000
1000
1000
1000
1000
1000
1000
1000
1000
1000
1000
1000
1000
1000
1000
1000
1000
1000
1000
1000
1000
1000
1000
999.999
999.998
999.996
1000
1000
1000
1000
1000
999.965
999.951
999.951
1000
1000
1000
1000
1000
1000
1000
1000
1000
1000
1000
1000
1000
1000
1000
1000
1000
1000
1000
999.999
999.999
1000
1000
1000
1000
1000
1000
999.999
999.997
999.997
999.997
999.998
1000
1000
1000
1000
1000
999.999
999.998
999.997
999.997
999.99
999.98
999.978
999.993
999.997
1000
1000
999.996
999.801
999.743
999.743
999.754
999.99
1000
999.996
1000
999.999
1000
1000
1000
1000
1000
1000
1000
1000
1000
1000
1000
1000
1000
1000
1000
1000
1000
1000
1000
1000
1000
1000
1000
1000
1000
999.999
999.997
999.999
1000
1000
1000
1000
1000
1000
999.998
999.996
999.995
999.996
999.998
999.995
999.986
999.952
999.852
999.852
999.901
1000
999.95
999.744
999.743
999.844
1000
999.996
1000
1000
1000
1000
999.998
1000
1000
1000
1000
1000
1000
1000
999.999
999.95
999.939
999.955
1000
1000
999.996
1000
1000
1000
999.989
999.961
999.956
999.955
999.999
999.999
1000
1000
1000
1000
999.999
1000
1000
1000
999.999
999.994
999.993
999.999
1000
1000
999.999
999.987
999.935
999.744
999.82
1000
999.994
1000
999.965
999.757
999.785
1000
1000
1000
1000
1000
1000
1000
1000
999.998
999.998
999.998
1000
1000
999.961
999.955
999.998
999.99
999.956
999.991
1000
999.997
999.996
999.883
999.852
1000
999.999
999.997
999.999
999.998
999.998
999.934
999.92
1000
1000
1000
999.999
999.988
999.999
999.988
999.991
999.999
1000
999.93
999.685
999.678
1000
999.981
999.83
999.745
999.745
999.769
999.991
1000
999.973
999.809
999.834
999.999
999.988
999.982
999.995
999.998
1000
1000
1000
999.999
999.999
1000
1000
1000
1000
1000
1000
1000
1000
1000
1000
1000
1000
1000
1000
1000
1000
1000
1000
1000
1000
1000
1000
1000
999.998
1000
1000
1000
1000
1000
1000
999.998
1000
1000
1000
1000
1000
1000
1000
1000
1000
999.997
999.997
1000
999.997
999.95
1000
1000
1000
999.997
999.999
1000
1000
999.999
1000
1000
999.998
1000
1000
999.999
999.997
999.952
999.974
1000
999.992
999.663
999.934
1000
999.998
999.966
999.643
999.643
999.642
999.994
999.909
1000
1000
1000
1000
1000
1000
999.681
999.662
1000
1000
1000
1000
1000
999.942
999.663
1000
999.965
1000
999.989
1000
1000
999.991
1000
999.985
999.99
999.999
1000
1000
1000
1000
1000
999.987
1000
1000
1000
1000
1000
1000
999.983
999.951
1000
1000
1000
1000
999.997
999.997
999.995
999.999
1000
1000
1000
999.995
1000
1000
999.999
999.999
999.955
1000
1000
1000
999.997
1000
999.989
999.912
999.808
999.677
999.975
999.995
1000
1000
1000
1000
1000
1000
1000
1000
1000
1000
1000
1000
1000
1000
1000
1000
1000
1000
1000
1000
1000
1000
1000
1000
1000
1000
1000
1000
1000
1000
1000
1000
1000
1000
1000
1000
1000
1000
1000
1000
1000
1000
1000
1000
1000
1000
1000
1000
1000
1000
1000
1000
1000
1000
1000
1000
1000
1000
1000
1000
1000
1000
1000
1000
1000
1000
1000
1000
1000
1000
1000
1000
1000
1000
1000
1000
1000
1000
1000
1000
1000
1000
1000
1000
1000
1000
1000
1000
1000
1000
1000
1000
1000
1000
1000
1000
1000
1000
1000
1000
1000
1000
1000
1000
1000
1000
1000
1000
1000
1000
1000
1000
1000
1000
1000
1000
1000
1000
1000
1000
1000
1000
1000
1000
1000
1000
1000
1000
1000
1000
1000
1000
1000
1000
1000
1000
1000
1000
1000
1000
1000
1000
1000
1000
1000
1000
1000
1000
1000
1000
1000
1000
1000
1000
1000
1000
1000
1000
1000
1000
1000
1000
1000
1000
1000
1000
1000
1000
1000
1000
1000
1000
1000
1000
1000
1000
1000
1000
1000
1000
1000
1000
1000
1000
1000
1000
1000
1000
1000
1000
1000
1000
1000
1000
1000
1000
1000
1000
1000
1000
1000
1000
1000
1000
1000
1000
1000
1000
1000
1000
1000
1000
1000
1000
1000
1000
1000
1000
1000
1000
1000
1000
1000
1000
1000
1000
1000
1000
1000
1000
1000
1000
1000
1000
1000
1000
1000
1000
1000
1000
1000
1000
1000
1000
1000
1000
1000
1000
1000
1000
1000
1000
1000
1000
1000
1000
1000
1000
1000
1000
1000
1000
1000
1000
1000
1000
1000
1000
1000
1000
1000
1000
1000
1000
1000
1000
1000
1000
1000
1000
1000
1000
1000
1000
1000
1000
1000
1000
999.998
1000
1000
999.999
999.997
999.997
999.997
999.999
999.999
1000
1000
1000
999.999
999.998
999.996
999.996
999.997
999.997
999.998
999.999
1000
1000
1000
999.999
999.999
1000
1000
1000
1000
1000
1000
1000
999.997
1000
1000
1000
1000
1000
1000
1000
999.997
999.955
1000
1000
1000
1000
1000
1000
1000
1000
1000
1000
1000
1000
1000
999.999
999.996
1000
999.996
999.98
999.983
1000
1000
1000
999.985
1000
1000
999.995
999.991
999.991
999.994
999.998
1000
999.997
999.997
999.999
1000
1000
999.999
999.999
1000
999.999
1000
1000
1000
1000
1000
1000
1000
1000
1000
999.997
999.997
1000
1000
1000
1000
999.991
1000
1000
1000
1000
1000
1000
1000
999.998
999.998
999.999
999.999
999.999
1000
999.999
999.998
999.999
999.969
999.956
999.968
1000
1000
1000
999.857
1000
1000
999.998
999.996
999.987
999.984
999.984
999.987
999.999
999.999
1000
1000
999.999
999.999
999.999
999.999
999.995
999.988
999.982
999.99
1000
1000
1000
1000
999.996
999.864
999.778
999.984
1000
1000
1000
999.993
999.998
999.998
999.999
999.998
999.999
1000
1000
1000
999.997
999.996
999.997
999.999
1000
1000
1000
999.999
999.952
999.952
999.959
999.994
1000
1000
1000
999.977
999.953
999.952
999.98
1000
1000
1000
999.98
999.773
1000
1000
1000
1000
999.999
999.998
999.999
999.997
999.919
999.815
999.82
999.977
999.999
999.999
1000
999.849
999.659
999.661
999.728
999.997
1000
1000
1000
999.98
999.982
999.983
999.986
999.998
1000
1000
1000
1000
1000
1000
1000
1000
1000
1000
1000
1000
999.998
999.999
1000
1000
1000
1000
1000
999.961
999.961
999.96
999.995
1000
999.999
999.999
999.991
999.035
999.643
999.926
999.983
999.997
999.999
999.994
999.947
999.946
999.643
999.644
999.719
999.967
999.969
999.992
999.995
998.914
999.732
999.987
1000
999.994
999.992
999.99
999.992
999.956
999.99
999.992
999.999
1000
1000
1000
1000
1000
999.854
999.985
1000
1000
1000
1000
999.998
999.997
999.978
999.719
999.686
999.695
999.967
1000
999.994
999.948
1000
999.993
999.957
999.881
999.785
999.926
999.99
999.991
1000
1000
999.992
999.959
999.958
999.987
999.997
999.999
1000
1000
999.933
999.84
999.902
999.975
999.998
999.999
1000
999.999
999.921
999.874
999.998
1000
999.999
999.998
1000
1000
1000
1000
1000
1000
1000
1000
999.696
1000
999.994
999.995
1000
999.999
999.996
999.992
999.663
999.663
999.759
999.998
999.998
999.979
999.882
999.86
1000
999.999
999.968
999.851
999.729
999.733
999.869
999.931
1000
1000
1000
999.859
999.639
999.712
999.999
999.999
1000
1000
999.956
999.15
998.764
999.152
999.97
999.948
1000
999.99
999.778
999.687
999.971
999.999
999.99
1000
1000
1000
1000
1000
1000
1000
1000
1000
1000
999.992
1000
1000
1000
1000
1000
1000
999.663
999.854
1000
999.969
999.947
999.929
999.901
999.873
1000
999.918
999.327
999.221
999.221
999.221
999.22
999.22
999.914
999.918
999.986
999.966
999.93
999.801
999.629
999.733
999.907
998.957
998.761
998.762
998.763
998.764
999.054
999.998
999.898
999.837
999.832
999.797
999.771
999.908
999.998
1000
1000
1000
1000
1000
1000
1000
1000
1000
1000
1000
1000
1000
1000
1000
1000
1000
999.998
1000
1000
1000
1000
1000
1000
1000
1000
999.999
1000
1000
1000
1000
1000
999.992
999.984
999.997
1000
999.937
999.39
999.236
999.236
999.692
999.986
999.995
1000
999.978
999.518
999.265
999.917
999.998
999.999
1000
1000
999.99
999.942
999.916
999.973
1000
1000
1000
1000
1000
1000
1000
1000
1000
1000
1000
1000
1000
1000
1000
1000
1000
1000
1000
1000
1000
1000
1000
1000
1000
1000
999.996
999.989
999.989
999.988
999.986
999.989
999.996
1000
1000
1000
999.832
999.602
999.674
999.853
999.735
999.987
999.996
999.997
999.995
1000
1000
1000
999.955
1000
1000
1000
1000
1000
1000
1000
999.999
1000
1000
1000
1000
1000
1000
1000
1000
1000
1000
1000
1000
1000
999.999
999.999
1000
1000
1000
1000
1000
1000
1000
1000
1000
1000
1000
1000
1000
1000
1000
1000
1000
999.999
999.997
999.994
999.992
999.994
999.997
999.997
999.996
999.952
999.94
999.94
999.96
1000
999.999
999.996
999.996
999.968
1000
1000
1000
1000
1000
1000
1000
1000
1000
1000
1000
1000
1000
999.999
999.997
1000
1000
1000
1000
1000
999.999
999.969
999.963
1000
1000
1000
1000
1000
1000
1000
999.849
1000
1000
1000
1000
1000
1000
1000
999.991
999.998
999.997
999.995
999.993
999.992
999.992
999.993
999.996
999.963
999.94
999.94
999.94
999.957
1000
1000
999.999
999.999
1000
1000
1000
1000
1000
1000
999.929
999.999
1000
1000
1000
1000
1000
999.997
999.991
1000
1000
1000
1000
1000
1000
999.948
999.908
1000
999.999
999.999
999.999
999.999
1000
999.982
999.288
999.999
999.999
999.999
1000
1000
1000
1000
999.944
999.995
999.995
999.997
999.996
999.995
999.992
999.994
999.998
999.998
999.986
999.97
999.968
999.993
1000
1000
999.98
1000
1000
1000
1000
1000
1000
999.977
999.595
999.999
1000
1000
1000
1000
1000
999.995
999.991
999.998
999.998
1000
1000
1000
1000
999.979
999.913
999.983
999.996
1000
999.999
999.999
1000
999.983
999.293
1000
1000
1000
1000
999.999
1000
1000
999.998
1000
1000
1000
1000
1000
999.998
999.995
999.995
1000
1000
1000
1000
1000
1000
999.906
999.651
999.994
999.997
1000
1000
1000
1000
999.969
999.587
1000
1000
1000
1000
1000
1000
999.998
999.991
999.989
999.983
999.981
1000
1000
999.998
999.999
999.984
999.779
999.73
999.959
1000
1000
999.998
999.999
999.715
999.56
999.451
999.984
999.997
1000
1000
999.994
999.835
999.675
999.889
999.971
999.99
1000
999.984
999.968
999.95
999.953
999.935
999.989
1000
1000
999.993
999.196
998.702
999.992
999.993
999.998
999.999
1000
1000
999.953
999.725
1000
1000
999.999
1000
1000
1000
1000
1000
1000
1000
1000
1000
1000
1000
1000
1000
1000
1000
1000
1000
1000
1000
1000
1000
1000
1000
1000
1000
1000
1000
1000
1000
1000
1000
1000
1000
1000
1000
1000
1000
1000
1000
1000
1000
1000
1000
1000
1000
1000
1000
1000
1000
1000
1000
1000
1000
1000
1000
1000
1000
1000
1000
1000
1000
1000
1000
1000
1000
1000
1000
1000
1000
1000
1000
1000
1000
1000
1000
1000
1000
1000
1000
1000
1000
1000
1000
1000
1000
1000
1000
1000
1000
1000
1000
1000
1000
1000
1000
1000
1000
1000
1000
1000
1000
1000
1000
1000
1000
1000
1000
1000
1000
1000
1000
1000
1000
1000
1000
1000
1000
1000
1000
1000
1000
1000
1000
1000
1000
1000
1000
1000
1000
1000
1000
1000
1000
1000
1000
1000
1000
1000
1000
1000
1000
1000
1000
1000
1000
1000
1000
1000
1000
1000
1000
1000
1000
1000
1000
1000
1000
1000
1000
1000
1000
1000
1000
1000
1000
1000
1000
1000
1000
1000
1000
1000
1000
1000
1000
1000
1000
1000
1000
1000
1000
1000
1000
1000
1000
1000
1000
1000
1000
1000
1000
1000
1000
1000
1000
1000
1000
1000
1000
1000
1000
1000
1000
1000
1000
1000
1000
1000
1000
1000
1000
1000
1000
1000
1000
1000
1000
1000
1000
1000
1000
1000
1000
1000
1000
1000
1000
1000
1000
1000
1000
1000
1000
1000
1000
1000
1000
1000
1000
1000
1000
1000
1000
1000
1000
1000
1000
1000
1000
1000
1000
1000
1000
1000
1000
1000
1000
1000
1000
1000
1000
1000
1000
1000
1000
1000
1000
1000
1000
1000
1000
1000
1000
1000
1000
1000
1000
1000
1000
1000
1000
1000
1000
1000
1000
999.998
1000
1000
999.998
999.997
1000
1000
1000
999.984
999.933
999.933
999.992
999.999
999.999
1000
999.986
999.998
999.991
999.989
999.997
999.999
1000
1000
999.98
999.998
999.999
1000
1000
999.999
999.999
1000
999.969
999.996
999.999
1000
1000
999.999
999.999
1000
999.966
999.996
999.995
999.997
1000
1000
999.999
1000
999.986
1000
1000
1000
1000
1000
1000
1000
1000
999.998
999.999
999.997
999.993
999.994
999.999
1000
1000
999.683
999.585
999.615
999.962
1000
999.993
999.923
999.91
999.979
999.911
999.885
999.966
999.998
1000
999.967
999.928
999.999
999.999
999.999
999.997
999.998
999.999
999.999
999.944
999.965
999.9
999.928
999.997
1000
1000
999.969
999.882
999.812
999.483
999.804
1000
1000
999.99
999.956
999.947
1000
1000
1000
1000
1000
1000
1000
1000
999.996
999.993
999.991
999.992
999.995
999.999
1000
1000
999.585
999.585
999.585
999.705
1000
999.994
999.961
999.98
999.962
999.86
999.755
999.932
1000
1000
999.935
999.743
999.999
999.998
999.991
999.997
999.999
999.999
999.991
999.882
999.87
999.58
999.787
1000
1000
999.999
999.891
999.767
999.377
999.121
999.399
999.992
1000
999.987
999.992
1000
1000
1000
1000
999.999
1000
1000
1000
1000
999.996
999.993
999.989
999.993
999.999
999.999
999.999
1000
999.626
999.585
999.585
999.723
999.955
999.907
999.775
999.763
999.742
999.881
999.938
999.961
999.965
999.854
999.699
999.562
999.988
999.985
999.994
999.999
999.999
999.995
999.97
999.908
999.366
999.379
999.903
1000
1000
999.909
999.764
999.714
999.329
999.12
999.279
999.874
999.993
999.892
999.825
999.918
1000
1000
999.998
999.998
1000
1000
1000
1000
1000
1000
999.994
999.997
999.999
999.998
999.999
999.998
999.851
999.702
999.721
999.912
999.874
999.78
999.756
999.737
998.564
998.564
999.747
999.795
999.786
999.833
999.562
999.562
999.987
999.968
999.979
999.995
999.995
999.964
999.899
999.908
998.205
998.205
998.741
999.944
999.76
999.553
999.497
999.629
999.57
999.118
999.605
999.884
999.873
999.853
999.786
999.71
1000
999.999
999.996
999.997
1000
1000
1000
1000
999.998
999.999
999.999
999.999
999.998
999.998
1000
1000
999.898
999.974
999.998
999.996
999.993
999.999
1000
1000
999.985
999.985
999.991
999.996
999.999
1000
1000
1000
999.999
999.999
999.999
1000
1000
1000
1000
999.996
999.996
999.999
1000
1000
1000
1000
1000
999.999
999.998
999.999
999.999
999.997
999.999
1000
1000
1000
1000
1000
1000
1000
1000
1000
1000
1000
999.994
999.999
1000
999.995
999.99
999.992
999.998
999.999
999.86
999.961
1000
999.966
999.911
999.95
999.989
1000
999.965
999.99
1000
999.998
999.995
999.997
1000
1000
999.996
999.996
1000
1000
1000
1000
1000
999.997
999.988
1000
1000
999.992
999.988
999.997
1000
1000
1000
1000
1000
999.981
999.951
999.981
1000
1000
1000
1000
1000
1000
1000
1000
1000
1000
1000
1000
1000
999.997
999.992
999.99
999.993
999.996
999.892
999.934
999.964
999.984
999.911
999.873
999.872
999.94
999.22
999.22
999.414
1000
999.969
999.963
999.985
1000
1000
999.999
999.992
999.993
999.986
999.983
999.996
1000
1000
999.996
999.997
999.94
999.793
999.772
999.939
999.984
1000
999.998
999.996
999.99
999.935
999.875
999.956
999.975
1000
1000
1000
1000
1000
1000
1000
1000
1000
1000
1000
1000
1000
1000
1000
1000
999.957
999.902
999.968
1000
999.995
999.914
999.841
999.845
999.458
999.221
999.825
1000
999.755
999.475
999.475
999.571
999.969
999.999
999.997
999.993
999.993
999.993
999.977
999.951
999.9
999.865
999.976
999.93
999.726
999.596
999.596
999.596
999.995
999.988
999.992
999.994
999.979
999.941
999.881
999.931
1000
1000
1000
1000
1000
1000
1000
1000
1000
1000
1000
1000
1000
1000
1000
1000
1000
1000
1000
1000
1000
1000
999.977
999.943
1000
1000
999.999
999.996
1000
999.854
999.586
999.571
999.695
999.695
999.718
999.987
999.948
999.993
999.993
999.993
999.748
999.875
999.998
999.995
999.983
999.871
999.642
999.596
999.993
999.988
999.998
1000
1000
999.999
999.97
999.929
1000
1000
1000
1000
1000
1000
1000
1000
1000
1000
1000
1000
1000
1000
1000
1000
1000
1000
1000
1000
1000
1000
1000
999.994
1000
1000
1000
1000
999.999
999.999
1000
999.96
999.997
999.998
1000
1000
999.996
999.998
1000
999.941
999.996
999.99
999.991
999.997
999.997
999.999
1000
999.908
999.974
999.935
999.949
999.994
999.997
999.999
1000
999.97
999.998
1000
1000
1000
1000
1000
1000
1000
1000
1000
1000
1000
1000
1000
1000
1000
999.569
999.771
1000
1000
1000
1000
999.999
1000
999.932
999.928
999.978
999.999
1000
1000
999.996
999.954
999.998
999.998
999.998
999.998
999.995
999.999
1000
999.918
999.968
999.919
999.912
999.98
999.997
999.998
999.968
999.842
999.589
999.537
999.841
1000
1000
999.995
999.958
999.941
999.995
1000
999.999
1000
1000
1000
1000
1000
999.978
1000
1000
1000
1000
1000
1000
1000
999.05
999.28
999.988
1000
999.996
999.955
999.954
999.987
999.662
999.615
999.978
1000
1000
999.997
999.953
999.914
999.998
999.995
999.991
999.997
999.998
999.999
999.985
999.89
999.913
999.849
999.904
999.996
999.998
999.974
999.869
999.84
999.536
999.536
999.901
1000
999.997
999.964
999.929
999.932
999.987
999.99
999.999
1000
1000
1000
1000
1000
999.913
999.987
1000
1000
999.999
999.997
999.999
1000
999.05
999.05
999.728
1000
999.969
999.797
999.668
999.727
999.842
999.667
999.798
999.969
999.981
999.954
999.843
999.8
999.994
999.994
999.99
999.995
999.998
999.999
999.98
999.899
999.538
999.696
999.873
999.956
999.987
999.986
999.927
999.915
999.536
999.688
999.999
999.988
999.969
999.945
999.871
999.871
999.985
999.99
999.999
1000
1000
999.999
999.999
1000
999.946
999.945
999.996
1000
1000
999.993
999.993
999.998
999.05
999.176
999.852
999.895
999.879
999.767
999.658
999.622
999.153
998.957
998.957
998.957
999.258
999.944
999.71
999.622
999.917
999.887
999.932
999.976
999.982
999.941
999.895
999.753
998.702
998.702
998.781
999.508
999.765
999.777
999.677
999.694
999.634
999.93
999.955
999.945
999.956
999.968
999.937
999.875
1000
1000
1000
1000
1000
1000
1000
1000
1000
1000
1000
1000
1000
1000
1000
1000
1000
1000
1000
1000
1000
1000
1000
1000
1000
1000
1000
1000
1000
1000
1000
1000
1000
1000
1000
1000
1000
1000
1000
1000
1000
1000
1000
1000
1000
1000
1000
1000
1000
1000
1000
1000
1000
1000
1000
1000
1000
1000
1000
999.999
1000
1000
1000
1000
1000
1000
1000
1000
1000
1000
1000
1000
1000
1000
1000
1000
1000
1000
1000
1000
1000
1000
1000
1000
1000
1000
1000
1000
1000
1000
1000
1000
1000
1000
1000
1000
1000
1000
1000
1000
1000
1000
1000
1000
1000
1000
1000
1000
1000
1000
1000
1000
1000
1000
1000
1000
1000
1000
1000
1000
1000
1000
1000
1000
1000
1000
1000
1000
1000
1000
1000
1000
1000
1000
1000
1000
1000
1000
1000
1000
1000
1000
1000
1000
1000
1000
1000
1000
1000
1000
1000
1000
1000
1000
1000
1000
1000
1000
1000
1000
1000
1000
1000
1000
1000
1000
1000
1000
1000
1000
1000
1000
1000
1000
1000
1000
1000
1000
1000
1000
1000
1000
1000
1000
1000
1000
1000
1000
1000
1000
1000
1000
1000
1000
1000
1000
1000
1000
1000
1000
1000
1000
1000
1000
1000
1000
1000
1000
1000
1000
1000
1000
1000
1000
1000
1000
1000
1000
1000
1000
1000
1000
1000
1000
1000
1000
1000
1000
1000
1000
1000
1000
1000
1000
1000
1000
1000
1000
1000
1000
1000
1000
1000
1000
1000
1000
1000
1000
1000
1000
1000
1000
1000
1000
1000
1000
1000
1000
1000
1000
1000
1000
1000
1000
1000
1000
1000
1000
1000
1000
1000
1000
1000
1000
1000
1000
1000
1000
1000
1000
1000
1000
1000
1000
1000
1000
1000
1000
1000
1000
1000
1000
1000
1000
1000
1000
1000
1000
1000
1000
1000
1000
1000
1000
1000
1000
1000
1000
1000
1000
1000
1000
1000
1000
1000
1000
1000
1000
1000
1000
1000
1000
1000
1000
1000
1000
1000
1000
1000
1000
1000
1000
1000
1000
1000
1000
1000
1000
1000
1000
1000
1000
1000
1000
1000
1000
1000
1000
1000
1000
1000
1000
1000
1000
1000
1000
1000
1000
1000
1000
1000
1000
1000
1000
1000
1000
1000
1000
1000
1000
1000
1000
1000
1000
1000
1000
1000
1000
1000
1000
1000
1000
1000
1000
1000
1000
1000
1000
1000
1000
1000
1000
1000
1000
1000
1000
1000
1000
1000
1000
1000
1000
1000
1000
1000
1000
1000
1000
1000
1000
1000
1000
1000
1000
1000
1000
1000
1000
1000
1000
1000
1000
1000
1000
1000
1000
1000
1000
1000
1000
1000
1000
1000
1000
1000
1000
1000
1000
1000
1000
1000
1000
1000
1000
1000
1000
1000
1000
1000
1000
1000
1000
1000
1000
1000
1000
1000
1000
1000
1000
1000
1000
1000
1000
1000
1000
1000
1000
1000
1000
1000
1000
1000
1000
1000
1000
1000
1000
1000
1000
1000
1000
1000
1000
1000
1000
1000
1000
1000
1000
1000
1000
1000
1000
1000
1000
1000
1000
1000
1000
1000
1000
1000
1000
1000
1000
1000
1000
1000
1000
1000
1000
1000
1000
1000
1000
1000
1000
1000
1000
1000
1000
1000
1000
1000
1000
1000
1000
1000
1000
1000
1000
1000
1000
1000
1000
1000
1000
1000
1000
1000
1000
1000
1000
1000
1000
1000
1000
1000
1000
1000
1000
1000
1000
1000
1000
1000
1000
1000
1000
1000
1000
1000
1000
1000
1000
1000
1000
1000
1000
1000
1000
1000
1000
1000
1000
1000
1000
1000
1000
1000
1000
1000
1000
1000
1000
1000
1000
1000
1000
1000
1000
1000
1000
1000
1000
1000
1000
1000
1000
1000
1000
1000
1000
1000
1000
1000
1000
1000
1000
1000
1000
1000
1000
1000
1000
1000
1000
1000
1000
1000
1000
1000
1000
1000
1000
1000
1000
1000
1000
1000
1000
1000
1000
1000
1000
1000
1000
1000
999.987
999.98
999.906
999.955
999.993
999.996
999.987
999.967
999.92
999.837
999.588
999.588
999.921
999.991
999.87
999.881
999.93
999.945
999.737
999.945
999.991
999.983
999.919
999.941
999.725
1000
999.999
1000
1000
999.993
999.986
999.992
999.962
1000
1000
1000
1000
1000
1000
1000
1000
1000
1000
1000
1000
1000
1000
1000
1000
1000
1000
1000
1000
1000
1000
1000
999.999
1000
1000
999.997
1000
1000
999.976
999.922
999.917
999.999
999.818
999.839
1000
999.968
999.608
999.537
999.8
1000
1000
999.996
999.994
999.999
999.982
999.957
999.924
1000
1000
1000
999.999
1000
1000
1000
1000
1000
1000
1000
1000
1000
1000
1000
1000
1000
1000
1000
1000
1000
1000
1000
1000
1000
1000
1000
1000
1000
1000
1000
1000
1000
1000
1000
1000
1000
999.996
999.987
999.978
1000
1000
1000
1000
1000
999.977
999.537
999.226
1000
1000
1000
1000
1000
1000
999.979
999.859
1000
1000
1000
1000
1000
1000
1000
1000
1000
1000
1000
1000
1000
1000
1000
1000
1000
1000
1000
1000
1000
1000
1000
1000
1000
1000
1000
1000
1000
1000
1000
1000
1000
1000
1000
1000
1000
1000
1000
999.996
1000
1000
1000
1000
1000
1000
1000
999.515
1000
1000
1000
1000
1000
1000
1000
999.988
1000
1000
1000
1000
1000
1000
1000
1000
1000
1000
1000
1000
1000
1000
1000
1000
1000
1000
1000
1000
1000
1000
1000
1000
1000
1000
1000
1000
1000
1000
1000
1000
1000
1000
1000
1000
1000
1000
1000
999.999
1000
1000
1000
1000
1000
1000
1000
999.985
1000
1000
1000
1000
1000
1000
1000
1000
1000
1000
1000
1000
1000
1000
1000
1000
1000
1000
1000
1000
1000
1000
1000
1000
1000
1000
1000
1000
1000
1000
1000
1000
1000
1000
1000
1000
1000
1000
1000
1000
1000
1000
1000
1000
1000
1000
1000
1000
1000
1000
1000
1000
1000
1000
1000
1000
1000
1000
1000
1000
1000
1000
1000
1000
1000
1000
1000
1000
1000
1000
1000
1000
1000
1000
1000
1000
1000
1000
1000
1000
1000
1000
1000
1000
1000
1000
1000
1000
1000
1000
1000
1000
1000
1000
1000
1000
1000
1000
1000
1000
1000
1000
1000
1000
1000
1000
1000
1000
1000
1000
1000
1000
1000
1000
1000
1000
1000
1000
1000
1000
1000
1000
1000
1000
1000
1000
1000
1000
1000
1000
1000
1000
1000
1000
1000
1000
1000
1000
1000
1000
1000
1000
1000
1000
1000
1000
1000
1000
1000
1000
1000
1000
1000
1000
1000
1000
1000
1000
1000
1000
1000
1000
1000
1000
1000
1000
1000
1000
1000
1000
1000
1000
1000
1000
1000
1000
1000
1000
1000
1000
1000
1000
1000
1000
1000
1000
1000
1000
1000
1000
1000
1000
1000
1000
1000
1000
1000
1000
1000
1000
1000
1000
1000
1000
1000
1000
1000
1000
1000
1000
1000
1000
1000
1000
1000
1000
1000
1000
1000
1000
1000
1000
1000
1000
1000
1000
1000
1000
1000
1000
1000
1000
1000
1000
1000
1000
1000
1000
1000
1000
1000
1000
1000
1000
1000
1000
1000
1000
1000
1000
1000
1000
1000
1000
1000
1000
1000
1000
1000
1000
1000
1000
1000
1000
1000
1000
1000
1000
1000
1000
1000
1000
1000
1000
1000
1000
1000
1000
1000
1000
1000
1000
1000
1000
1000
1000
1000
1000
1000
1000
1000
1000
1000
1000
1000
1000
1000
1000
1000
1000
1000
1000
1000
1000
1000
1000
1000
1000
1000
1000
1000
1000
1000
1000
1000
1000
1000
1000
1000
1000
1000
1000
1000
1000
1000
1000
1000
1000
1000
1000
1000
1000
1000
1000
1000
1000
1000
1000
1000
1000
1000
1000
1000
1000
1000
1000
1000
1000
1000
1000
1000
1000
1000
1000
1000
1000
1000
1000
1000
1000
1000
1000
1000
1000
1000
1000
1000
1000
1000
1000
1000
1000
1000
1000
1000
1000
1000
1000
1000
1000
1000
1000
1000
1000
1000
1000
1000
1000
1000
1000
1000
1000
1000
1000
1000
1000
1000
1000
1000
1000
1000
1000
1000
1000
1000
1000
1000
1000
1000
1000
1000
1000
1000
1000
1000
999.999
1000
1000
1000
1000
1000
1000
1000
1000
1000
1000
1000
1000
1000
1000
1000
1000
1000
1000
1000
1000
1000
1000
1000
1000
1000
1000
1000
1000
1000
1000
1000
1000
1000
1000
1000
1000
1000
1000
1000
1000
1000
1000
1000
1000
1000
1000
1000
1000
1000
1000
1000
1000
1000
1000
1000
1000
1000
1000
1000
1000
1000
1000
1000
1000
1000
1000
1000
1000
1000
1000
1000
1000
1000
1000
1000
1000
1000
1000
1000
1000
1000
1000
1000
1000
1000
1000
1000
1000
1000
1000
1000
1000
1000
1000
1000
1000
1000
1000
1000
1000
1000
1000
1000
1000
1000
1000
1000
1000
1000
1000
1000
1000
1000
1000
1000
1000
1000
1000
1000
1000
1000
1000
1000
1000
1000
1000
1000
1000
1000
1000
1000
1000
1000
1000
1000
1000
1000
1000
1000
1000
1000
1000
1000
1000
1000
1000
1000
1000
1000
1000
1000
1000
1000
1000
1000
1000
1000
1000
1000
1000
1000
1000
1000
1000
1000
1000
1000
1000
1000
1000
1000
1000
1000
1000
1000
1000
1000
1000
1000
1000
1000
1000
1000
1000
1000
1000
1000
1000
1000
1000
1000
1000
1000
1000
1000
1000
1000
1000
1000
1000
1000
1000
1000
1000
1000
1000
1000
1000
1000
1000
1000
1000
1000
1000
1000
1000
1000
1000
1000
1000
1000
1000
1000
1000
1000
1000
1000
1000
1000
1000
1000
1000
1000
1000
1000
1000
1000
1000
1000
1000
1000
1000
1000
1000
1000
1000
1000
1000
1000
1000
1000
1000
1000
1000
1000
1000
1000
1000
1000
1000
1000
1000
1000
1000
1000
1000
1000
1000
1000
1000
1000
1000
1000
1000
1000
1000
1000
1000
1000
1000
1000
1000
1000
1000
1000
1000
1000
1000
1000
1000
1000
1000
1000
1000
1000
1000
1000
1000
1000
1000
1000
1000
1000
1000
1000
1000
1000
1000
1000
1000
1000
1000
1000
1000
1000
1000
1000
1000
1000
1000
1000
1000
1000
1000
1000
1000
1000
1000
1000
1000
1000
1000
1000
1000
1000
1000
1000
1000
1000
1000
1000
1000
1000
1000
1000
1000
1000
1000
1000
1000
1000
1000
1000
1000
1000
1000
1000
1000
1000
1000
1000
1000
1000
1000
1000
1000
1000
1000
1000
1000
1000
1000
1000
1000
1000
1000
1000
1000
1000
1000
1000
1000
1000
1000
1000
1000
1000
1000
1000
1000
1000
1000
1000
1000
1000
1000
1000
1000
1000
1000
1000
1000
1000
1000
1000
1000
1000
1000
1000
1000
1000
1000
1000
1000
1000
1000
1000
1000
1000
1000
1000
1000
1000
1000
1000
1000
1000
1000
1000
1000
1000
1000
1000
1000
1000
1000
1000
1000
1000
1000
1000
1000
1000
1000
1000
1000
1000
1000
1000
1000
1000
1000
1000
1000
1000
1000
1000
1000
1000
1000
1000
1000
1000
1000
1000
1000
1000
1000
1000
1000
1000
1000
1000
1000
1000
1000
1000
1000
1000
1000
1000
1000
1000
1000
1000
1000
1000
1000
1000
1000
1000
1000
1000
1000
1000
1000
1000
1000
1000
1000
1000
1000
1000
1000
1000
1000
1000
1000
1000
1000
1000
1000
1000
1000
1000
1000
1000
1000
1000
1000
1000
1000
1000
1000
1000
1000
1000
1000
1000
1000
1000
1000
1000
1000
1000
1000
1000
1000
1000
1000
1000
1000
1000
1000
1000
1000
1000
1000
1000
1000
1000
1000
1000
1000
1000
1000
1000
1000
1000
1000
1000
1000
1000
1000
1000
1000
1000
1000
1000
1000
1000
1000
1000
1000
1000
1000
1000
1000
1000
1000
1000
1000
1000
1000
1000
1000
1000
1000
1000
1000
1000
1000
1000
1000
1000
1000
1000
1000
1000
1000
1000
1000
1000
1000
1000
1000
1000
1000
1000
1000
1000
1000
1000
1000
1000
1000
1000
1000
1000
1000
1000
1000
1000
1000
1000
999.987
999.964
999.998
1000
999.999
1000
1000
999.996
999.766
999.678
1000
999.999
999.996
999.975
999.763
999.917
999.451
999.42
999.944
1000
1000
999.824
998.972
999.735
999.419
999.419
999.814
1000
999.922
999.905
999.95
999.937
999.741
999.893
999.996
999.986
999.997
999.92
998.974
1000
1000
999.997
999.996
999.997
1000
999.986
999.962
1000
1000
1000
999.999
1000
1000
1000
1000
1000
1000
1000
1000
1000
1000
1000
1000
1000
1000
1000
999.999
999.997
999.999
999.978
999.906
1000
1000
999.943
999.996
999.992
999.995
999.761
998.959
1000
999.742
999.459
999.967
999.999
999.718
999.345
999.69
1000
1000
999.989
999.969
999.969
999.98
999.968
999.939
1000
1000
1000
1000
999.998
1000
1000
1000
1000
1000
1000
1000
1000
1000
1000
1000
1000
1000
1000
1000
1000
1000
1000
1000
1000
1000
1000
1000
1000
1000
1000
1000
1000
1000
1000
999.998
999.981
999.995
999.988
999.71
1000
1000
1000
1000
999.942
999.908
999.343
999.022
1000
1000
1000
1000
999.995
999.984
999.967
999.959
1000
1000
1000
1000
1000
1000
1000
1000
1000
1000
1000
1000
1000
1000
1000
1000
1000
1000
1000
1000
1000
1000
1000
1000
1000
1000
1000
1000
1000
1000
1000
1000
1000
1000
1000
1000
1000
1000
999.998
1000
1000
1000
1000
1000
1000
1000
999.957
999.057
1000
1000
1000
1000
1000
1000
1000
999.95
1000
1000
1000
1000
1000
1000
1000
1000
1000
1000
1000
1000
1000
1000
1000
1000
1000
1000
1000
1000
1000
1000
1000
1000
1000
1000
1000
1000
1000
1000
1000
1000
1000
1000
1000
1000
1000
1000
1000
999.999
1000
1000
1000
1000
1000
1000
1000
1000
1000
1000
1000
1000
1000
1000
1000
1000
1000
1000
1000
1000
1000
1000
1000
1000
1000
1000
1000
1000
1000
1000
1000
1000
1000
1000
1000
1000
1000
1000
1000
1000
1000
1000
1000
1000
1000
1000
1000
1000
1000
1000
1000
1000
1000
1000
1000
1000
1000
1000
1000
1000
1000
1000
1000
1000
1000
1000
1000
1000
1000
1000
1000
1000
1000
1000
1000
1000
1000
1000
1000
1000
1000
1000
1000
1000
1000
1000
1000
1000
1000
1000
1000
1000
1000
1000
1000
1000
1000
1000
1000
1000
1000
1000
1000
1000
1000
1000
1000
1000
1000
1000
1000
1000
1000
1000
1000
1000
1000
1000
1000
1000
1000
1000
1000
1000
1000
1000
1000
1000
1000
1000
1000
1000
1000
1000
1000
1000
1000
1000
1000
1000
1000
1000
1000
1000
1000
1000
1000
1000
1000
1000
1000
1000
1000
1000
1000
1000
1000
1000
1000
1000
1000
1000
1000
1000
1000
1000
1000
1000
1000
1000
1000
1000
1000
1000
1000
1000
1000
1000
1000
1000
1000
1000
1000
1000
1000
1000
1000
1000
1000
1000
1000
1000
1000
1000
1000
1000
1000
1000
1000
1000
1000
1000
1000
1000
1000
1000
1000
1000
1000
1000
1000
1000
1000
1000
1000
1000
1000
1000
1000
1000
1000
1000
1000
1000
1000
1000
1000
1000
1000
1000
1000
1000
1000
1000
1000
1000
1000
1000
1000
1000
1000
1000
1000
1000
1000
1000
1000
1000
1000
1000
1000
1000
1000
1000
1000
1000
1000
1000
1000
1000
1000
1000
1000
1000
1000
1000
1000
1000
1000
1000
1000
1000
1000
1000
1000
1000
1000
1000
1000
1000
1000
1000
1000
1000
1000
1000
1000
1000
1000
1000
1000
1000
1000
1000
1000
1000
1000
1000
1000
1000
1000
1000
1000
1000
1000
1000
1000
1000
1000
1000
1000
1000
1000
1000
1000
1000
1000
1000
1000
1000
1000
1000
1000
1000
1000
1000
1000
1000
1000
1000
1000
1000
1000
1000
1000
1000
1000
1000
1000
1000
1000
1000
1000
1000
1000
1000
1000
1000
1000
1000
1000
1000
1000
1000
1000
1000
1000
1000
1000
1000
1000
1000
1000
1000
1000
1000
1000
1000
1000
1000
1000
1000.01
1000
1000
1000
1000
1000
899.903
755.22
1000
1000
1000
1000.01
785.154
159.737
117.098
782.888
1000
1000
992.29
466.504
46.7524
35.37
492.157
1000
1000
1000
660.398
62.1214
42.782
520.987
1000
1000
1000
989.739
661.022
461.186
958.633
1000
1000
1000
1000
1000
987.465
1000
1000
999.996
1000
1000
1000.01
1000.05
1000
1000
1000
1000
995.559
821.841
650.682
998.957
1000
1000
1000.01
680.636
40.6758
36.8785
785.842
1000
1000
962.34
323.014
14.908
29.8322
463.998
998.303
1000
993.762
485.094
11.0713
15.6595
526.925
1000
1000
1000
952.697
483.782
304.598
937.619
1000
1000
1000
1000
993.305
954.115
1000
1000
999.997
1000
1000
1000.01
1000.03
1000
1000
1000
1000
992.539
815.777
650.43
997.298
1000
1000
999.989
655.172
23.2402
14.4766
807.33
1000.01
1000
935.175
243.408
10.8009
13.0121
487.396
997.748
1000
982.882
391.642
9.92716
10.029
585.164
1000.05
1000
1000
916.766
403.576
254.302
937.665
1000
1000
1000
1000
984.71
940.771
1000.01
1000
999.999
1000
1000
1000
1000
1000
1000
1000
999.999
993.884
858.309
740.788
997.544
1000
1000
1000.02
685.591
63.5269
16.1357
856.854
1000
1000
933.3
232.611
9.8898
9.92799
538.445
999.571
1000
981.558
385.354
9.70334
9.7241
654.079
1000.04
1000
1000
907.066
410.668
278.955
949.254
1000
1000
1000
1000
986.424
952.505
999.999
1000
1000
1000
1000
999.995
999.993
1000
1000
1000
999.998
997.312
931.141
883.304
999.059
1000
1000
999.95
755.881
192.028
119.074
918.073
999.998
1000
948.602
261.888
9.71461
9.73121
628.433
999.982
1000
987.901
427.624
9.7089
9.71297
750.457
999.988
1000
999.992
914.335
484.387
399.527
971.21
1000
1000
999.999
999.996
995.06
982.622
999.997
1000
999.997
1000
1000
1000
1000
1000
1000
1000
999.991
999.61
986.308
979.839
999.885
1000
1000
999.96
850.867
428.334
412.706
975.288
1000
1000
981.849
394.536
9.87034
9.88922
806.988
999.989
1000
997.975
575.086
11.9496
37.3697
899.2
999.997
1000
999.992
940.849
663.798
648.328
993.41
999.994
1000
999.996
999.993
999.93
999.577
999.974
999.997
999.997
1000
1000
999.999
999.999
1000
1000
1000
999.998
999.945
999.767
999.592
999.995
1000
1000
999.958
935.473
721.056
747.129
999.035
1000
1000
999.17
648.414
16.6085
143.762
968.558
999.944
1000
999.985
750.878
114.569
271.838
991.495
999.98
1000
999.984
971.887
836.496
857.228
999.943
1000
1000
999.998
999.996
999.996
1000
999.991
999.997
999.999
1000
1000
1000.02
1000.02
1000
1000
1000
1000
1000
1000
1000
1000
1000
1000
999.991
971.509
892.282
894.202
1000
1000
1000
999.988
828.619
125.839
443.676
999.991
1000
1000
999.999
852.568
275.847
565.546
999.996
1000
1000
999.998
988.073
925.625
933.138
1000
1000
1000
1000
999.996
999.978
999.991
1000
999.999
1000
1000
1000.01
1000.03
1000.03
1000
1000
1000
1000
1000
1000
1000
999.659
1000
1000
1000
983.029
941.801
923.427
1000
1000
1000
999.999
877.387
263.84
627.024
999.999
1000
1000
1000
883.544
366.567
692.542
1000
1000
1000
1000
994.463
953.619
950.793
1000
1000
1000
1000
1000
1000
1000
1000
1000
999.997
1000
1000
1000.02
1000.03
1000
1000
1000
1000
999.617
1000
998.468
998.662
1000
1000
995.608
978.034
940.295
911.489
990.904
1000
1000
1000
871.404
328.919
650.857
999.929
999.622
1000.01
1000
881.465
401.051
714.401
999.984
1000
1000
996.281
987.375
949.798
939.263
991.715
1000
1000
1000
999.394
1000
995.845
999.995
1000
999.99
1000
1000.01
1000.01
1000.04
1000
1000
1000
1000
971.138
952.739
954.054
994.475
1000
1000
937.446
800.57
862.611
726.956
902.342
1000
1000
899.626
798.202
340.781
611.917
928.682
983.847
1000.01
897.026
810.623
432.82
680.915
927.048
990.797
1000
938.696
786.025
861.814
726.014
915.573
1000
1000
1000
962.34
932.68
941.097
997.071
1000
999.988
1000
1000
1000
1000
1000
1000
1000
1000
1000
1000
1000
1000
1000
1000
1000
1000
1000
1000
1000
1000
1000
1000
1000
1000
1000
1000
1000
1000
1000
1000
1000
1000
1000
1000
1000
1000
1000
1000
1000
1000
1000
1000
1000
1000
1000
1000
1000
1000
999.989
999.997
999.999
999.993
999.987
999.992
999.994
999.999
1000
1000
1000
1000
1000
1000
1000
1000
1000
1000
1000
1000
1000
1000
1000
1000
1000
1000
1000
1000
1000
1000
1000
1000
1000
1000
1000
1000
1000
1000
1000
1000
1000
1000
1000
1000
1000
1000
1000
1000
1000
1000
1000
1000
1000
1000
1000
1000
999.985
999.985
999.998
999.997
999.984
999.987
999.996
1000
1000
1000
1000
1000
1000
1000
1000
1000
1000
1000
1000
1000
1000
1000
1000
1000
1000
1000
1000
1000
1000
1000
1000
1000
1000
1000
1000
1000
1000
1000
1000
1000
1000
1000
1000
1000
1000
1000
1000
1000
999.999
1000
1000
1000
1000
1000
1000
1000
999.989
999.979
999.989
999.996
999.982
999.987
999.999
999.999
1000
1000
1000
1000
1000
1000
1000
1000
1000
1000
1000
1000
1000
1000
1000
1000
1000
1000
1000
1000
1000
1000
1000
1000
1000
1000
1000
1000
1000
1000
1000
1000
1000
1000
1000
1000
1000
1000
1000
1000
999.999
999.999
1000
1000
1000
1000
1000
1000
999.997
999.988
999.987
999.995
999.993
999.995
999.997
999.996
1000
1000
1000
1000
1000
1000
1000
1000
1000
1000
1000
1000
1000
1000
1000
1000
1000
1000
1000
1000
1000
1000
1000
1000
1000
1000
1000
1000
1000
1000
1000
1000
1000
1000
1000
1000
1000
1000
1000
1000
1000
999.999
1000
1000
1000
1000
1000
1000
1000
999.998
999.993
999.997
1000
1000
999.994
999.993
1000
1000
1000
1000
1000
1000
1000
1000
1000
1000
1000
1000
1000
1000
1000
1000
1000
1000
1000
1000
1000
1000
1000
1000
1000
1000
1000
1000
1000
1000
1000
1000
1000
1000
1000
1000
1000
1000
1000
1000
1000
1000
1000
1000
1000
1000
1000
1000
1000
999.999
999.999
999.997
999.993
999.979
999.985
999.962
1000
1000
1000
1000
1000
1000
1000
1000
1000
1000
1000
1000
1000
1000
1000
1000
1000
1000
1000
1000
1000
1000
1000
1000
1000
1000
1000
1000
1000
1000
1000
1000
1000
1000
1000
1000
1000
1000
1000
1000
1000
1000
1000
1000
1000
1000
1000
1000
1000
1000
999.998
999.979
999.926
999.919
999.962
999.913
1000
1000
1000
1000
1000
1000
1000
1000
1000
1000
1000
1000
1000
1000
1000
1000
1000
1000
1000
1000
1000
1000
1000
1000
1000
1000
1000
1000
1000
1000
1000
1000
1000
1000
1000
1000
1000
1000
1000
1000
1000
1000
1000
1000
1000
1000
1000
1000
999.999
999.999
999.99
999.956
999.886
999.921
999.948
999.913
1000
1000
1000
1000
1000
1000
1000
1000
1000
1000
1000
1000
1000
1000
1000
1000
1000
1000
1000
1000
1000
1000
1000
1000
1000
1000
1000
1000
1000
1000
1000
1000
1000
1000
1000
1000
1000
1000
1000
1000
1000
1000
1000
1000
1000
1000
1000
1000
999.978
999.993
999.989
999.963
999.913
999.953
999.95
999.931
1000
1000
1000
1000
1000
1000
1000
1000
1000
1000
1000
1000
1000
1000
1000
1000
1000
1000
1000
1000
1000
1000
1000
1000
1000
1000
1000
1000
1000
1000
1000
1000
1000
1000
1000
1000
1000
1000
1000
1000
1000
1000
1000
1000
1000
999.999
1000
1000
999.972
999.976
999.991
999.973
999.933
999.937
999.962
999.976
1000
1000
1000
1000
1000
1000
1000
1000
1000
1000
1000
1000
1000
1000
1000
1000
1000
1000
1000
1000
1000
1000
1000
1000
1000
1000
1000
1000
1000
1000
1000
1000
1000
1000
1000
1000
1000
1000
1000
1000
1000
1000
1000
1000
1000
1000
999.999
1000
999.972
999.978
999.989
999.96
999.877
999.831
999.971
999.999
1000
1000
1000
1000
1000
1000
1000
1000
1000
1000
999.987
999.949
999.928
999.937
999.966
999.979
1000
999.998
999.998
999.843
999.687
999.801
999.892
999.874
1000
999.997
999.97
999.934
1000
1000
999.999
999.941
1000
999.99
999.982
1000
1000
999.982
999.865
999.819
999.999
1000
1000
1000
1000
999.985
999.879
999.801
999.999
1000
1000
1000
999.999
999.977
999.924
999.928
1000
1000
1000
1000
1000
1000
1000
1000
1000
1000
999.995
999.959
999.927
999.914
999.933
999.971
1000
1000
1000
999.907
999.687
999.687
999.688
999.692
1000
999.999
999.984
999.849
999.82
999.918
999.938
999.871
1000
999.995
999.916
999.904
999.996
999.999
999.998
999.909
999.999
999.994
999.997
999.997
999.999
999.999
999.992
999.957
999.999
1000
1000
1000
1000
999.999
999.994
999.985
1000
1000
1000
1000
1000
1000
1000
1000
1000
1000
1000
999.981
999.948
999.933
999.943
999.982
1000
1000
1000
999.982
999.805
999.698
999.718
999.794
999.999
999.999
1000
999.877
999.599
999.592
999.628
999.705
999.999
999.998
999.919
999.768
999.813
999.94
999.888
999.537
999.999
999.992
999.982
999.975
999.972
999.976
999.985
999.887
999.999
999.999
1000
1000
1000
1000
1000
1000
1000
1000
1000
1000
1000
1000
1000
1000
1000
1000
1000
999.998
999.988
999.976
999.973
999.995
999.999
1000
1000
999.999
999.972
999.911
999.941
999.961
999.995
1000
1000
999.942
999.662
999.591
999.655
999.75
999.998
999.998
999.959
999.767
999.636
999.613
999.452
999.401
999.999
999.994
999.974
999.943
999.917
999.907
999.944
999.82
999.999
999.998
999.999
999.999
1000
1000
1000
1000
1000
1000
1000
1000
1000
1000
1000
1000
1000
1000
1000
1000
999.997
999.985
999.981
999.996
999.996
1000
999.996
1000
1000
999.999
999.944
999.962
999.99
999.999
1000
999.992
999.885
999.776
999.842
999.609
1000
999.998
999.989
999.885
999.796
999.643
999.401
999.401
1000
999.998
999.978
999.943
999.924
999.904
999.722
999.837
999.999
999.997
999.996
999.997
999.998
999.999
999.997
999.999
1000
1000
1000
1000
1000
1000
1000
1000
1000
1000
999.998
999.996
999.988
999.973
999.978
999.995
1000
1000
999.992
999.987
999.992
999.949
999.787
999.621
999.994
999.999
999.998
999.997
999.996
999.987
999.826
999.401
1000
999.999
999.986
999.988
999.931
999.687
999.401
999.401
1000
999.999
999.984
999.957
999.952
999.896
999.427
999.859
999.999
999.997
999.996
999.996
999.995
999.992
999.988
999.994
1000
1000
1000
1000
1000
1000
1000
1000
1000
1000
999.992
999.98
999.97
999.969
999.977
999.988
1000
1000
999.994
999.927
999.779
999.739
999.708
999.401
999.999
1000
999.992
999.984
999.985
999.977
999.704
999.401
1000
999.999
999.986
999.969
999.811
999.487
999.4
999.4
1000
1000
999.984
999.956
999.92
999.635
999.575
999.628
1000
999.998
999.996
999.996
999.991
999.976
999.988
999.975
1000
1000
1000
1000
1000
1000
1000
1000
1000
1000
999.989
999.968
999.968
999.975
999.977
999.98
1000
1000
999.997
999.871
999.732
999.732
999.756
999.428
1000
1000
999.993
999.968
999.831
999.494
999.765
999.408
1000
1000
999.989
999.766
999.434
999.415
999.473
999.4
1000
1000
999.987
999.926
999.598
999.441
999.891
999.401
1000
999.999
999.996
999.994
999.983
999.971
999.987
999.951
1000
1000
1000
1000
1000
1000
1000
1000
1000
1000
999.991
999.971
999.977
999.989
999.978
999.979
1000
1000
999.999
999.891
999.764
999.881
999.837
999.872
1000
1000
999.999
999.945
999.641
999.506
999.873
999.868
1000
1000
999.983
999.526
999.415
999.415
999.922
999.556
1000
1000
999.997
999.848
999.415
999.647
999.96
999.456
1000
1000
999.993
999.986
999.983
999.979
999.98
999.948
1000
1000
1000
1000
1000
1000
1000
1000
1000
1000
999.997
999.988
999.994
999.989
999.984
999.991
1000
1000
999.998
999.96
999.95
999.985
999.885
1000
1000
1000
1000
999.939
999.74
999.849
999.768
999.993
1000.01
1000
999.99
999.594
999.415
999.576
999.922
999.967
1000
1000
999.993
999.812
999.687
999.939
999.878
999.877
1000
1000
999.99
999.979
999.986
999.991
999.974
999.962
1000
1000
1000
1000
1000
1000
1000
1000
1000
1000
1000
1000
1000
999.975
999.995
1000
999.08
1000
999.999
1000
999.999
999.961
999.904
1000
995.486
1000
999.999
999.966
999.946
999.848
999.512
1000
1000
1000
999.996
999.87
999.756
999.898
999.499
999.999
1000
1000
999.99
999.871
999.976
999.983
999.701
999.997
1000
1000
999.992
999.981
999.99
999.985
999.976
999.993
1000
1000
1000
999.999
999.997
999.998
1000
999.999
999.999
999.996
999.999
1000
1000
1000
1000
1000
1000
999.994
999.931
999.922
999.961
1000
1000
1000
1000
999.996
999.991
999.994
999.998
1000
1000
1000
1000
1000
1000
1000
1000
1000
999.996
999.992
1000
1000
999.999
999.999
1000
999.999
999.999
999.999
1000
1000
1000
1000
1000
1000
1000
1000
1000
1000
1000
1000
999.999
999.999
1000
999.999
999.999
999.996
999.997
1000
1000
1000
1000
1000
1000
999.999
999.962
999.922
999.923
999.997
1000
1000
1000
999.998
999.991
999.992
999.997
1000
1000
1000
1000
1000
1000
1000
1000
1000
999.999
999.999
1000
1000
999.999
999.999
999.999
999.999
999.999
999.999
1000
1000
1000
1000
1000
1000
1000
1000
1000
1000
1000
1000
1000
1000
1000
1000
1000
999.996
999.994
999.998
1000
1000
1000
1000
1000
1000
999.992
999.929
999.923
999.994
1000
1000
1000
1000
999.993
999.992
999.996
1000
1000
1000
1000
1000
1000
1000
1000
1000
1000
1000
1000
1000
999.999
999.999
999.999
999.999
999.999
1000
1000
1000
1000
1000
1000
1000
1000
1000
1000
1000
1000
1000
1000
1000
1000
1000
1000
999.997
999.994
999.995
1000
1000
1000
1000
1000
1000
999.998
999.974
999.968
999.997
1000
1000
1000
1000
999.996
999.992
999.997
1000
1000
1000
1000
1000
1000
1000
1000
1000
1000
1000
1000
1000
1000
999.999
999.999
999.999
1000
1000
1000
1000
1000
1000
1000
1000
1000
1000
1000
1000
1000
1000
1000
1000
1000
1000
1000
999.999
999.995
999.995
999.999
1000
1000
1000
1000
1000
999.999
1000
1000
1000
1000
1000
1000
1000
999.999
999.996
999.997
1000
1000
1000
1000
1000
1000
1000
1000
1000
1000
1000
1000
1000
1000
1000
1000
1000
1000
1000
1000
1000
1000
1000
1000
1000
1000
1000
1000
1000
1000
1000
1000
1000
1000
1000
1000
1000
999.999
999.999
999.999
1000
1000
1000
1000
1000
1000
1000
1000
1000
1000
1000
1000
1000
1000
1000
999.999
1000
1000
1000
1000
1000
1000
1000
1000
1000
1000
1000
1000
1000
1000
1000
1000
1000
1000
1000
1000
1000
1000
1000
1000
1000
1000
1000
1000
1000
1000
1000
1000
1000
1000
1000
1000
1000
1000
1000
1000
1000
1000
1000
1000
1000
1000
1000
1000
1000
1000
1000
1000
1000
1000
1000
1000
1000
1000
1000
1000
1000
1000
1000
1000
1000
1000
1000
1000
1000
1000
1000
1000
1000
1000
1000
1000
1000
1000
1000
1000
1000
1000
1000
1000
1000
1000
1000
1000
1000
1000
1000
1000
1000
1000
1000
1000
1000
1000
1000
1000
1000
1000
1000
1000
1000
1000
1000
1000
1000
1000
1000
1000
1000
1000
1000
1000
1000
1000
1000
1000
1000
1000
1000
1000
1000
1000
1000
1000
1000
1000
1000
1000
1000
1000
1000
1000
1000
1000
1000
1000
1000
1000
1000
1000
1000
1000
1000
1000
1000
1000
1000
1000
1000
1000
1000
1000
1000
1000
1000
1000
1000
1000
1000
1000
1000
1000
1000
1000
1000
1000
1000
1000
1000
1000
1000
1000
1000
1000
1000
1000
1000
1000
1000
1000
1000
1000
1000
1000
1000
1000
1000
1000
1000
1000
1000
1000
1000
1000
1000
1000
1000
1000
1000
1000
1000
1000
1000
1000
1000
1000
1000
1000
1000
1000
1000
1000
1000
1000
1000
1000
1000
1000
1000
1000
1000
1000
1000
1000
1000
1000
1000
1000
1000
1000
1000
1000
1000
1000
1000
1000
1000
1000
1000
1000
1000
1000
1000
1000
1000
1000
1000
1000
1000
1000
1000
1000
1000
1000
1000
1000
1000
1000
1000
1000
1000
1000
1000
1000
1000
1000
1000
1000
1000
1000
1000
1000
1000
1000
1000
1000
1000
1000
1000
1000
1000
1000
1000
1000
1000
1000
1000
1000
1000
1000
1000
1000
1000
1000
999.999
1000
1000
1000
1000
1000
1000
1000
1000
999.974
999.873
999.846
999.945
999.971
999.892
999.959
999.977
1000
999.898
999.423
999.483
999.999
1000
1000
999.953
999.999
999.96
999.806
999.816
1000
1000
1000
999.999
1000
999.989
999.948
999.989
1000
999.978
999.871
999.841
1000
999.984
999.913
999.776
999.752
999.743
999.746
999.818
999.974
999.824
999.824
999.998
999.98
999.974
999.976
999.985
1000
1000
1000
999.999
1000
1000
1000
1000
999.993
999.901
999.713
999.609
999.666
999.701
999.798
999.92
1000
999.966
999.418
999.133
999.294
999.461
999.476
999.631
1000
999.995
999.863
999.454
999.442
999.76
999.674
999.647
1000
999.995
999.95
999.885
999.972
999.988
999.952
999.781
1000
999.991
999.971
999.862
999.796
999.794
999.816
999.811
999.977
999.829
999.87
999.985
999.948
999.978
999.984
999.98
1000
1000
999.999
999.999
1000
999.999
1000
1000
999.999
999.964
999.767
999.487
999.304
999.597
999.788
999.755
1000
1000
999.588
999.132
999.131
999.133
999.139
999.334
1000
1000
999.974
999.501
999.132
999.131
999.138
999.148
1000
1000
999.974
999.865
999.705
999.716
999.471
999.182
999.996
999.993
999.994
999.872
999.664
999.942
999.973
999.815
999.996
999.829
999.958
999.967
999.933
999.983
999.998
999.963
1000
999.999
999.997
999.997
1000
999.999
999.999
1000
1000
999.998
999.908
999.646
999.526
999.708
999.905
999.618
1000
1000
999.872
999.259
999.131
999.151
999.642
999.273
1000
1000
1000
999.724
999.131
999.131
999.333
999.161
999.997
1000
999.998
999.909
999.655
999.222
999.387
999.473
999.997
999.999
1000
999.838
999.656
999.991
999.992
999.731
999.999
999.829
999.983
999.972
999.949
999.995
999.992
999.943
1000
999.999
999.996
999.994
999.998
999.998
999.999
1000
1000
1000
999.993
999.936
999.947
999.96
999.921
999.706
1000
1000
999.991
999.79
999.545
999.767
999.789
999.278
1000
1000
1000
999.939
999.496
999.331
999.845
999.339
999.996
1000
1000
999.971
999.756
999.619
999.827
999.953
999.998
1000
1000
999.854
999.718
999.856
999.637
999.796
1000
999.928
999.998
999.982
999.962
999.997
999.891
999.948
1000
999.999
999.997
999.995
999.996
999.997
999.998
1000
999.983
1000
1000
1000
999.998
999.997
999.632
999.929
999.997
1000
1000
1000
999.997
999.997
999.568
999.617
1000
1000
1000
999.998
999.974
999.975
999.863
999.659
1000
1000
1000
999.997
999.973
999.998
999.987
999.979
1000
1000
1000
999.925
999.808
999.503
999.498
999.929
1000
999.995
999.991
999.977
999.938
999.752
999.791
999.97
1000
999.999
999.998
999.996
999.995
999.995
999.998
1000
999.934
999.903
999.976
999.996
999.687
999.513
999.421
999.892
999.95
999.975
1000
1000
1000
999.718
998.916
999.876
999.998
1000
1000
1000
1000
999.939
998.863
999.816
1000
1000
999.999
999.999
999.999
999.998
999.782
999.967
1000
1000
1000
999.983
999.732
999.498
999.499
999.962
1000
999.988
999.948
999.952
999.837
999.499
999.808
999.96
1000
999.999
999.998
999.997
999.995
999.993
999.998
999.999
999.942
999.845
999.723
999.256
998.788
999
999.411
998.585
999.953
999.903
999.811
999.3
998.886
998.506
999.355
998.634
999.997
999.946
999.921
999.968
999.89
999.136
998.627
998.787
1000
999.998
999.995
999.998
999.996
999.851
999.51
998.606
1000.01
1000
1000
999.923
999.526
999.499
999.668
999.298
1000
999.99
999.938
999.909
999.781
999.672
999.907
999.809
1000
999.999
999.998
999.997
999.997
999.996
999.999
999.998
999.975
999.882
999.493
998.514
998.759
999.4
999.351
998.148
999.982
999.852
998.795
998.489
998.49
998.493
999.14
998.143
999.999
999.899
999.768
999.706
998.796
998.493
999.138
998.148
1000.02
999.995
999.995
999.982
999.88
999.45
999.519
998.159
1000.04
1000
999.964
999.575
999.519
999.621
999.922
998.517
1000
999.997
999.944
999.892
999.83
999.954
999.985
999.617
1000
999.999
999.999
1000
999.999
999.999
1000
999.994
999.982
999.939
999.567
999.111
999.666
999.873
999.346
998.35
999.991
999.888
998.676
998.489
998.489
999.033
998.211
998.143
1000
999.943
999.765
999.266
998.49
998.652
999.842
998.334
1000.02
999.996
999.994
999.919
999.545
999.538
999.797
998.228
1000.03
1000
999.815
999.507
999.526
999.93
999.987
998.71
1000.01
999.999
999.951
999.908
999.934
1000
999.997
999.622
1000
1000
1000
1000
1000
1000
999.997
999.981
999.976
999.962
999.817
999.687
999.729
999.702
999.555
999.363
999.987
999.972
999.53
998.668
999.226
999.652
998.143
998.143
1000
999.98
999.886
999.358
998.762
999.52
999.929
999.415
1000.06
999.997
999.992
999.914
999.555
999.838
999.998
999.345
1000.01
999.993
999.58
999.508
999.705
1000
999.999
999.594
1000.01
999.997
999.958
999.949
999.994
1000
999.962
999.786
1000
1000
1000
1000
1000
1000
999.972
999.972
1000
1000
1000
1000
1000
1000
1000
1000
1000
1000
1000
1000
1000
1000
1000
1000
1000
1000
1000
1000
1000
1000
1000
1000
1000
1000
1000
1000
1000
1000
1000
1000
1000
1000
1000
1000
1000
1000
1000
1000
1000
1000
1000
1000
1000
1000
1000
1000
1000
1000
1000
1000
1000
1000
1000
1000
1000
1000
1000
1000
1000
1000
1000
1000
1000
1000
1000
1000
1000
1000
1000
1000
1000
1000
1000
1000
1000
1000
1000
1000
1000
1000
1000
1000
1000
1000
1000
1000
1000
1000
1000
1000
1000
1000
1000
1000
1000
1000
1000
1000
1000
1000
1000
1000
1000
1000
1000
1000
1000
1000
1000
1000
1000
1000
1000
1000
1000
1000
1000
1000
1000
1000
1000
1000
1000
1000
1000
1000
1000
1000
1000
1000
1000
1000
1000
1000
1000
1000
1000
1000
1000
1000
1000
1000
1000
1000
1000
1000
1000
1000
1000
1000
1000
1000
1000
1000
1000
1000
1000
1000
1000
1000
1000
1000
1000
1000
1000
1000
1000
1000
1000
1000
1000
1000
1000
1000
1000
1000
1000
1000
1000
1000
1000
1000
1000
1000
1000
1000
1000
1000
1000
1000
1000
1000
1000
1000
1000
1000
1000
1000
1000
1000
1000
1000
1000
1000
1000
1000
1000
1000
1000
1000
1000
1000
1000
1000
1000
1000
1000
1000
1000
1000
1000
1000
1000
1000
1000
1000
1000
1000
1000
1000
1000
1000
1000
1000
1000
1000
1000
1000
1000
1000
1000
1000
1000
1000
1000
1000
1000
1000
1000
1000
1000
1000
1000
1000
1000
1000
1000
1000
1000
1000
1000
1000
1000
1000
1000
1000
1000
1000
1000
1000
1000
1000
1000
1000
1000
1000
1000
1000
1000
1000
1000
1000
1000
1000
1000
1000
1000
1000
1000
1000
1000
1000
1000
1000
1000
1000
1000
1000
1000
1000
1000
1000
1000
1000
1000
1000
1000
1000
1000
1000
1000
1000
1000
1000
1000
1000
1000
1000
1000
1000
1000
1000
1000
1000
1000
1000
1000
1000
1000
1000
1000
1000
1000
1000
1000
1000
1000
1000
1000
1000
1000
1000
1000
1000
1000
1000
1000
1000
1000
1000
1000
1000
1000
1000
1000
1000
1000
1000
1000
1000
1000
1000
1000
1000
1000
1000
1000
1000
1000
1000
1000
1000
1000
1000
1000
1000
1000
1000
1000
1000
1000
1000
1000
1000
1000
1000
1000
1000
1000
1000
1000
1000
1000
1000
1000
1000
1000
1000
1000
1000
1000
1000
1000
1000
1000
1000
1000
1000
1000
1000
1000
1000
1000
1000
1000
1000
1000
1000
1000
1000
1000
1000
1000
1000
1000
1000
1000
1000
1000
1000
1000
1000
1000
1000
1000
1000
1000
1000
1000
1000
1000
1000
1000
1000
1000
1000
1000
1000
1000
1000
1000
1000
1000
1000
1000
1000
1000
1000
1000
1000
1000
1000
1000
1000
1000
1000
1000
1000
1000
1000
1000
1000
1000
1000
1000
1000
1000
1000
1000
1000
1000
1000
1000
1000
1000
1000
1000
1000
1000
1000
1000
1000
1000
1000
1000
1000
1000
1000
1000
1000
1000
1000
1000
1000
1000
1000
1000
1000
1000
1000
1000
1000
1000
1000
1000
1000
1000
1000
1000
1000
1000
1000
1000
1000
1000
1000
1000
1000
1000
1000
1000
1000
1000
1000
1000
1000
1000
1000
1000
1000
1000
1000
1000
1000
1000
1000
1000
1000
1000
1000
1000
1000
1000
1000
1000
1000
1000
1000
1000
1000
1000
1000
1000
1000
1000
1000
1000
1000
1000
1000
1000
1000
1000
1000
1000
1000
1000
1000
1000
1000
1000
1000
1000
1000
1000
1000
1000
1000
1000
1000
1000
1000
1000
1000
1000
1000
1000
1000
1000
1000
1000
1000
1000
1000
1000
1000
1000
1000
1000
1000
1000
1000
1000
1000
1000
1000
1000
1000
1000
1000
1000
1000
999.96
999.962
999.951
999.867
999.823
999.89
999.924
999.893
999.142
998.568
998.569
998.57
998.57
999.383
999.5
999.603
999.934
999.996
999.987
999.992
999.99
999.968
999.748
999.667
998.204
998.205
998.206
998.215
998.763
999.359
999.514
999.146
999.792
999.812
999.805
999.805
999.856
999.925
999.927
999.916
1000
1000
1000
1000
1000
1000
1000
1000
1000
1000
1000
1000
1000
1000
1000
1000
1000
1000
999.973
999.955
999.961
999.95
999.887
999.808
1000
1000
999.509
999.209
999.074
998.385
998.379
998.379
999.989
999.997
999.99
999.99
999.99
999.989
999.586
998.924
999.127
998.206
998.925
999.879
999.991
999.957
999.841
999.14
999.961
999.89
999.881
999.974
999.991
999.955
999.925
999.936
1000
1000
1000
1000
1000
999.999
999.999
1000
1000
1000
1000
1000
1000
1000
1000
1000
1000
999.995
999.996
999.993
999.998
999.999
999.975
999.923
999.91
999.835
999.935
999.999
999.999
999.999
999.308
998.489
999.225
999.96
999.99
999.981
999.948
999.945
999.59
999.162
999.738
999.871
999.867
999.983
999.927
999.848
999.863
999.693
999.999
999.993
999.999
999.983
999.963
999.924
999.911
999.929
1000
1000
1000
1000
1000
1000
999.998
999.999
1000
1000
1000
1000
1000
1000
1000
1000
1000
1000
999.995
999.99
999.992
999.994
999.986
999.996
999.881
999.723
999.672
999.857
999.951
999.97
999.97
999.996
998.399
998.399
999.517
999.981
999.935
999.828
999.748
999.773
999.907
999.806
999.671
999.502
999.59
999.609
999.619
999.867
1000
1000
999.996
999.943
999.931
999.954
999.963
999.907
1000
1000
1000
1000
1000
1000
1000
999.999
1000
1000
1000
1000
1000
1000
1000
1000
1000
1000
1000
1000
999.993
999.993
999.982
999.982
999.97
999.921
999.855
999.784
999.883
999.855
999.847
999.85
998.79
998.4
998.401
999.104
999.844
999.883
999.883
999.86
999.956
999.785
999.529
999.199
999.793
999.923
999.623
999.623
1000
1000
999.999
999.965
999.981
1000
999.98
999.937
1000
1000
1000
1000
1000
1000
1000
1000
1000
1000
1000
1000
1000
1000
1000
1000
1000
1000
1000
1000
1000
1000
999.995
999.982
999.999
999.993
999.986
999.976
999.933
999.912
999.797
999.731
1000
999.305
998.523
998.523
998.524
999.506
999.763
999.731
999.996
999.981
999.979
1000
999.926
999.956
999.825
999.623
1000
1000
1000
1000
1000
1000
999.998
999.984
1000
1000
1000
1000
1000
1000
1000
1000
1000
1000
1000
1000
1000
1000
1000
1000
1000
1000
1000
1000
1000
1000
1000
1000
1000
1000
1000
999.998
999.994
999.981
999.969
999.836
1000
1000
1000
999.863
999.527
998.668
998.562
998.562
1000
1000
1000
999.998
999.989
999.926
999.902
999.68
1000
1000
1000
1000
1000
1000
1000
1000
1000
1000
1000
1000
1000
1000
1000
1000
1000
1000
1000
1000
1000
1000
1000
1000
1000
1000
1000
1000
1000
1000
1000
1000
1000
1000
1000
1000
1000
1000
999.999
999.981
1000
1000
1000
1000
1000
1000
999.624
998.689
1000
1000
1000
1000
1000
1000
1000
999.985
1000
1000
1000
1000
1000
1000
1000
1000
1000
1000
1000
1000
1000
1000
1000
1000
1000
1000
1000
1000
1000
1000
1000
1000
1000
1000
1000
1000
1000
1000
1000
1000
1000
1000
1000
1000
1000
1000
1000
1000
1000
1000
1000
1000
1000
1000
1000
1000
1000
1000
1000
1000
1000
1000
1000
1000
1000
1000
1000
1000
1000
1000
1000
1000
1000
1000
1000
1000
1000
1000
1000
1000
1000
1000
1000
1000
1000
1000
1000
1000
1000
1000
1000
1000
1000
1000
1000
1000
1000
1000
1000
1000
1000
1000
1000
1000
1000
1000
1000
1000
1000
1000
1000
1000
1000
1000
1000
1000
1000
1000
1000
1000
1000
1000
1000
1000
1000
1000
1000
1000
1000
1000
1000
1000
1000
1000
1000
1000
1000
1000
1000
1000
1000
1000
1000
1000
1000
1000
1000
1000
1000
1000
1000
1000
1000
1000
1000
1000
1000
1000
1000
1000
1000
1000
1000
1000
1000
1000
1000
1000
1000
1000
1000
1000
1000
1000
1000
1000
1000
1000
1000
1000
1000
1000
1000
1000
1000
1000
1000
1000
1000
1000
1000
1000
1000
1000
1000
1000
1000
1000
1000
1000
1000
1000
1000
1000
1000
1000
1000
1000
1000
1000
1000
1000
1000
1000
1000
1000
1000
1000
1000
1000
1000
1000
1000
1000
1000
1000
1000
1000
1000
1000
1000
1000
1000
1000
1000
1000
1000
1000
1000
1000
1000
1000
1000
1000
1000
1000
1000
1000
1000
999.996
999.995
999.993
999.989
999.989
999.994
1000
999.913
999.979
999.884
999.787
999.568
999.566
999.566
999.753
999.705
1000
1000
999.985
999.976
999.978
999.961
999.91
999.725
1000
1000
1000
1000
1000
1000
1000
999.997
1000
1000
1000
1000
1000
1000
1000
1000
1000
1000
1000
1000
1000
1000
1000
1000
1000
1000
1000
1000
1000
1000
1000
1000
1000
1000
1000
1000
999.999
999.987
999.975
999.977
1000
1000
1000
1000
999.99
999.547
999.31
999.31
1000
1000
1000
1000
1000
999.983
999.972
999.981
1000
1000
1000
1000
1000
1000
1000
1000
1000
1000
1000
1000
1000
1000
1000
1000
1000
1000
1000
1000
1000
1000
1000
1000
1000
1000
1000
1000
1000
1000
1000
1000
1000
1000
1000
1000
1000
1000
1000
999.999
1000
1000
1000
1000
1000
1000
1000
999.882
1000
1000
1000
1000
1000
1000
1000
999.998
1000
1000
1000
1000
1000
1000
1000
1000
1000
1000
1000
1000
1000
1000
1000
1000
1000
1000
1000
1000
1000
1000
1000
1000
1000
1000
1000
1000
1000
1000
1000
1000
1000
1000
1000
1000
1000
1000
1000
1000
1000
1000
1000
1000
1000
1000
1000
1000
1000
1000
1000
1000
1000
1000
1000
1000
1000
1000
1000
1000
1000
1000
1000
1000
1000
1000
1000
1000
1000
1000
1000
1000
1000
1000
1000
1000
1000
1000
1000
1000
1000
1000
1000
1000
1000
1000
1000
1000
1000
1000
1000
1000
1000
1000
1000
1000
1000
1000
1000
1000
1000
1000
1000
1000
1000
1000
1000
1000
1000
1000
1000
1000
1000
1000
1000
1000
1000
1000
1000
1000
1000
1000
1000
1000
1000
1000
1000
1000
1000
1000
1000
1000
1000
1000
1000
1000
1000
1000
1000
1000
1000
1000
1000
1000
1000
1000
1000
1000
1000
1000
1000
1000
1000
1000
1000
1000
1000
1000
1000
1000
1000
1000
1000
1000
1000
1000
1000
1000
1000
1000
1000
1000
1000
1000
1000
1000
1000
1000
1000
1000
1000
1000
1000
1000
1000
1000
1000
1000
1000
1000
1000
1000
1000
1000
1000
1000
1000
1000
1000
1000
1000
1000
1000
1000
1000
1000
1000
1000
1000
1000
1000
1000
1000
1000
1000
1000
1000
1000
1000
1000
1000
1000
1000
1000
1000
1000
1000
1000
1000
1000
1000
1000
1000
1000
1000
1000
1000
1000
1000
1000
1000
1000
1000
1000
1000
1000
1000
1000
1000
1000
1000
1000
1000
1000
1000
1000
1000
1000
1000
1000
1000
1000
1000
1000
1000
1000
1000
1000
1000
1000
1000
1000
1000
1000
1000
1000
1000
1000
1000
1000
1000
1000
1000
1000
1000
1000
1000
1000
1000
1000
1000
1000
1000
1000
1000
1000
1000
1000
1000
1000
1000
1000
1000
1000
1000
1000
1000
1000
1000
1000
1000
1000
1000
1000
1000
1000
1000
1000
1000
1000
1000
1000
1000
1000
1000
1000
1000
1000
1000
1000
1000
1000
1000
1000
1000
1000
1000
1000
1000
1000
1000
1000
1000
1000
1000
1000
1000
1000
1000
1000
1000
1000
1000
1000
1000
1000
1000
1000
1000
1000
1000
1000
1000
1000
1000
1000
1000
1000
1000
1000
1000
1000
1000
1000
1000
1000
1000
1000
1000
1000
1000
1000
1000
1000
1000
1000
1000
1000
1000
1000
1000
1000
1000
1000
1000
1000
1000
1000
1000
1000
1000
1000
1000
1000
1000
1000
1000
1000
1000
1000
1000
1000
1000
1000
1000
1000
1000
1000
1000
1000
1000
1000
1000
1000
1000
1000
1000
1000
1000
1000
1000
1000
1000
1000
1000
1000
1000
1000
1000
1000
1000
1000
1000
1000
1000
1000
1000
1000
1000
1000
1000
1000
1000
1000
1000
1000
1000
1000
1000
1000
1000
1000
1000
1000
1000
1000
1000
1000
1000
1000
1000
1000
1000
1000
1000
1000
1000
1000
1000
1000
1000
1000
1000
1000
1000
1000
1000
1000
1000
1000
1000
1000
1000
1000
1000
1000
1000
1000
1000
1000
1000
1000
1000
1000
1000
1000
1000
1000
1000
1000
1000
1000
999.71
999.805
999.855
999.905
999.925
999.925
999.894
999.775
998.957
998.957
999.124
999.693
999.608
998.876
998.875
998.875
999.92
999.951
999.967
999.976
999.985
999.937
999.724
999.376
998.827
999.791
999.991
999.989
999.984
999.654
999.177
999.177
999.96
999.973
999.991
999.992
999.981
999.969
999.965
999.942
1000
1000
1000
999.999
1000
1000
1000
1000
1000
1000
999.999
999.999
999.999
1000
1000
1000
999.899
999.931
999.987
999.999
999.996
999.989
999.969
999.923
998.958
999.286
999.993
999.999
999.984
999.748
999.319
998.897
999.978
999.981
999.962
999.914
999.924
999.936
999.831
999.643
999.911
1000
999.968
999.894
999.859
999.84
999.899
999.542
999.993
1000
999.999
999.988
999.971
999.974
999.998
999.974
1000
1000
1000
1000
1000
1000
1000
1000
1000
1000
1000
1000
1000
1000
1000
1000
999.957
999.978
1000
999.989
999.976
999.986
999.999
999.984
999.28
999.922
999.943
999.879
999.865
999.869
999.873
999.792
999.177
999.902
999.962
999.961
999.809
999.747
999.847
999.914
999.976
999.903
999.795
999.795
999.819
999.926
999.934
999.914
1000
1000
999.991
999.977
999.98
999.993
999.999
999.987
1000
1000
1000
1000
1000
1000
1000
1000
1000
1000
1000
1000
1000
1000
1000
1000
1000
1000
1000
999.988
999.975
999.992
1000
999.997
1000
999.915
999.838
999.721
999.86
999.954
999.904
999.832
998.895
998.895
999.411
999.722
999.945
999.705
999.495
999.68
999.874
999.817
999.77
999.875
999.994
1000
999.875
999.68
1000
1000
999.999
999.994
1000
1000
1000
999.984
1000
1000
1000
1000
1000
1000
1000
1000
1000
1000
1000
1000
1000
1000
1000
1000
1000
1000
1000
1000
1000
1000
1000
999.992
999.974
999.949
999.905
999.953
999.989
999.993
999.912
999.67
999.424
998.954
998.955
999.33
999.909
999.769
999.452
999.461
999.976
999.962
999.973
999.986
999.993
999.99
999.945
999.791
1000
1000
1000
1000
1000
1000
1000
999.998
1000
1000
1000
1000
1000
1000
1000
1000
1000
1000
1000
1000
1000
1000
1000
1000
1000
1000
1000
1000
1000
1000
1000
1000
1000
1000
1000
1000
1000
999.997
999.968
999.891
1000
1000
999.946
999.923
999.88
999.797
999.42
998.989
1000
1000
1000
999.998
999.994
999.991
999.983
999.971
1000
1000
1000
1000
1000
1000
1000
1000
1000
1000
1000
1000
1000
1000
1000
1000
1000
1000
1000
1000
1000
1000
1000
1000
1000
1000
1000
1000
1000
1000
1000
1000
1000
1000
1000
1000
1000
1000
1000
1000
1000
1000
1000
1000
1000
1000
999.985
999.528
1000
1000
1000
1000
1000
1000
1000
999.99
1000
1000
1000
1000
1000
1000
1000
1000
1000
1000
1000
1000
1000
1000
1000
1000
1000
1000
1000
1000
1000
1000
1000
1000
1000
1000
1000
1000
1000
1000
1000
1000
1000
1000
1000
1000
1000
1000
1000
1000
1000
1000
1000
1000
1000
1000
1000
1000
1000
1000
1000
1000
1000
1000
1000
1000
1000
1000
1000
1000
1000
1000
1000
1000
1000
1000
1000
1000
1000
1000
1000
1000
1000
1000
1000
1000
1000
1000
1000
1000
1000
1000
1000
1000
1000
1000
1000
1000
1000
1000
1000
1000
1000
1000
1000
1000
1000
1000
1000
1000
1000
1000
1000
1000
1000
1000
1000
1000
1000
1000
1000
1000
1000
1000
1000
1000
1000
1000
1000
1000
1000
1000
1000
1000
1000
1000
1000
1000
1000
1000
1000
1000
1000
1000
1000
1000
1000
1000
1000
1000
1000
1000
1000
1000
1000
1000
1000
1000
1000
1000
1000
1000
1000
1000
1000
1000
1000
1000
1000
1000
1000
1000
1000
1000
1000
1000
1000
1000
1000
1000
1000
1000
1000
1000
1000
1000
1000
1000
1000
1000
1000
1000
1000
1000
1000
1000
1000
1000
1000
1000
1000
1000
1000
1000
1000
1000
1000
1000
1000
1000
1000
1000
1000
1000
1000
1000
1000
1000
1000
1000
1000
1000
1000
1000
1000
1000
1000
1000
1000
1000
1000
1000
1000
1000
1000
1000
1000
1000
1000
1000
1000
1000
1000
1000
1000
1000
1000
1000
1000
1000
)
;

boundaryField
{
    base
    {
        type            calculated;
        value           nonuniform List<scalar> 
248
(
1000
979.507
999.821
1000
1000
992.569
1000
1000
1000
1000
1000
1000
1000
1000
997.735
994.226
984.239
1000
1000
1000
1000
1000
1000
1000
1000
1000
1000
1000
1000
1000
1000
1000
1000
1000
1000
1000
1000
1000
1000
1000
1000
1000
1000
1000
1000
1000
1000
1000
1000
1000
1000
1000
1000
1000
1000
1000
1000
1000
1000
1000
1000
1000
1000
1000
1000
1000
1000
1000
1000
1000
1000
1000
1000
1000
1000
1000
1000
1000
1000
1000
1000
1000
1000
1000
1000
1000
1000
1000
1000
1000
1000
1000
1000
1000
1000
1000
1000
1000
1000
1000
1000
1000
1000
1000
1000
1000
1000
1000
1000
1000
1000
1000
1000
1000
1000
1000
1000
1000
1000
999.999
999.965
1000
1000
1000
1000
1000
999.998
999.951
1000
1000
1000
1000
1000
999.996
999.951
1000
1000
1000
1000
1000
1000
1000
1000
1000
999.996
1000
1000
1000
1000
1000
999.999
999.996
1000
1000
1000
999.999
1000
999.999
999.997
999.999
999.999
999.998
999.999
1000
1000
1000
999.997
999.999
999.995
1000
1000
1000
1000
999.997
999.999
999.994
1000
1000
1000
1000
999.997
999.997
999.999
999.998
1000
1000
1000
999.997
999.997
1000
999.991
999.979
1000
1000
1000
1000
1000
1000
1000
1000
1000
1000
1000
1000
1000
1000
1000
1000
1000
1000
1000
1000
1000
1000
1000
1000
1000
1000
1000
1000
1000
1000
1000
1000
1000
1000
1000
1000
1000
1000
1000
1000
1000
1000
1000
1000
1000
1000
1000
1000
1000
999.985
1000
1000
1000
1000
1000
1000
)
;
    }
    outlet
    {
        type            calculated;
        value           nonuniform 0();
    }
    walls
    {
        type            calculated;
        value           nonuniform List<scalar> 
1583
(
1000
1000
1000
1000
1000
1000
1000
1000
1000
1000
1000
1000
1000
1000
1000
1000
999.997
999.997
1000
999.997
999.95
1000
999.998
999.966
999.643
999.643
999.642
999.994
999.909
1000
1000
1000
1000
1000
1000
1000
1000
1000
1000
999.987
1000
1000
1000
1000
1000
1000
999.983
999.951
1000
999.989
999.912
999.808
999.677
999.975
999.995
1000
1000
1000
1000
1000
1000
1000
1000
1000
1000
1000
1000
1000
1000
1000
1000
1000
1000
1000
1000
1000
1000
1000
1000
1000
1000
1000
1000
1000
1000
1000
1000
1000
1000
1000
1000
1000
1000
1000
1000
1000
1000
1000
1000
1000
1000
1000
1000
1000
1000
1000
1000
1000
1000
1000
1000
1000
1000
1000
1000
999.997
1000
1000
999.955
1000
1000
1000
999.998
1000
1000
1000
1000
999.999
1000
999.999
1000
1000
1000
1000
999.997
999.999
1000
1000
1000
1000
1000
999.997
999.998
1000
1000
1000
1000
1000
999.997
999.996
1000
1000
1000
1000
1000
999.999
999.996
999.999
1000
1000
1000
999.998
999.999
999.997
999.999
999.997
999.997
1000
999.854
999.978
1000
1000
1000
1000
1000
999.985
999.719
999.993
1000
1000
999.999
1000
1000
999.686
999.957
999.992
999.933
999.921
1000
1000
999.695
999.881
999.959
999.84
999.874
1000
1000
999.967
999.785
999.958
999.902
999.998
1000
1000
1000
999.926
999.987
999.975
1000
1000
999.998
999.994
999.99
999.997
999.998
999.999
1000
999.997
999.948
999.991
999.999
999.999
999.998
1000
1000
1000
1000
999.999
999.952
999.968
1000
1000
1000
1000
999.997
999.94
1000
1000
1000
1000
1000
999.994
999.94
1000
1000
1000
1000
1000
999.992
999.96
1000
1000
1000
1000
1000
999.994
1000
1000
1000
999.999
1000
1000
999.997
999.999
1000
1000
999.999
1000
1000
999.997
999.996
1000
999.999
1000
1000
1000
999.996
999.996
1000
999.997
1000
1000
1000
1000
1000
1000
1000
1000
1000
1000
1000
1000
1000
1000
1000
1000
1000
1000
1000
1000
1000
1000
1000
1000
1000
1000
1000
1000
1000
1000
1000
1000
1000
1000
1000
1000
1000
1000
1000
1000
1000
1000
1000
1000
1000
1000
1000
1000
1000
1000
1000
1000
1000
1000
1000
1000
1000
1000
1000
1000
1000
1000
1000
1000
1000
1000
1000
1000
1000
1000
1000
1000
1000
1000
1000
1000
1000
1000
1000
1000
1000
1000
1000
1000
1000
1000
1000
1000
1000
1000
1000
1000
999.986
999.98
999.969
999.966
999.986
1000
1000
999.91
999.928
999.944
999.882
999.947
1000
1000
999.98
999.743
999.882
999.767
1000
1000
1000
999.763
999.562
999.908
999.714
999.918
1000
999.998
999.737
999.562
999.908
999.629
999.71
1000
999.998
999.984
999.998
999.998
999.996
999.996
1000
1000
999.933
999.991
999.999
999.999
999.995
1000
1000
999.933
999.989
1000
1000
999.997
1000
999.998
999.992
999.997
1000
1000
1000
1000
999.997
999.999
999.999
999.999
999.999
1000
1000
1000
999.999
1000
999.999
999.999
999.999
1000
1000
1000
1000
1000
1000
1000
1000
1000
999.986
999.98
999.969
999.966
999.986
1000
1000
1000
1000
999.996
999.999
1000
1000
999.999
1000
1000
999.997
1000
1000
1000
999.996
999.94
1000
1000
999.984
999.975
1000
1000
999.845
999.571
999.951
999.596
999.931
1000
1000
999.943
999.571
999.993
999.596
999.929
1000
999.998
999.898
999.985
999.999
999.996
999.998
1000
999.999
999.974
999.985
999.999
999.999
999.999
1000
999.999
999.998
999.991
999.999
1000
999.999
1000
999.999
999.996
999.996
1000
1000
999.997
1000
999.998
999.993
999.999
1000
1000
999.999
1000
999.998
999.999
1000
1000
1000
1000
1000
1000
1000
1000
1000
1000
1000
1000
1000
1000
1000
999.996
999.999
1000
1000
1000
999.994
999.96
999.941
999.908
999.97
1000
1000
1000
999.954
999.918
999.842
999.941
1000
1000
999.987
999.914
999.89
999.84
999.932
1000
1000
999.727
999.8
999.899
999.915
999.871
1000
999.998
999.622
999.622
999.753
999.694
999.875
1000
1000
1000
1000
999.997
999.996
999.974
999.998
1000
1000
1000
999.998
999.99
999.935
1000
1000
1000
1000
1000
999.991
999.949
1000
1000
1000
1000
1000
999.997
999.994
1000
1000
1000
999.999
999.996
999.997
999.997
1000
1000
1000
999.999
999.998
999.999
999.999
1000
1000
1000
1000
1000
1000
1000
1000
1000
999.994
999.96
999.941
999.908
999.97
1000
1000
1000
1000
1000
1000
1000
1000
1000
1000
1000
1000
1000
1000
1000
1000
1000
1000
1000
1000
1000
1000
1000
1000
1000
1000
1000
1000
1000
1000
1000
1000
1000
1000
1000
1000
1000
1000
1000
1000
1000
1000
1000
1000
1000
1000
1000
1000
1000
1000
1000
1000
1000
1000
1000
1000
1000
1000
1000
1000
1000
1000
1000
1000
1000
1000
1000
1000
1000
1000
1000
1000
1000
1000
1000
1000
1000
1000
1000
1000
999.98
999.837
999.945
1000
1000
1000
1000
1000
999.999
1000
1000
1000
1000
1000
1000
1000
1000
1000
1000
1000
1000
1000
1000
1000
1000
1000
1000
1000
1000
1000
1000
1000
1000
1000
1000
1000
1000
1000
1000
1000
1000
1000
1000
1000
1000
1000
1000
1000
1000
1000
1000
1000
1000
1000
1000
1000
1000
1000
1000
1000
1000
1000
1000
1000
1000
1000
1000
1000
1000
1000
1000
1000
1000
1000
1000
1000
1000
1000
1000
1000
1000
1000
1000
1000
1000
1000
1000
1000
1000
1000
1000
1000
1000
1000
1000
1000
1000
1000
1000
1000
1000
1000
1000
1000
1000
1000
1000
1000
1000
1000
1000
1000
1000
1000
1000
1000
1000
1000
1000
1000
1000
1000
1000
1000
1000
1000
1000
1000
1000
1000
1000
1000
1000
1000
1000
1000
1000
1000
1000
1000
1000
1000
1000
1000
1000
1000
1000
1000
1000
1000
1000
1000
1000
1000
1000
1000
1000
999.996
999.917
999.735
999.937
1000
1000
1000
1000
1000
1000
1000
1000
1000
1000
1000
1000
1000
1000
1000
1000
1000
1000
1000
1000
1000
1000
1000
1000
1000
1000
1000
1000
1000
1000
1000
1000
1000
1000
1000
1000
1000
1000
1000
1000
1000
1000
1000
1000
1000
1000
1000
1000
1000
1000
1000
1000
1000
1000
1000
1000
1000
1000
1000
1000
1000
1000
1000
1000
1000
1000
1000
1000
1000
1000
1000
1000
1000
1000
1000
1000
1000
1000
999.999
1000
1000
1000
1000
1000
1000
1000
1000
1000
1000
1000
1000
1000
999.999
1000
1000
1000
1000
1000
1000
999.996
1000
1000
1000
1000
1000
1000
999.993
1000
1000
1000
1000
1000
1000
999.962
1000
1000
1000
1000
1000
1000
999.913
1000
1000
1000
1000
1000
1000
999.913
1000
1000
1000
1000
1000
1000
999.931
1000
1000
1000
1000
1000
1000
999.976
1000
1000
1000
1000
1000
1000
999.999
1000
999.979
999.874
999.941
999.819
999.801
999.928
1000
999.971
999.692
999.871
999.909
999.957
999.985
1000
999.982
999.794
999.705
999.537
999.887
1000
1000
999.995
999.961
999.75
999.401
999.82
1000
1000
999.996
999.962
999.609
999.401
999.837
999.999
1000
999.995
999.621
999.401
999.401
999.859
999.994
1000
999.988
999.401
999.401
999.4
999.628
999.975
1000
999.98
999.428
999.408
999.4
999.401
999.951
1000
999.979
999.872
999.868
999.556
999.456
999.948
1000
999.991
1000
999.993
999.967
999.877
999.962
1000
1000
1000
1000
999.999
999.997
999.993
999.999
1000
1000
1000
999.992
999.999
1000
999.999
1000
1000
1000
999.999
999.999
1000
1000
1000
1000
1000
1000
1000
1000
1000
1000
1000
1000
1000
1000
1000
1000
1000
1000
1000
1000
1000
1000
1000
1000
1000
1000
1000
1000
1000
1000
1000
1000
1000
1000
1000
1000
1000
1000
1000
1000
1000
1000
1000
1000
1000
1000
1000
1000
1000
1000
1000
1000
1000
1000
1000
1000
1000
1000
1000
1000
1000
1000
999.999
1000
999.977
999.953
999.999
999.841
999.818
999.985
1000
999.92
999.631
999.647
999.781
999.811
999.98
1000
999.755
999.334
999.148
999.182
999.815
999.963
1000
999.618
999.273
999.161
999.473
999.731
999.943
1000
999.706
999.278
999.339
999.953
999.796
999.948
1000
999.929
999.617
999.659
999.979
999.929
999.97
1000
999.892
999.876
999.816
999.967
999.962
999.96
999.999
998.585
998.634
998.787
998.606
999.298
999.809
999.998
998.148
998.143
998.148
998.159
998.517
999.617
999.994
998.35
998.143
998.334
998.228
998.71
999.622
999.981
999.363
998.143
999.415
999.345
999.594
999.786
999.972
1000
1000
1000
1000
1000
1000
1000
1000
1000
1000
1000
1000
1000
1000
1000
1000
1000
1000
1000
1000
1000
1000
1000
1000
1000
1000
1000
1000
1000
1000
1000
1000
1000
1000
1000
1000
1000
1000
1000
1000
1000
1000
1000
1000
1000
1000
1000
1000
1000
1000
1000
1000
1000
1000
1000
1000
1000
1000
1000
1000
1000
1000
1000
1000
1000
1000
1000
1000
1000
1000
1000
1000
1000
1000
1000
1000
1000
1000
999.893
999.603
999.667
999.146
999.916
1000
1000
999.808
998.379
998.924
999.14
999.936
1000
1000
999.923
998.489
999.162
999.693
999.929
999.999
1000
999.996
999.996
999.773
999.867
999.907
999.999
1000
999.982
999.85
999.86
999.623
999.937
1000
1000
999.982
999.731
999.731
999.623
999.984
1000
1000
1000
999.836
998.562
999.68
1000
1000
1000
1000
999.981
998.689
999.985
1000
1000
1000
1000
1000
1000
1000
1000
1000
1000
1000
1000
1000
1000
1000
1000
1000
1000
1000
1000
1000
1000
1000
1000
1000
1000
1000
1000
1000
1000
1000
999.913
999.705
999.725
999.997
1000
1000
1000
999.977
999.31
999.981
1000
1000
1000
1000
999.999
999.882
999.998
1000
1000
1000
1000
1000
1000
1000
1000
1000
1000
1000
1000
1000
1000
1000
1000
1000
1000
1000
1000
1000
1000
1000
1000
1000
1000
1000
1000
1000
1000
1000
1000
1000
1000
1000
1000
1000
1000
1000
1000
1000
1000
1000
1000
1000
1000
1000
1000
1000
1000
1000
1000
1000
1000
1000
1000
1000
1000
1000
1000
1000
1000
1000
1000
999.775
998.875
999.376
999.177
999.942
1000
1000
999.923
998.897
999.643
999.542
999.974
1000
1000
999.984
999.792
999.914
999.914
999.987
1000
1000
999.997
999.832
999.68
999.68
999.984
1000
1000
999.992
999.67
999.461
999.791
999.998
1000
1000
1000
999.891
998.989
999.971
1000
1000
1000
1000
1000
999.528
999.99
1000
1000
1000
1000
1000
1000
1000
1000
1000
1000
1000
1000
1000
1000
1000
1000
1000
1000
1000
1000
1000
1000
1000
1000
1000
1000
1000
1000
1000
1000
)
;
    }
    inlet
    {
        type            calculated;
        value           uniform 1;
    }
    procBoundary0to1
    {
        type            processor;
        value           nonuniform List<scalar> 
760
(
1000
1000
1000
1000
1000
1000
1000
1000
1000
1000
1000
1000
1000
1000
1000
1000
1000
1000
1000
1000
1000
1000
1000
1000
1000
1000
1000
1000
1000
1000
1000
1000
1000
1000
1000
1000
1000
1000
1000
1000
1000
1000
1000
1000
1000
1000
1000
1000
1000
1000
1000
1000
1000
1000
1000
1000
1000
1000
1000
1000
1000
1000
1000
1000
1000
1000
1000
1000
1000
1000
1000
1000
1000
1000
1000
1000
1000
1000
1000
1000
1000
1000
1000
1000
1000
1000
1000
1000
1000
1000
1000
1000
1000
1000
1000
1000
1000
1000
1000
1000
1000
1000
1000
1000
1000
1000
1000
1000
1000
1000
1000
1000
1000
1000
1000
1000
1000
1000
1000
1000
1000
1000
1000
1000
1000
1000
1000
1000
1000
1000
1000
1000
1000
1000
1000
1000
1000
1000
1000
1000
1000
1000
1000
1000
1000
1000
1000
1000
1000
1000
1000
1000
1000
1000
1000
1000
1000
1000
1000
1000
1000
1000
1000
1000
1000
1000
1000
1000
1000
1000
1000
1000
1000
1000
1000
1000
1000
1000
1000
1000
1000
1000
1000
1000
1000
1000
1000
1000
1000
1000
1000
1000
1000
1000
1000
1000
1000
1000
1000
1000
1000
1000
1000
1000
1000
1000
1000
1000
1000
1000
1000
1000
1000
1000
1000
1000
1000
1000
1000
1000
1000
1000
1000
1000
1000
1000
1000
1000
1000
1000
1000
1000
1000
1000
1000
1000
1000
1000
1000
1000
1000
1000
1000
1000
1000
1000
1000
1000.01
1000
1000.01
1000
1000
1000
985.123
803.366
698.089
756.44
965.961
1000
1000
694.965
334.018
500.868
295.401
630.239
989.186
1000
479.598
421.921
274.147
377.927
520.358
897.756
1000.01
488.155
368.669
390.643
369.96
524.156
920.355
1000
691.833
299.731
413.066
270.982
651.571
994.517
1000
983.295
759.501
625.128
720.48
970.362
1000
999.99
1000
1000
1000
1000
1000
1000
1000
1000
1000
1000
1000
1000
1000
1000
1000
1000
1000
1000
1000
1000
1000
1000
1000
1000
1000
1000
1000
1000
1000
1000
1000
1000
1000
1000
1000
1000
1000
1000
1000
1000
1000
1000
1000
1000
1000
1000
999.999
1000
999.986
999.99
999.967
999.903
999.776
999.791
999.965
1000
1000
1000
1000
1000
1000
1000
1000
1000
1000
1000
1000
1000
999.989
999.958
999.997
1000
940.873
1000.01
1000
1000
999.994
999.61
999.933
1000
921.614
1000.01
999.999
999.997
999.996
999.658
999.538
999.976
999.786
1000
999.996
999.999
999.996
999.822
999.418
999.969
1000
1000
999.992
999.994
999.995
999.9
999.757
999.996
1000
1000
999.995
999.992
999.988
999.963
999.986
999.992
1000
1000
1000
1000
1000
1000
1000
1000
1000
1000
1000
1000
1000
1000
1000
1000
1000
1000
1000
1000
1000
1000
1000
1000
1000
1000
1000
1000
1000
1000
1000
999.998
1000
1000
1000
1000
1000
1000
1000
999.996
1000
1000
1000
1000
1000
1000
1000
999.999
1000
1000
1000
1000
1000
1000
1000
1000
999.983
999.959
999.891
999.295
998.149
999.34
999.926
999.853
999.986
999.978
999.875
999.72
999.812
999.713
998.69
998.143
1000
999.979
999.939
999.741
999.888
999.894
998.755
999.532
1000.02
999.997
999.989
999.938
999.869
999.894
999.402
999.957
992.809
999.998
999.535
999.532
999.901
999.628
999.404
999.963
1000
999.998
999.949
999.97
999.999
1000
999.56
999.948
1000
1000
1000
1000
999.997
999.989
999.946
999.976
1000
1000
1000
1000
1000
1000
1000
1000
1000
1000
1000
1000
1000
1000
1000
1000
1000
1000
1000
1000
1000
1000
1000
1000
1000
1000
1000
1000
1000
1000
1000
1000
1000
1000
1000
1000
1000
1000
1000
1000
1000
1000
1000
1000
1000
1000
1000
1000
1000
1000
1000
1000
1000
1000
1000
1000
1000
1000
1000
1000
1000
1000
1000
1000
1000
1000
1000
1000
1000
1000
1000
1000
1000
1000
1000
1000
1000
1000
1000
1000
1000
1000
1000
1000
1000
1000
1000
1000
1000
1000
1000
1000
1000
1000
1000
1000
1000
1000
1000
1000
1000
1000
1000
1000
1000
1000
1000
1000
1000
1000
1000
1000
1000
1000
1000
1000
1000
1000
1000
1000
1000
1000
1000
1000
1000
1000
1000
1000
1000
1000
1000
1000
1000
1000
1000
1000
1000
1000
1000
1000
1000
1000
1000
1000
1000
1000
1000
1000
1000
1000
1000
1000
1000
1000
1000
1000
1000
1000
1000
1000
1000
1000
1000
1000
1000
1000
1000
1000
1000
1000
1000
1000
1000
1000
1000
1000
1000
1000
1000
1000
1000
1000
1000
1000
1000
1000
1000
1000
1000
1000
1000
1000
1000
1000
1000
1000
1000
1000
1000
1000
1000
1000
1000
1000
1000
1000
1000
1000
1000
1000
1000
1000
1000
1000
1000
1000
1000
1000
1000
1000
1000
1000
1000
1000
1000
1000
1000
1000
1000
1000
1000
1000
1000
1000
1000
1000
1000
1000
1000
1000
1000
)
;
    }
}


// ************************************************************************* //
