/*--------------------------------*- C++ -*----------------------------------*\
| =========                 |                                                 |
| \\      /  F ield         | OpenFOAM: The Open Source CFD Toolbox           |
|  \\    /   O peration     | Version:  plus.master.MPPICInterFoam            |
|   \\  /    A nd           | Web:      www.OpenFOAM.com                      |
|    \\/     M anipulation  |                                                 |
\*---------------------------------------------------------------------------*/
FoamFile
{
    version     2.0;
    format      ascii;
    class       volScalarField;
    location    "8.2";
    object      rho;
}
// * * * * * * * * * * * * * * * * * * * * * * * * * * * * * * * * * * * * * //

dimensions      [1 -3 0 0 0 0 0];

internalField   nonuniform List<scalar> 
11822
(
998.421
961.324
948.261
951.104
989.534
999.884
1000
890.191
866.608
876.959
834.928
816.796
981.994
1000
887.253
438.954
893.671
673.922
771.716
939.867
1000
715.233
845.449
509.82
378.933
742.317
945.326
1000
861.475
430.482
796.343
638.715
747.167
936.503
1000
924.283
851.767
880.147
837.359
843.391
988.052
1000
1000
984.69
964.595
974.968
1000
1000
1000
990.236
884.739
849.748
853.117
957.333
998.719
1000
751.457
562.041
451.975
512.503
590.039
941.325
1000
622.828
373.072
618.133
422.756
479.767
822.268
1000
402.154
422.059
617.191
374.799
524.235
832.992
1000
613.1
373.97
419.396
405.382
463.073
824.028
1000
834.866
571.704
541.757
533.266
681.541
961.812
1000
999.633
949.963
914.197
927.928
992.04
1000
1000
977.407
805.534
733.338
754.198
917.595
996.149
1000
655.897
374.572
374.02
373.364
467.814
890.735
1000
384.959
373.123
373.458
373.284
373.261
710.212
999.994
376.437
373.752
682.064
374.499
374.119
722.179
1000.01
425.293
373.805
373.886
373.663
373.733
728.704
1000.01
766.554
394.818
376.806
375.712
596.425
933.977
1000
996.477
916.055
869.862
886.275
978.293
1000
1000
977.268
812.739
736.54
762.216
921.063
995.54
1000
674.444
373.505
373.934
373.675
494.919
890.315
1000
398.538
373.471
373.627
373.304
373.674
716.257
1000
389.325
373.572
682.266
373.767
373.701
722.741
1000
451.599
373.695
373.709
373.565
373.704
741
1000
786.462
427.522
389.3
396.054
627.561
936.234
1000
996.563
927.967
887.403
901.209
981.673
1000
999.999
986.268
894.299
835.12
860.759
958.624
996.599
1000
791.306
427.657
377.362
400.829
650.806
922.343
999.999
564.608
373.391
373.539
373.609
376.198
806.179
999.998
560.199
373.475
682.166
373.6
373.634
792.06
999.999
628.19
373.642
373.585
373.488
403.974
831.459
999.998
880.448
600.738
540.548
561.559
758.096
958.97
1000
998.618
975.83
955.087
961.184
995.185
1000
999.998
996.915
983.338
964.907
974.801
993.916
998.844
999.993
938.889
673.458
562.041
619.997
869.872
971.12
1000
831.897
373.326
373.392
373.501
523.351
929.578
1000
839.341
373.392
613.848
438.122
476.431
903.701
999.999
874.678
377.76
373.509
373.396
596.641
939.713
1000
973.049
839.452
799.47
818.808
897.971
986.683
1000
999.856
999.558
997.831
998.324
999.995
999.995
999.999
1000
1000
999.988
999.978
999.815
999.51
999.608
999.973
1000
1000
1000
1000
1000
1000
1000
999.996
1000
1000
1000
1000
1000
1000
1000
1000
1000
1000
1000
1000
1000
1000
1000
1000
1000
1000
1000
1000
1000
1000
1000
1000
1000
1000
1000
1000
1000
1000
1000
1000
1000
1000
1000
1000
1000
999.998
999.997
1000
1000
1000
999.991
999.971
999.884
999.717
999.879
999.996
1000
1000
1000
1000
1000
1000
1000
999.997
1000
1000
1000
1000
1000
1000
1000
1000
1000
1000
1000
1000
1000
1000
1000
1000
1000
1000
1000
1000
1000
1000
1000
1000
1000
1000
1000
1000
1000
1000
1000
1000
1000
1000
1000
1000
1000
999.996
999.998
1000
1000
1000
999.995
999.972
999.932
999.804
999.913
999.998
1000
1000
1000
1000
1000
1000
1000
999.998
1000
1000
1000
1000
1000
1000
1000
1000
1000
1000
1000
1000
1000
1000
1000
1000
1000
1000
1000
1000
1000
1000
1000
1000
1000
1000
1000
1000
1000
1000
1000
1000
1000
1000
1000
999.999
1000
999.996
999.999
1000
1000
999.999
999.996
999.981
999.955
999.802
999.533
999.534
1000
1000
1000
1000
1000
1000
999.999
999.998
1000
1000
1000
1000
1000
1000
1000
1000
1000
1000
1000
1000
1000
1000
1000
1000
1000
1000
1000
1000
1000
1000
1000
1000
1000
1000
1000
1000
1000
1000
1000
1000
1000
1000
1000
999.999
1000
999.998
1000
1000
1000
999.991
999.997
999.994
999.971
999.764
999.191
999.291
1000
1000
1000
1000
1000
1000
1000
1000
1000
1000
1000
1000
1000
1000
1000
1000
1000
1000
1000
1000
1000
1000
1000
1000
1000
1000
1000
1000
1000
1000
1000
1000
1000
1000
1000
1000
1000
1000
1000
1000
1000
1000
1000
999.999
1000
1000
1000
1000
999.998
999.991
999.997
1000
1000
999.634
999.108
999.319
1000
1000
1000
1000
1000
1000
1000
1000
1000
1000
1000
1000
1000
1000
1000
1000
1000
1000
1000
1000
1000
1000
1000
1000
1000
1000
1000
1000
1000
1000
1000
1000
1000
1000
1000
1000
1000
1000
1000
1000
1000
1000
1000
999.999
1000
1000
1000
1000
1000
1000
1000
1000
1000
1000
1000
1000
1000
1000
1000
1000
1000
1000
1000
1000
983.303
1000
1000
1000
1000
1000
1000
1000
974.514
1000
1000
1000
1000
1000
1000
1000
978.853
1000
1000
1000
1000
1000
1000
1000
1000
1000
1000
1000
1000
1000
1000
1000
1000
1000
1000
999.999
1000
1000
1000
1000
1000
1000
1000
1000
1000
1000
1000
1000
1000
1000
1000
1000
1000
1000
1000
1000
949.979
1000
1000
1000
1000
1000
1000
1000
913.853
1000
1000
1000
1000
1000
1000
1000
936.639
1000
1000
1000
1000
1000
1000
1000
1000
1000
1000
1000
1000
1000
1000
1000
1000
1000
1000
999.999
1000
1000
1000
1000
1000
1000
1000
1000
1000
1000
1000
1000
1000
1000
1000
1000
1000
1000
1000
1000
917.649
1000
1000
1000
1000
1000
1000
1000
853.159
1000
1000
1000
1000
1000
1000
1000
891.806
1000
1000
1000
1000
1000
1000
1000
995.778
1000
1000
1000
1000
1000
1000
1000
1000
1000
1000
999.999
1000
1000
999.998
1000
1000
1000
1000
1000
1000
1000
1000
1000
1000
1000
1000
1000
1000
1000
1000
1000
929.339
999.999
1000
1000
1000
1000
1000
1000
871.701
999.999
1000
1000
1000
1000
1000
1000
901.729
1000
1000
1000
1000
1000
1000
1000
996.526
1000
1000
1000
1000
1000
1000
1000
1000
1000
1000
999.999
999.998
1000
999.998
1000
1000
1000
1000
1000
1000
1000
1000
1000
999.999
1000
1000
1000
1000
1000
1000
1000
977.323
1000
1000
1000
1000
1000
1000
1000
950.956
999.999
1000
1000
1000
1000
1000
1000
960.425
999.999
1000
1000
1000
1000
1000
1000
999.851
1000
1000
1000
1000
1000
1000
1000
1000
1000
1000
999.999
999.994
999.998
999.999
1000
999.999
1000
1000
1000
1000
1000
1000
1000
1000
1000
1000
1000
999.998
999.998
1000
1000
999.8
1000
1000
1000
999.998
999.999
1000
1000
998.098
1000
1000
1000
1000
1000
1000
1000
998.617
1000
1000
1000
1000
1000
1000
1000
1000
1000
1000
1000
1000
1000
1000
1000
1000
1000
1000
999.998
999.98
999.984
999.998
999.999
1000
1000
1000
1000
999.966
998.983
997.676
996.792
1000
1000
1000
1000
999.994
997.798
996.796
996.792
1000
1000
999.995
999.916
999.969
996.791
996.791
996.794
1000
1000
1000
1000
1000
999.813
999.302
998.59
1000
1000
999.988
999.652
999.977
999.677
999.512
999.941
1000
1000
999.995
999.707
999.314
996.377
996.382
999.546
1000
1000
1000
999.999
998.159
996.351
996.382
999.796
1000
1000
1000
1000
999.998
997.413
999.056
997.625
1000
1000
1000
1000
999.956
997.254
999.168
996.953
1000
1000
999.999
999.991
999.994
996.907
998.094
996.795
1000
1000
1000
1000
1000
999.886
999.325
998.973
1000
1000
999.998
999.957
999.876
999.636
999.468
999.941
1000
1000
1000
999.966
998.495
996.378
996.379
999.534
1000
1000
999.996
999.999
998.389
997.128
997.75
999.902
1000
1000
1000
1000
1000
997.263
999.794
999.548
1000
1000
1000
1000
999.77
997.258
999.787
996.948
1000.01
1000
1000
1000
999.943
998.827
999.661
996.795
1000
1000
1000
1000
1000
999.957
999.464
999.549
1000
1000
999.999
1000
999.031
999.578
999.526
999.944
1000
1000
999.972
999.999
997.485
996.379
996.672
999.575
1000
1000
999.992
999.999
998.884
998.814
999.684
999.945
1000
1000
1000
1000
1000
998.347
999.87
1000
1000
1000
1000
1000
999.56
997.263
999.679
996.868
1000
1000
1000
1000
999.765
999.9
999.729
996.796
1000
1000
1000
999.999
1000
999.957
999.711
999.911
1000
1000
999.991
999.993
998.529
999.593
999.759
999.944
1000
1000
999.964
999.894
997.449
998.043
998.972
999.7
1000
1000
999.993
999.999
999.444
998.382
999.885
999.944
1000
1000
1000
999.999
999.913
999.88
999.942
999.999
999.997
1000
1000
1000
999.5
998.748
998.706
996.869
999.996
1000
1000
999.999
999.759
999.926
998.923
998.12
999.997
1000
1000
999.999
999.994
999.944
999.608
999.702
999.999
1000
999.97
999.949
998.971
999.714
999.94
999.944
1000
1000
999.969
999.797
997.449
999.224
999.181
999.928
999.999
999.999
999.995
999.999
999.845
997.563
996.218
996.766
1000
1000
1000
999.993
999.78
999.955
999.893
999.994
1000
1000
1000
1000
999.661
999.779
997.993
996.869
1000
1000
1000
999.991
999.9
999.959
998.01
999.104
1000
1000
1000
999.999
999.982
999.957
999.488
999.139
1000
1000
999.969
999.931
999.664
999.883
999.92
999.696
1000
1000
999.979
999.854
998.164
999.297
996.278
998.646
999.997
999.999
999.998
999.998
1000
997.593
996.022
996.022
1000
1000
1000
999.993
999.78
999.958
999.997
999.999
1000
1000
1000
999.984
999.326
999.808
999.983
999.994
1000
1000
1000
999.996
999.98
998.516
998.925
999.961
1000
1000
1000
999.995
999.979
998.476
998.475
999.84
1000
1000
1000
999.998
999.862
999.817
999.994
999.993
1000
1000
1000
1000
999.978
999.97
1000
999.999
1000
1000
1000
1000
1000
1000
1000
1000
1000
1000
1000
999.999
999.915
999.969
999.999
999.999
1000
1000
1000
999.992
999.325
999.879
999.999
999.993
1000
1000
1000
999.999
999.918
999.285
999.741
999.978
1000
1000
1000
999.994
999.966
998.477
998.631
999.919
1000
1000
1000
999.999
999.057
999.501
999.972
999.995
1000
1000
1000
1000
999.928
999.963
1000
999.998
1000
1000
1000
1000
1000
1000
1000
1000
1000
1000
1000
1000
999.932
999.982
999.999
999.998
1000
1000
1000
999.994
999.311
999.916
999.999
999.987
1000
1000
1000
1000
999.136
999.783
999.993
999.982
1000
1000
1000
999.991
999.957
998.56
999.414
999.98
1000
1000
1000
999.981
998.916
999.262
999.948
999.997
1000
1000
1000
999.999
999.826
999.96
1000
999.999
1000
1000
1000
1000
1000
1000
1000
1000
1000
1000
999.997
999.996
999.921
999.993
999.996
999.997
1000
1000
1000
999.971
999.18
999.958
999.999
999.987
1000
1000
1000
999.943
998.916
999.966
999.999
999.982
1000
1000
1000
999.982
999.327
999.571
999.962
999.989
1000
1000
1000
999.851
998.915
999.26
999.948
999.999
999.999
1000
1000
999.986
999.762
999.963
999.999
999.999
1000
1000
1000
1000
1000
1000
1000
1000
1000
1000
999.992
999.806
999.886
1000
999.97
999.996
1000
1000
1000
999.816
998.916
999.999
999.932
999.987
1000
1000
1000
999.875
998.916
999.685
999.746
999.981
999.999
1000
1000
999.886
998.915
999.934
999.993
999.993
999.999
1000
1000
999.544
998.915
999.38
999.963
999.999
999.999
1000
999.999
999.869
999.763
999.979
999.997
999.999
1000
1000
1000
1000
1000
1000
1000
1000
1000
1000
999.998
999.64
999.861
999.921
999.874
999.999
1000
1000
1000
999.499
998.964
999.266
999.205
999.999
1000
1000
1000
999.905
998.916
998.917
998.966
999.969
1000
1000
1000
999.855
998.916
999.488
999.882
1000
1000
1000
1000
999.505
998.915
999.619
999.997
1000
1000
1000
999.995
999.71
999.802
999.989
999.993
1000
1000
1000
1000
1000
1000
1000
1000
1000
1000
1000
1000
1000
1000
1000
1000
1000
1000
1000
1000
1000
1000
1000
1000
1000
1000
1000
1000
1000
1000
1000
1000
1000
1000
1000
1000
1000
1000
1000
1000
1000
1000
1000
1000
1000
1000
1000
1000
1000
1000
1000
1000
1000
1000
1000
1000
1000
1000
1000
1000
1000
1000
1000
1000
1000
1000
1000
1000
1000
1000
1000
1000
1000
1000
1000
1000
1000
1000
1000
1000
1000
1000
1000
1000
1000
1000
1000
1000
1000
1000
1000
1000
1000
1000
1000
1000
1000
1000
1000
1000
1000
1000
1000
1000
1000
1000
1000
1000
1000
1000
1000
1000
1000
1000
1000
1000
1000
1000
1000
1000
1000
1000
1000
1000
1000
1000
1000
1000
1000
1000
1000
1000
1000
1000
1000
1000
1000
1000
1000
1000
1000
1000
1000
1000
1000
1000
1000
1000
1000
1000
1000
1000
1000
1000
1000
1000
1000
1000
1000
1000
1000
1000
1000
1000
1000
1000
1000
1000
1000
1000
1000
1000
1000
1000
1000
1000
1000
1000
1000
1000
1000
1000
1000
1000
1000
1000
1000
1000
1000
1000
1000
1000
1000
1000
1000
1000
1000
1000
1000
1000
1000
1000
1000
1000
1000
1000
1000
1000
1000
1000
1000
1000
1000
1000
1000
1000
1000
1000
1000
1000
1000
1000
1000
1000
1000
1000
1000
1000
1000
1000
1000
1000
1000
1000
1000
1000
1000
1000
1000
1000
1000
1000
1000
1000
1000
1000
1000
1000
1000
1000
1000
1000
1000
1000
1000
1000
1000
1000
1000
1000
1000
1000
1000
1000
1000
1000
1000
1000
1000
1000
1000
1000
1000
1000
1000
1000
1000
1000
1000
1000
1000
1000
1000
1000
1000
1000
1000
1000
1000
999.996
1000
1000
1000
999.999
999.999
999.999
966.007
1000
1000
1000
1000
999.999
999.999
999.999
966.504
1000
1000
1000
1000
999.999
999.999
999.999
969.417
1000
1000
1000
1000
999.999
999.999
999.999
970.405
1000
1000
1000
1000
999.999
999.999
999.999
971.266
1000
1000
1000
1000
999.999
999.999
999.999
968.416
1000
1000
1000
1000
999.999
999.999
999.999
967.051
1000
1000
1000
1000
1000
1000
1000
1000
1000
1000
1000
1000
1000
1000
1000
1000
1000
1000
1000
1000
1000
1000
1000
1000
1000
1000
1000
1000
1000
1000
1000
1000
1000
1000
1000
1000
1000
1000
1000
1000
1000
1000
1000
1000
1000
1000
1000
1000
1000
1000
1000
1000
1000
1000
1000
1000
1000
1000
1000
1000
1000
1000
1000
1000
1000
1000
1000
1000
1000
1000
1000
1000
1000
1000
1000
1000
1000
1000
1000
1000
1000
1000
1000
1000
1000
1000
1000
1000
1000
1000
1000
1000
1000
1000
1000
1000
1000
1000
1000
1000
1000
1000
1000
1000
1000
1000
1000
1000
1000
1000
1000
1000
1000
1000
1000
1000
1000
1000
1000
1000
1000
1000
1000
1000
1000
1000
1000
1000
1000
1000
1000
1000
1000
1000
1000
1000
1000
1000
1000
1000
1000
1000
1000
1000
1000
1000
1000
1000
1000
1000
1000
1000
1000
1000
1000
1000
1000
1000
1000
1000
1000
1000
1000
1000
1000
1000
1000
1000
1000
1000
1000
1000
1000
1000
1000
1000
1000
1000
1000
1000
1000
1000
1000
1000
1000
1000
1000
1000
1000
1000
1000
1000
1000
1000
1000
1000
1000
1000
1000
1000
1000
1000
1000
1000
1000
1000
1000
1000
1000
1000
1000
1000
1000
1000
1000
1000
1000
1000
1000
1000
1000
1000
1000
1000
1000
1000
1000
1000
1000
1000
1000
1000
1000
1000
1000
1000
1000
1000
1000
1000
1000
1000
1000
1000
1000
1000
1000
1000
1000
1000
1000
1000
1000
1000
1000
1000
1000
1000
1000
1000
1000
1000
1000
1000
1000
1000
1000
1000
1000
1000
1000
1000
1000
1000
1000
1000
1000
1000
1000
1000
1000
1000
1000
1000
999.999
999.998
999.999
959.358
1000
1000
1000
1000
999.999
999.998
999.999
964.424
1000
1000
1000
1000
999.999
999.998
999.998
959.438
1000
1000
1000
1000
999.999
999.998
999.998
959.164
1000
1000
1000
1000
1000
999.998
999.998
960.434
1000
1000
1000
1000
1000
999.998
999.998
961.831
1000
1000
1000
1000
1000
999.998
999.998
961.714
1000
1000
1000
1000
1000
1000
1000
1000
1000
1000
1000
1000
1000
1000
1000
1000
1000
1000
1000
1000
1000
1000
1000
1000
1000
1000
1000
1000
1000
1000
1000
1000
1000
1000
1000
1000
1000
1000
1000
1000
1000
1000
1000
1000
1000
1000
1000
1000
1000
1000
1000
1000
1000
1000
1000
1000
1000
1000
1000
1000
1000
1000
1000
1000
1000
1000
1000
1000
1000
1000
1000
1000
1000
1000
1000
1000
1000
1000
1000
1000
1000
1000
1000
1000
1000
1000
1000
1000
1000
1000
1000
1000
1000
1000
1000
1000
1000
1000
1000
1000
1000
1000
1000
1000
1000
1000
1000
1000
1000
1000
1000
1000
1000
1000
1000
1000
1000
1000
1000
1000
1000
1000
1000
1000
1000
1000
1000
1000
1000
1000
1000
1000
1000
1000
1000
1000
1000
1000
1000
1000
1000
1000
1000
1000
1000
1000
1000
1000
1000
1000
1000
1000
1000
1000
1000
1000
1000
1000
1000
1000
1000
1000
1000
1000
1000
1000
1000
1000
1000
1000
1000
1000
1000
1000
1000
1000
1000
999.999
999.987
999.999
1000
1000
1000
1000
1000
999.997
999.979
999.998
1000
1000
1000
1000
1000
1000
1000
1000
1000
1000
1000
1000
1000
1000
1000
1000
1000
1000
1000
1000
1000
1000
999.992
1000
1000
1000
1000
1000
1000
999.999
1000
1000
1000
1000
1000
1000
1000
1000
1000
1000
1000
1000
1000
1000
1000
999.838
999.961
1000
1000
1000
1000
1000
1000
999.815
999.946
1000
1000
1000
1000
1000
1000
999.997
1000
1000
1000
1000
1000
1000
1000
999.955
999.997
1000
1000
1000
1000
1000
1000
999.821
999.961
1000
1000
1000
1000
1000
1000
999.985
1000
1000
1000
1000
1000
1000
999.922
1000
1000
1000
1000
999.998
999.998
961.997
999.235
999.72
999.991
1000
1000
999.998
999.998
963.264
999.296
999.72
999.988
1000
1000
999.998
999.998
962.081
999.782
999.996
1000
1000
1000
999.998
999.999
960.032
999.414
999.88
999.998
1000
1000
999.999
999.999
961.181
998.622
999.511
999.987
1000
999.999
999.999
999.999
963.555
999.132
999.924
1000
1000
999.999
999.999
999.999
965.269
1000
1000
1000
1000
1000
1000
1000
1000
1000
1000
1000
1000
1000
1000
1000
1000
1000
1000
1000
1000
1000
1000
1000
1000
1000
1000
1000
1000
1000
1000
1000
1000
1000
1000
1000
1000
1000
1000
1000
1000
1000
1000
1000
1000
1000
1000
1000
1000
1000
1000
1000
1000
1000
1000
1000
1000
1000
1000
1000
1000
1000
1000
1000
1000
1000
1000
1000
1000
1000
1000
1000
1000
1000
1000
1000
1000
1000
1000
1000
1000
1000
1000
1000
1000
1000
1000
1000
1000
1000
1000
1000
1000
1000
1000
1000
1000
1000
1000
1000
1000
1000
1000
1000
1000
1000
1000
1000
1000
1000
1000
1000
1000
1000
1000
1000
1000
1000
1000
1000
1000
1000
1000
1000
1000
1000
1000
1000
1000
1000
1000
1000
1000
1000
1000
1000
1000
1000
1000
1000
1000
1000
1000
1000
1000
1000
1000
1000
1000
1000
1000
1000
1000
1000
1000
1000
1000
1000
1000
1000
1000
1000
1000
1000
1000
1000
1000
1000
1000
1000
1000
1000
1000
1000
1000
1000
1000
1000
1000
1000
1000
1000
1000
1000
1000
1000
1000
1000
1000
1000
1000
1000
1000
1000
1000
1000
1000
1000
1000
1000
1000
1000
1000
1000
1000
1000
1000
1000
1000
1000
1000
1000
1000
1000
1000
1000
1000
1000
1000
1000
1000
1000
1000
1000
1000
1000
1000
1000
1000
1000
1000
1000
1000
1000
1000
1000
1000
1000
1000
1000
1000
1000
1000
1000
1000
1000
1000
1000
1000
1000
1000
1000
1000
1000
1000
1000
1000
1000
1000
1000
1000
1000
1000
1000
1000
1000
1000
1000
1000
1000
1000
1000
1000
1000
1000
1000
1000
1000
1000
1000
1000
1000
1000
1000
1000
999.999
999.999
999.999
966.185
1000
1000
1000
1000
999.999
999.999
999.999
964.72
999.961
1000
1000
1000
999.999
999.999
999.999
962.703
999.992
1000
1000
1000
999.999
999.999
999.999
961.114
1000
1000
1000
1000
999.999
999.999
999.999
959.52
1000
1000
1000
1000
999.999
999.998
999.999
959.015
1000
1000
1000
1000
999.999
999.998
999.999
958.253
1000
1000
1000
1000
1000
1000
1000
1000
1000
1000
1000
1000
1000
1000
1000
1000
1000
1000
1000
1000
1000
1000
1000
1000
1000
1000
1000
1000
1000
1000
1000
1000
1000
1000
1000
1000
1000
1000
1000
1000
1000
1000
1000
1000
1000
1000
1000
1000
1000
1000
1000
1000
1000
1000
1000
1000
1000
1000
1000
1000
1000
1000
1000
1000
1000
1000
1000
1000
1000
1000
1000
1000
1000
1000
1000
1000
1000
1000
1000
1000
1000
1000
1000
1000
1000
1000
1000
1000
1000
1000
1000
1000
1000
1000
1000
1000
1000
1000
1000
1000
1000
1000
1000
1000
1000
1000
1000
1000
1000
1000
1000
1000
1000
1000
1000
1000
1000
1000
1000
1000
1000
1000
1000
1000
1000
1000
1000
1000
1000
1000
999.9
1000
1000
1000
1000
1000
1000
1000
999.978
1000
1000
1000
1000
1000
1000
1000
999.998
1000
1000
1000
1000
1000
1000
1000
999.984
1000
1000
1000
1000
1000
1000
1000
999.919
1000
1000
1000
1000
1000
1000
1000
999.825
1000
1000
1000
1000
1000
1000
1000
1000
1000
1000
1000
1000
1000
996.352
994.079
999.671
1000
1000
1000
1000
1000
996.588
996.072
999.824
1000
1000
1000
1000
1000
996.152
997.167
999.964
1000
1000
1000
1000
1000
995.191
995.324
999.849
1000
1000
1000
1000
1000
994.591
993.829
999.667
1000
1000
1000
1000
1000
994.148
991.648
999.555
1000
999.824
989.123
992.027
992.506
977.089
992.789
1000
1000
999.442
988.791
992.419
998.82
964.919
982.352
999.813
1000
998.688
992.211
994.205
994.616
960.675
984.674
999.394
1000
998.383
993.978
991.797
987.893
957.704
985.868
999.536
1000
998.446
994.169
992.198
990.94
957.582
983.577
999.133
1000
998.153
989.567
995.693
988.371
956.855
978.136
999.14
1000
999.323
987.144
993.593
988.83
953.481
978.596
999.582
936.546
910.846
870.608
930.978
909.593
924.984
962.419
933.007
938.46
904.392
876.571
942.226
898.84
951.446
977.892
936.065
944.563
892.085
896.753
933.503
891.444
954.345
981.829
932.574
940.512
886.265
898.703
928.656
897.81
953.712
976.362
933.147
943.837
889.177
901.353
925.265
891.089
959.474
982.273
931.233
944.834
894.39
891.846
928.034
913.37
965.775
972.385
932.253
940.321
903.627
876.761
945.781
911.88
948.296
972.999
939.131
1000
1000
1000
1000
1000
1000
1000
1000
1000
1000
1000
1000
1000
1000
1000
1000
1000
1000
1000
1000
1000
1000
1000
1000
1000
1000
1000
1000
1000
1000
1000
1000
1000
1000
1000
1000
1000
1000
1000
1000
1000
1000
1000
1000
1000
1000
1000
1000
1000
1000
1000
1000
1000
1000
1000
1000
1000
1000
1000
1000
1000
1000
1000
1000
1000
1000
1000
1000
1000
1000
1000
1000
1000
1000
1000
1000
1000
1000
1000
1000
1000
1000
1000
1000
1000
1000
1000
1000
1000
1000
1000
1000
1000
1000
1000
1000
1000
1000
1000
1000
1000
1000
1000
1000
1000
1000
1000
1000
1000
1000
1000
1000
1000
1000
1000
1000
1000
1000
1000
1000
1000
1000
1000
1000
1000
1000
1000
1000
1000
1000
1000
1000
1000
1000
1000
1000
1000
1000
1000
1000
1000
1000
1000
1000
1000
1000
1000
1000
1000
1000
1000
1000
1000
1000
1000
1000
1000
1000
1000
1000
1000
1000
1000
1000
1000
1000
1000
1000
1000
1000
1000
1000
1000
1000
1000
1000
1000
1000
1000
1000
1000
1000
1000
1000
1000
1000
1000
1000
1000
1000
1000
1000
1000
1000
1000
1000
1000
1000
1000
1000
1000
1000
1000
1000
1000
1000
1000
1000
1000
1000
1000
1000
1000
1000
1000
1000
1000
1000
1000
1000
1000
1000
1000
1000
1000
1000
989.444
993.963
995.212
980.752
994.467
1000
1000
1000
996.791
996.839
998.418
983.831
993.477
1000
1000
1000
997.141
999.309
998.759
984.533
993.445
1000
1000
1000
997.423
999.93
998.02
984.546
994.021
1000
1000
1000
997.75
1000
997.545
984.179
994.208
1000
1000
999.962
997.82
1000
996.913
983.091
993.941
1000
1000
999.574
997.12
1000
996.528
982.578
994.33
1000
937.548
946.794
883.671
918.966
929.385
924.754
956.702
946.175
928.295
932.73
905.083
909.406
923.097
927.524
952.445
948.439
944.744
927.77
895.886
931.968
925.552
929.206
949.045
950.276
949.083
911.199
903.307
944.467
922.266
927.371
948.815
950.734
950.248
902.21
907.762
950.837
921.713
925.779
949.132
950.823
951.944
896.562
910.604
955.602
921.722
924.784
949.172
950.263
954.958
894.749
910.589
960.068
920.642
924.858
949.785
948.99
1000
1000
1000
1000
1000
1000
1000
1000
1000
1000
1000
1000
1000
1000
1000
1000
1000
1000
1000
1000
1000
1000
1000
1000
1000
1000
1000
1000
1000
1000
1000
1000
1000
1000
1000
1000
1000
1000
1000
1000
1000
1000
1000
1000
1000
1000
1000
1000
1000
1000
1000
1000
1000
1000
1000
1000
1000
1000
1000
1000
1000
1000
1000
1000
1000
1000
1000
1000
1000
1000
1000
1000
1000
1000
1000
1000
1000
1000
1000
1000
1000
1000
1000
1000
1000
1000
1000
1000
1000
1000
1000
1000
1000
1000
1000
1000
1000
1000
1000
1000
1000
1000
1000
1000
1000
1000
1000
1000
1000
1000
1000
1000
1000
1000
1000
1000
1000
1000
1000
1000
1000
1000
1000
1000
1000
1000
1000
1000
1000
1000
1000
1000
1000
1000
1000
1000
1000
1000
1000
1000
1000
1000
1000
1000
1000
1000
1000
1000
1000
1000
1000
1000
1000
1000
1000
1000
1000
1000
1000
1000
1000
1000
1000
1000
1000
1000
1000
1000
1000
1000
1000
1000
1000
1000
1000
1000
1000
1000
1000
1000
1000
1000
1000
1000
1000
1000
1000
1000
1000
1000
1000
1000
1000
1000
1000
1000
1000
1000
1000
1000
1000
1000
1000
1000
1000
1000
1000
1000
1000
1000
1000
1000
1000
1000
1000
1000
1000
1000
1000
1000
1000
1000
1000
1000
1000
999.491
996.927
1000
995.288
980.668
994.148
1000
1000
999.803
997.844
1000
993.885
978.455
994.036
1000
1000
1000
995.523
995.226
994.494
978.074
992.406
1000
1000
1000
991.676
993.748
991.537
974.546
994.79
1000
1000
1000
990.163
993.852
993.915
981.418
996.947
1000
1000
999.945
989.561
992.333
996.375
982.393
992.479
1000
1000
999.928
988.55
989.803
995.137
985.513
995.092
1000
954.522
894.204
910.305
958.762
918.152
926.4
949.261
947.725
949.957
895.773
907.852
945.779
919.2
929.324
947.459
946.115
928.765
921.773
886.156
914.044
929.593
927.563
946.744
943.246
934.575
923.934
870.172
925.406
925.073
927.528
951.748
939.714
941.38
915.818
870.258
930.945
913.402
921.789
958.653
936.678
941.607
913.325
870.347
933.312
911.705
925.739
964.251
935.7
938.343
910.614
870.426
929.145
910.402
922.274
962.119
934.295
1000
1000
1000
1000
1000
1000
1000
1000
1000
1000
1000
1000
1000
1000
1000
1000
1000
1000
1000
1000
1000
1000
1000
1000
1000
1000
1000
1000
1000
1000
1000
1000
1000
1000
1000
1000
1000
1000
1000
1000
1000
1000
1000
1000
1000
1000
1000
1000
1000
1000
1000
1000
1000
1000
1000
1000
1000
1000
1000
1000
1000
1000
1000
1000
1000
1000
1000
1000
1000
1000
1000
1000
1000
1000
1000
1000
1000
1000
1000
1000
1000
1000
1000
1000
1000
1000
1000
1000
1000
1000
1000
1000
1000
1000
1000
1000
1000
1000
1000
1000
1000
1000
1000
1000
1000
1000
1000
1000
1000
1000
1000
1000
1000
1000
1000
1000
1000
1000
1000
1000
1000
999.931
999.737
1000
1000
1000
1000
1000
1000
1000
999.92
1000
1000
1000
1000
1000
1000
1000
999.969
1000
1000
1000
1000
1000
1000
1000
999.983
1000
1000
1000
1000
1000
1000
1000
1000
1000
1000
1000
1000
1000
1000
1000
1000
1000
1000
1000
1000
1000
1000
1000
1000
1000
1000
1000
1000
1000
991.01
988.581
999.406
1000
1000
1000
1000
1000
996.61
995.087
999.743
1000
1000
1000
1000
1000
999.265
997.735
999.877
1000
1000
1000
1000
1000
999.75
998.39
999.918
1000
1000
1000
1000
1000
999.996
999.801
999.999
1000
1000
1000
1000
1000
1000
999.984
1000
1000
1000
1000
1000
1000
1000
1000
1000
1000
999.701
988.307
992.714
991.059
953.342
977.233
999.649
1000
999.714
988.857
995.151
990.469
952.275
978.05
999.759
1000
999.887
989.21
996.174
990.092
954.849
980.691
999.878
1000
999.807
990.577
997.232
988.855
956.662
982.673
999.927
1000
999.7
990.559
997.26
985.99
961.613
986.002
1000
1000
999.802
990.733
998.098
985.018
966.623
988.473
1000
1000
1000
989.956
996.398
989.35
973.935
992.249
1000
942.819
909.573
878.203
938.706
911.906
957.251
975.215
940.773
946.728
913.077
879.879
942.099
910.26
944.346
970.614
938.5
947.577
920.207
877.003
943.516
910.298
930.33
966.746
938.759
948.708
921.899
877.499
940.297
913.986
925.498
965.73
939.32
948.366
923.561
875.282
937.177
929.373
923.607
956.925
943.031
948.976
923.474
875.142
942.564
934.679
915.906
956.926
945.477
943.96
937.959
875.465
925.299
938.781
922.707
955.269
946.914
999.903
999.991
999.933
999.98
999.988
999.928
999.997
997.456
939.783
866.122
885.833
988.546
998.548
1000
981.662
512.511
377.471
400.273
798.044
995.331
1000
982.513
539.85
402.784
699.903
733.928
984.141
1000
988.057
580.574
446.02
478.492
855.869
995.636
1000
999.248
976.755
962.653
964.856
987.386
999.127
1000
999.999
999.999
999.998
999.998
1000
999.998
1000
1000
999.999
999.999
999.999
1000
1000
1000
999.998
999.959
993.487
992.835
999.989
999.999
1000
999.986
919.209
562.815
571.142
983.441
999.997
1000
999.985
816.02
355.547
640.14
875.375
999.992
1000
999.992
930.877
703.07
737.467
995.018
999.998
1000
999.999
999.989
999.978
999.776
999.996
1000
1000
1000
1000
1000
1000
1000
1000
1000
707.255
899.882
948.044
947.835
882.373
775.576
702.854
871.661
908.991
993.307
973.449
824.17
839.189
843.41
942.631
847.675
805.446
601.631
873.77
895.354
870.317
994.459
814.941
324.347
318.096
792.393
945.415
870.302
928.039
814.022
705.256
695.301
731.996
828.097
835.186
828.977
868.952
963.862
956.456
823.343
766.942
776.54
681.361
858.424
916.652
904.101
834.209
731.505
762.95
241.919
356.681
442.847
427.093
275.402
153.631
145.441
327.716
456.291
717.699
632.631
318.941
191.876
137.578
399.761
391.66
695.126
517.971
315.054
244.061
175.62
485.649
569.041
421.955
305.695
377.442
301.051
192.186
414.212
363.846
420.849
429.282
243.448
225.869
197.064
267.558
304.969
388.746
427.924
284.8
195.645
184.217
191.321
231.987
274.586
282.171
226.845
183.974
180.704
425.659
385.183
334.142
353.4
388.688
347.46
182.103
430.434
304.121
243.574
299.986
394.073
305.34
125.874
434.699
344.401
375.394
431.369
395.5
286.825
111.294
437.104
384.209
443.817
440.442
386.173
311.794
195.217
435.192
431.072
442.463
443.839
427.98
328.096
217.838
433.915
431.557
411.059
435.985
431.4
328.936
202.748
382.979
297.921
273.12
291.094
287.545
251.338
185.478
1
0.999998
0.999918
0.999949
0.999998
1
1
0.999997
2.95075
10.1737
12.5082
2.26879
0.999985
0.999999
0.999877
22.0831
38.8209
43.0281
32.9534
5.70929
0.999944
0.999235
37.1952
69.5095
57.1152
42.9013
9.01353
0.999884
0.999934
20.9859
49.6124
48.802
36.8294
6.17452
0.999972
0.999999
0.999865
17.1004
20.1939
8.46581
0.999934
1
1
1
0.999884
0.999624
0.999955
1
1
1
1
1
1
1
1
1
1
1
1
1
1
1
1
1
1
1
1
1
1
1
1
1
1
1
1
1
1
1
1
1
1
1
1
1
1
1
1
1
1
1
1
1
1
1
1
1
1
1
1
1
1
1
1
1
1
1
1
1
1
1
1
1
1
1
1
1
1
1
1
1
1
1
1
1
1
1
1
1
1
1
1
1
1
1
1
1
1
1
1
1
1
1
1
1
1
1
1
1
1
1
1
1
1
1
1
1
1
1
1
1
1
1
1
1
1
1
1
1
1
1
1
1
1
1
1
1
1
1
1
1
1
1
1
1
1
1
1
1
1
1
1
1
1
1
1
1
1
1
1
1
1
1
1
1
1
1
1
1
1
1
1
1
1
1
1
1
1
1
1
1
1
1
1
1
1
1
1
1
1
1
1
1
1
1
1
1
1
1
1
1
1
1
1
1
1
1000
999.994
999.997
1000
1000
999.948
999.696
999.565
1000
1000
1000
1000
1000
1000
1000
1000
1000
1000
1000
1000
1000
1000
1000
1000
1000
1000
1000
1000
1000
1000
1000
1000
1000
1000
1000
1000
1000
1000
1000
1000
1000
1000
1000
1000
1000
1000
1000
1000
1000
1000
1000
1000
1000
1000
1000
1000
1000
1000
1000
1000
1000
1000
999.994
999.995
1000
1000
1000
1000
1000
1000
1000
1000
1000
1000
1000
1000
1000
1000
1000
1000
1000
1000
1000
1000
1000
1000
1000
1000.01
1000
1000
1000
1000
1000
1000
1000
1000
1000
1000
1000
1000
1000
1000
1000
1000
1000
1000
1000
1000
1000
1000
1000
1000
840.982
994.657
1000
1000
1000
1000
999.559
961.508
875.596
989.071
1000
1000
1000
1000
995.86
956.165
878.305
985.914
1000
1000
1000
1000
999.999
958.015
864.843
984.352
1000
1000
1000.01
1000
999.999
891.901
886.64
996.699
1000
1000
1000.01
1000
999.998
927.64
915.335
1000
1000
1000
1000
1000
996.185
950.175
977.488
1000
1000
997.806
979.545
967.195
954.669
912.11
160.537
486.287
903.69
960.286
913.377
884.76
752.196
210.64
178.824
467.296
903.828
953.459
916.145
886.5
674.818
102.689
204.279
475.295
891.669
959.317
934.892
916.704
708.507
117.462
307.152
740.252
946.169
944.19
948.7
947.023
652.358
52.349
291.531
704.121
914.657
909.337
934.114
949.966
677.52
62.4877
258.16
636.94
835.184
833.741
889.039
938.801
736.361
107.133
264.769
663.385
762.578
700.856
789.555
927.266
834.949
251.557
5.76394
1
58.5469
257.04
121.96
0.972802
0.999725
0.998346
0.999493
1.00001
109.481
225.851
76.3861
0.97958
0.999862
0.999077
11.4706
3.60933
70.3987
225.401
134.601
0.979483
0.999588
0.998504
84.4033
36.959
45.4824
179.493
171.34
37.0627
0.991535
0.994562
113.893
36.9127
15.3783
76.1197
132.666
68.3448
0.988379
0.991288
97.3663
18.4319
0.999898
3.13107
60.2289
54.379
6.52078
0.985882
58.1645
0.990952
0.999992
1
23.8436
42.1405
18.1475
0.975801
0.999999
1
1
1
1
1
1
1
0.999858
1
1
1
1
1
1
1
0.999999
1
1
1
1
1
1
1
0.999999
1
1
1
1
1
1
1
1
1
1
1
1
1
1.00002
1
1
0.999997
1
1
1
1
1
1
1
0.999996
1
1
1
1
1
0.999999
1
1
1
1
1
1
1
1
1
1
1
1
1
1
1
1
1
1
1
1
1
1
1
1
1
1
1
1
1
1
1
1
1
1
1
1
1
1
1.00008
1.00028
1
1
1
1
1
1
1
1.00844
1
1
1
1
1.00001
1.00001
1
1.01512
1
1
1
1
1
1
1
1
1
1
1
1
1
1
1
1
1
1
1
1
1
1
1
1
1
1
1
1
1
1
1
1
1
1
1
1
1
1
1.00002
1.00003
1
1
1
1
1
1
1
1.00304
1
1
1
1.00001
1.00001
1
1
1
1
1
1
1
1
1
1
1
1
1
1
1
1
1
1
1
1
1
1
1
1
1
1
1
1
1
1
1
1
1
1
1
1
1
1
1
1
1
1
1
1
1
1
1
1
1
1
1
1
1
1
1
1
1
1
1
1
1
1
1
1
1
1
1
1
1
1
1
1
1
1
1
1
1
1
1
1
1
1
1
1
1
1
1
1
1
1
1
1
1
1
1
1
1
1
1
1
1
1
1
1
1
1
1
1
1
1
1
1
1
1
1
1000
1000
1000
1000
1000
1000
1000
1000
1000
1000
1000
1000
999.998
999.996
999.996
999.998
999.999
1000
1000
1000
999.998
999.996
999.996
999.997
999.998
1000
1000
1000
1000
1000
1000
1000
999.998
1000
1000
1000
1000
1000
1000
1000
1000
1000
1000
1000
1000
1000
1000
1000
1000
1000
1000
1000
999.99
999.964
999.973
999.991
1000
1000
1000
1000
1000
1000
1000
1000
1000
1000
1000
1000
1000
1000
1000
1000
1000
1000
1000
1000
1000
1000
1000
1000
1000
1000
1000
1000
1000
1000
1000
1000
1000
1000
1000
1000
1000
1000
1000
1000
1000
1000
1000
1000
1000
1000
1000
1000
1000
1000
1000
1000
1000
999.994
1000
1000
741.156
920.381
1000
1000
999.66
1000.01
1000
999.999
796.636
802.698
938.189
1000
1000
1000
1000
1000
866.496
797.32
882.623
998.154
1000
1000
1000
1000
901.182
819.563
865.349
992.216
1000
1000
1000
1000
891.655
831.306
868.605
991.026
1000
1000
1000
1000
815.567
822.69
929.698
999.988
1000
1000
1000
1000
720.085
884.25
1000
1000
1000
999.998
1000
1000
191.296
307.516
769.617
938.909
774.06
613.01
766.415
763.196
193.684
222.459
517.056
946.454
966.929
909.573
871.107
792.706
265.281
215.542
392.487
859.371
970.244
939.428
919.215
813.263
304.204
199.413
341.142
815.87
982.955
957.93
943.835
768.103
285.353
182.043
326.562
813.789
987.133
954.67
938.503
755.882
215.783
188.805
373.624
869.721
985.001
942.578
921.11
794.617
220.798
214.755
486.608
876.28
973.951
953.242
929.048
867.555
272.534
60.5033
0.995424
104.338
353.606
119.061
0.972409
0.999509
373.453
172.763
127.122
317.116
308.798
86.0666
0.983372
0.999871
432.835
340.248
141.579
189.57
256.498
156.65
0.971254
0.999775
407.412
230.598
107.156
243.869
327.65
192.024
1.03005
0.999555
363.658
117.602
120.463
362.279
372.674
149.235
0.973292
0.999663
313.496
58.9081
62.9347
318.563
393.214
137.257
0.972226
0.99962
378.966
144.136
0.997428
0.999938
238.101
252.964
39.8969
0.995364
1
0.999999
1
1
1
1
1
1
1
1
1
1
1
1
1
1
1
1
1
1
1
1
1
1
0.999998
1
1
1
1
1
1
1
0.999998
1
1
1
1
1
1
1
1
1
1
1
1
1
0.999999
1
1
1
1
1
1
1
1
1
1
1
1
1
1
1
1
1.00011
1
1
1
1
1
1
1
1
1
1
1
1
1
1
1
1
1
1
1
1
1
1
1
1
1
1
1
1
1
1.00002
1.00004
1.00001
1
1
1
1
1
1.00004
1.0001
1
1
1.00001
1.00003
1.00001
1.00004
1.00014
1.00023
1.00002
1
1
1
1
1
1
1.00001
1.00007
1
1
1
1
1
1
1
1
1
1
1
1
1
1
1
1
1
1
1
1
1
1
1
1
1
1
1
1
1.00003
1.00006
1.00005
1.00002
1
1
1
1
1.00004
1.00015
1.00016
1.00007
1.00001
1.00003
1.00002
1
1.00019
1.0003
1.0003
1.00019
1
1
1
1
1
1
1
1
1
1
1
1
1
1
1
1
1
1
1
1
1
1
1
1
1
1
1
1
1
1
1
1
1
1
1
1
1
1
1.00007
1.0001
1
1
1
1
1
1
1
1.00056
1
1
1
1
1
1
1.00013
1.00138
1
1
1
1
1
1
1
1
1
1
1
1
1
1
1
1
1
1
1
1
1
1
1
1
1
1
1
1
1
1
1
1
1
1
1
1
1
1
1
1
1
1
1
1
1
1
1
1.00002
1
1
1
1
1
1
1
1.00044
1000
1000
1000
1000
999.921
999.95
999.621
999.777
1000
1000
1000
999.997
999.983
1000
999.542
998.582
1000
1000
1000
999.994
999.999
1000
999.45
999.013
1000
1000
1000
1000
999.988
1000
999.858
999.782
1000
1000
999.99
999.971
999.97
999.969
999.958
999.951
1000
1000
1000
999.931
999.939
999.961
998.479
998.932
999.999
999.999
1000
999.998
1000
999.593
999.259
997.179
1000
1000
1000
1000
1000
999.994
999.879
999.947
1000
1000
1000
1000
1000
1000
1000
999.978
1000
1000
1000
1000
1000
1000
1000
999.858
1000
1000
1000
1000
1000
1000
1000
999.999
1000
1000
1000
1000
1000
1000
999.999
999.999
1000
1000
1000
1000
1000
1000
999.999
999.989
1000
1000
1000
1000
1000
1000
999.995
999.99
715.325
895.718
1000
1000
999.999
999.996
999.941
999.973
810.426
852.384
987.198
1000
1000
1000
999.996
999.976
817.075
824.44
967.17
1000
1000
1000
999.995
990.097
824.628
819.485
967.321
1000
1000
1000
999.999
969.55
808.27
821.484
976.548
1000
1000
1000
999.999
975.305
757.919
865.701
997.45
1000
1000
999.999
999.99
982.646
795.571
969.534
1000
1000
1000.01
999.997
999.99
974.915
231.055
227.333
505.661
843.76
923.668
922.716
923.197
892.509
220.835
235.247
585.936
915.897
917.931
917.926
932.327
797.443
208.081
230.289
605.941
935.049
935.177
939.152
929.057
576.991
187.928
241.822
659.307
944.109
935.409
940.855
893.439
396.035
170.337
260.443
706.992
931.184
917.426
927.078
875.273
364.881
162.954
350.03
822.062
913.871
884.26
889.843
838.934
399.607
177.156
535.014
923.222
943.394
882.322
856.98
780.541
333.349
417.807
281.942
19.1904
1
46.9439
169.474
81.567
0.99118
411.826
332.672
108.637
15.3276
64.2427
103.176
42.2654
0.996795
403.763
338.275
113.047
65.9924
109.984
94.5674
12.5242
0.998842
394.861
318.869
123.759
99.8566
108.509
68.5139
0.991901
0.999864
386.293
331.096
139.459
73.6209
78.8287
48.5143
0.996824
0.999338
377.541
345.737
156.59
65.5186
51.0607
4.05406
0.999832
0.999995
112.415
71.1887
188.021
230.326
85.2428
0.979985
0.999856
0.999789
1
1
1
1
1
1
1
0.999999
1
1
1
1
1
1
1
1
1
1
1
1
1
1
1
1
1
1
1
1
1
1
1
1
1
1
1
1
1
1
1
1
1
1
1
1
1
1
1
1
1
1
1
1
1
1
1
1
1
1
1.00007
1.00019
1.00019
1.0003
1.00031
1.0002
1
1
1
1.00001
1.00003
1.00012
1.00019
1.00002
1
1
1
1
1
1.00004
1.00009
1
1
1
1
1
1.00001
1.00002
1.00002
1
1
1
1
1
1
1
1
1
1
1
1
1
1
1
1
1
1
1
1
1
1
1
1
1
1
1.00003
1.00028
1.0003
1.0003
1.0003
1.00025
1.00012
1
1.00001
1.00001
1.00001
1.00009
1.0003
1.0003
1.00024
1
1
1
1
1.00003
1.00014
1.00019
1.00008
1
1
1
1
1.00002
1.00004
1.00004
1.00001
1
1
1
1
1
1
1
1
1
1
1
1
1
1
1
1
1
1
1
1
1
1
1
1
1
1
1
1
1
1
1.00001
1.00088
1
1
1
1
1
1
1.00023
1.0016
1
1
1
1
1
1
1.00004
1.00081
1
1
1
1
1
1
1.00008
1.00014
1
1
1
1
1
1
1.00001
1.00002
1
1
1
1
1
1
1
1
1
1
1
1
1
1
1
1
1
1
1
1
1
1
1
1.00036
1
1
1
1
1
1
1
1.00071
1
1
1
1
1
1
1
1.00014
1
1
1
1
1
1
1
1
1
1
1
1
1
1
1
1
1
1
1
1
1
1
1
1
1
1
1
1
1
1
1
1
1000
1000
1000
999.852
999.859
999.915
999.954
999.953
1000
1000
1000
999.702
999.438
999.382
999.712
999.536
1000
1000
1000
1000
999.611
998.925
999.149
999.969
1000
1000
1000
999.983
999.492
999.508
999.522
998.954
1000
1000
1000
999.884
998.915
999.397
999.944
1000
1000
1000
1000
999.809
999.857
999.974
999.99
1000
1000
1000
1000
1000
1000
1000
1000
1000
1000
1000
1000
1000
1000
1000
1000
999.976
1000
1000
1000
999.968
999.987
999.97
999.97
999.966
1000
1000
1000
1000
1000
999.881
999.879
999.953
1000
1000
1000
1000
999.999
999.965
999.864
999.933
1000
1000
1000
1000
999.836
999.858
999.976
999.999
1000
1000
1000
999.994
999.99
1000
1000
1000
1000
1000
1000
1000
1000
1000
1000
1000
954.149
1000
1000
999.495
952.854
958.418
972.689
939.246
825.953
980.876
1000
999.982
999.989
999.973
999.966
960.141
833.607
939.114
1000
1000
999.999
999.936
999.92
964.619
866.809
934.46
999.904
1000
999.997
999.974
999.919
949.499
897.203
973.565
1000
999.999
999.981
999.929
999.986
971.412
866.727
979.821
1000
999.995
999.996
1000
1000
990.748
753.815
962.103
1000
1000
1000
1000
1000
999.998
256.006
568.071
684.775
700.837
814.278
925.884
853.576
314.299
175.309
303.288
684.907
922.495
927.516
918.948
797.326
224.047
163.389
258.855
670.18
961.974
951.881
930.415
792.33
207.589
182.051
284.951
668.516
953.424
957.04
948.73
824.41
219.448
219.784
350.989
721.854
941.039
953.5
950.874
885.845
346.264
197.749
299.963
623.883
889.969
940.5
935.256
916.799
586.919
189.205
232.513
556.25
786.829
891.222
902.498
899.907
779.338
74.7873
0.984569
0.999991
0.999988
41.1652
49.3577
11.6064
0.9852
88.9956
5.61092
0.99971
102.345
147.936
39.0859
0.997366
0.994603
55.0998
1.00017
13.6078
235.759
218.908
26.5597
0.997718
0.995666
56.5329
1.00023
1.00002
147.033
216.788
67.8503
0.992398
0.991699
68.287
0.99125
1.00002
51.4759
206.785
114.949
0.984432
0.994308
104.183
0.998209
1
3.6803
146.342
120.164
5.24234
0.99938
189.033
7.31644
0.999967
1
105.217
131.164
23.2866
0.99838
1
0.999997
1
1
1
1
1
1
1
0.999997
1
1
1
1
0.99993
1.00011
0.999761
1
1
1
1
1
0.99998
0.999999
0.999756
0.999843
1
1
1
1
1
1
0.99992
0.999728
1
1
1
1
1
1
0.999995
0.999985
1
1
1
1
1
1
1
1
1
1
1
1
1
0.999998
1
1
1
1
1
1.00001
1
1.00104
1
1
1
1
1
1
1.05794
1.17578
1
1
1
1
1
1
1.01693
1.05879
1
1
1
1
1
1.00001
1
1
1
1
1
1
1
1
1
1
1
1
1
1
1.00001
1
1
1.00001
1
1
1
1.00001
1.00001
1
1
1.00062
1
1
1
1
1
1
1
1
1
1
1
1
1
1
0.999999
1.0254
1
1
1
1
1
1
1.00093
1.00375
1
1
1
1
1
1
1.00001
1
1
1
1
1
1
1
1
1
1
1
1
1
1
1
1
1
1
1
1
1
1
1
1
1.00004
1
1
1
1
1
1
1
1
1
1
1
1
1
1
1
1
1
1
1
1
1
1
1
1
1
1
1
1
1
1
1
1
1
1
1
1
1
1
1
1
1
1
1
1
1
1
1
1
1
1
1
1
1
1
1
1
1
1
1
1
1
1
1
1
1
1
1
1
1
1
1
1
1
1
1
1
1
1
1
1
1
1
1
1
1
1
1
1
1
1
1
1
1
1
1
1
1
1
1
1
1
1
1
1
1
1
1
1
1
1
1
1
999.513
1000
1000
1000
1000
1000
1000
999.939
1000
1000
1000
1000
1000
1000
920.048
897.407
831.235
710.247
721.4
864.942
870.536
0.97312
0.986422
0.984656
1.00482
1.01367
1.02016
1.04774
0.999221
0.999665
0.99936
0.997645
0.996421
0.995445
0.990951
1
1
1
1
1
1.00001
1.0042
1
1.00001
1.00001
1.00001
1
1.02677
1.18611
1
1
1.00001
1.00001
1
1.0056
1.0338
1
1
1
1
1
1
1
1
1
1
1
1
1
1
1000
1000
1000
1000
1000
1000
1000
1000
1000
1000
1000
1000
1000
1000
998.696
991.117
977.397
952.734
955.269
979.984
991.534
496.347
388.993
307.73
180.102
167.588
240.358
383.669
0.999999
0.999985
0.997241
0.995897
0.996516
0.99685
0.997147
1
1
1
1
1
1
1
1.00025
1
1
1
1
1
1
1.00008
1
1
1
1.00001
1.00006
1.00012
1
1
1
1
1.00005
1.00107
1.00171
1
1
1
1
1
1.0008
1.00172
999.957
998.595
998.631
999.508
999.794
999.526
997.183
999.98
999.969
999.917
999.985
999.976
999.957
999.94
995.427
973.906
906.687
857.834
868.871
927.794
933.315
481.742
210.145
27.6557
0.877486
0.945307
1.00675
0.942947
0.99994
0.987022
0.995208
0.98973
0.992359
0.999876
0.998666
1
1
1
1
1
1
1
1
1
1
1
1
1
1
1.00012
1.00009
1.00004
1
1
1
1
1.00157
1.00173
1.00117
1.00016
1.00004
1
1
1.00137
1.00174
1.00139
1.00038
1
1
1
999.854
998.924
999.443
998.945
1000
1000
1000
999.927
999.866
999.86
999.857
1000
1000
1000
892.349
903.211
863.535
809.147
856.775
943.253
974.269
1.00828
0.977052
0.974247
0.980403
0.954983
35.2843
223.334
0.987276
0.997997
0.998513
0.994936
0.986163
0.996626
0.991593
1.00096
1.01855
1.00265
1
1
1
1
1.08949
1.17578
1.0281
1
1
1.00002
1.00315
1.01291
1.14129
1.00586
1
1
1
1.0008
1
1
1
1
1
1
1
1
1
1
1
1
1
1
999.993
999.999
999.994
999.989
984.737
952.7
923.768
770.031
1000
999.999
999.993
999.988
980.866
951.263
923.559
773.879
1000
999.999
999.992
999.988
978.21
952.206
920.17
773.979
1000
999.999
999.991
999.988
975.842
953.033
911.549
774.365
1000
999.999
999.991
999.988
975.063
952.215
914.538
774.33
1000
999.999
999.992
999.988
975.045
950.836
915.271
773.296
1000
999.999
999.993
999.988
975.885
951.067
915.952
778.243
998.609
978.135
904.772
767.977
611.694
509.762
677.343
794.417
997.529
987.278
901.665
764.2
602.865
511.814
684.723
794.417
999.123
992.624
886.79
756.005
594.236
517.97
692.184
794.414
999.981
994.285
873.832
749.693
584.858
524.281
698.968
794.406
999.837
995.542
876.701
743.55
578.872
523.593
696.497
794.394
995.127
984.845
883.29
738.466
576.157
518.839
690.233
794.376
995.752
974.091
888.65
734.862
572.516
520.014
686.77
794.353
665.913
353.187
183.91
217.48
374.365
416.592
463.935
476.211
607.065
382.611
207.816
219.791
385.005
416.235
463.184
474.142
586.8
437.571
205.088
220.01
392.225
416.292
461.651
470.992
651.581
521.792
191.205
219.65
396.239
416.457
460.158
468.88
590.05
491.482
207.126
220.042
397.117
415.619
458.115
466.965
552.6
371.481
204.178
224.433
396.759
414.056
456.802
465.818
611.241
325.043
182.845
231.551
398.395
413.222
454.98
464.87
1.00004
1.00012
1.01373
17.4517
49.2954
52.2462
38.1601
22.222
1.00002
1.00008
1.00907
20.8215
49.3059
51.2256
37.3388
21.8986
1.00006
1.0001
1.0106
25.1978
48.8093
49.7081
36.4275
21.6733
1.00035
1.00008
1.006
28.8533
48.5621
48.6064
35.6173
21.2135
1.00069
1.00009
1.00648
30.1814
49.4945
49.0008
35.973
21.3642
1.00128
1.00027
1.00852
30.536
51.0019
50.5431
37.3379
22.2079
1.00299
1.00042
1.01424
30.6824
51.591
51.5814
38.6701
22.6724
0.999999
0.999986
1.00011
1.00099
1.00001
1
1
1
1
0.999985
1.00007
1.001
1.00001
1
1
1
0.999999
0.999977
1.00008
1.0012
1.00001
1
1
1
0.999998
0.999972
1.00003
1.0015
1.00001
1
1
1
0.999997
0.999973
1.00003
1.00147
1.00001
1
1
1
1.00012
1.00011
1.00016
1.00119
1.00001
1
1
1
1.00041
1.00017
1.00038
1.00105
1.00004
1.00001
1
1.00001
1
1
1
1.00004
1.00697
1.00229
1.00012
1
1
1
1
1.00003
1.00421
1.00281
1.00003
1
1
1
1
1.00004
1.00809
1.00499
1.00006
1
1
1
0.999997
1.00003
1.00655
1.00398
1.00001
1
1
1
0.999999
1.00003
1.008
1.00556
1.00018
1
1.00024
1.00016
1.00003
1.00003
1.00807
1.00446
1.00001
1
1.00329
1.00017
1.00017
1.00136
1.01944
1.02751
1.00709
1
1
1.00001
1
1.00001
1.00264
1.00521
1.00102
1
1.00001
1
1
1.00001
1.00962
1.00605
1.00012
1
1.00001
1
1
1.00002
1.00975
1.00784
1.0005
1
1.00001
1
1
1
1.00974
1.00599
1.00006
1
1
1
1
1
1.00432
1.00599
1.00134
1
1.03045
1.00983
1.00001
1
1.00161
1.0056
1.00135
1
1.21045
1.16537
1.02019
1.00606
1.01641
1.01134
1.00126
1
1
1
1
1.00006
1.00152
1.0052
1.00086
1
1
1
1
1.0004
1.00976
1.00519
1
1
1.00001
1
1
1.00038
1.00976
1.00559
1.00004
1
1.00001
1.00001
1
1
1.00976
1.00547
1.00001
1
1
1
1
1
1.00744
1.00495
1.0002
1
1.00673
1.00568
1
1
1.00126
1.00435
1.00057
1
1.09806
1.12274
1.01212
1.00218
1.00744
1.00409
1.00015
1
1
1
1
1
1.00224
1.00345
1.00008
1
1
1
1
1.00209
1.0083
1.00176
1
1
1
1
1
1.00244
1.00743
1.00118
1
1
1
1
1.00081
1.00457
1.00975
1.00185
1
1
1
1
1.00074
1.00413
1.00883
1.00207
1
1
1
1.00027
1.00117
1.00488
1.00823
1.00203
1
1
1
1.00193
1.00554
1.00658
1.00658
1.00075
1
1
1
1.00017
1.00131
1.00227
1.00112
1.00024
1
1
1
1
1.00077
1.00269
1.0008
1.00009
1
1
1
1
1.00122
1.00284
1.00058
1
1
1
1
1.00005
1.00405
1.00657
1.00283
1
1
1
1
1.00029
1.00495
1.00658
1.00358
1
1
1
1
1.00024
1.00495
1.00658
1.00489
1
1
1
1
1.00016
1.00475
1.00658
1.00342
1
1
1
1000
999.999
999.995
999.989
983.614
941.335
919.532
766.764
1000
999.999
999.995
999.989
985.748
938.754
914.771
765.982
1000
1000
999.995
999.989
988.301
939.84
905.576
763.55
1000
1000
999.996
999.989
990.444
941.695
895.815
763.55
1000
1000
999.996
999.989
992.094
943.528
889.758
763.55
1000
1000
999.996
999.989
992.765
944.684
887.902
763.55
1000
1000
999.996
999.99
992.646
945.883
891.423
763.55
999.996
985.139
926.888
807.123
607.501
465.936
627.849
781.584
999.996
992.054
939.573
819.243
620.938
460.244
624.42
780.725
999.995
999.082
946.861
823.155
631.498
459.896
621.391
780.038
999.995
999.97
949.941
826.619
641.257
460.774
620.078
782.108
999.996
999.971
954.277
831.306
649.391
462.137
618.937
783.851
999.997
999.091
959.524
839.209
654.144
462.433
618.215
784.687
999.998
992.667
949.7
838.814
651.261
466.231
616.378
784.909
847.79
470.899
204.092
184.827
343.711
419.741
459.301
464.251
824.196
494.542
251.467
182.41
335.313
422.517
462.196
465.278
808.555
561.917
307.805
181.803
328.473
426.576
465.229
466.69
808.413
629.913
351.211
171.618
321.173
428.517
466.49
467.433
813.453
638.984
367.034
166.159
313.462
428.357
466.892
468.817
816.396
567.14
341.868
172.477
307.924
426.063
466.788
471.211
844.527
511.453
271.207
175.427
306.958
424.925
465.607
472.731
8.9187
1.00258
1.00834
10.0292
51.2906
55.1777
39.3454
21.9988
1.00332
1.00088
1.0002
4.96761
50.7102
55.2897
38.3496
21.5554
0.998901
1.00008
1.0001
1.0056
49.2273
54.1252
36.7058
20.6564
0.998374
1.00006
1.00007
1.00413
48.6651
53.6115
36.1219
20.3433
0.999916
1.00005
1.00007
1.00359
48.3545
53.6395
36.3778
20.4746
0.997644
1.00004
1.00007
1.00409
48.5166
54.6238
37.5412
21.0604
1.00247
1.00017
1.00011
1.00568
48.0809
54.3734
38.2504
21.2104
0.999997
0.999991
1.00019
1.00129
1.00002
1
1
1
0.999999
0.99999
1
1.00016
1.00001
1
1
1
0.999616
1
0.999984
1.00008
1.00002
1.00001
1
1.00002
0.999768
1
0.999982
1.00006
1.00003
1.00002
1.00002
1.00002
0.999807
1
0.999982
1.00005
1.00004
1.00003
1.00004
1.00003
0.999741
1
0.999985
1.00005
1.00005
1.00004
1.00005
1.00006
0.996805
1
0.999987
1.00009
1.00005
1.00005
1.00005
1.00007
1
1
1
1.00003
1.0087
1.00287
1.00007
1
1
1
1
1.00001
1.00828
1.00294
1.00009
1
1
1
1
1
1.00621
1.0024
1.00015
1
1
1
1
1
1.00571
1.00214
1.00034
1
1
1
1
1
1.00427
1.00237
1.00045
1
1
1
1
1
1.00012
1.00212
1.00092
1.0001
1
1
1
1
1.00021
1.00212
1.00131
1.0001
1.00029
1.00002
1
1
1.00312
1.00574
1.001
1
1
1
1
1
1.00411
1.00572
1.00129
1
1
1
1
1
1.0026
1.0057
1.00141
1
1
1
1
1
1.00184
1.00435
1.00104
1
1
1.00004
1.00007
1
1.00105
1.00288
1.00103
1
1
1.00003
1.00003
1
1
1.0017
1.00157
1.00016
1
1.00001
1.00001
1
1
1.0011
1.00176
1.00047
1.00008
1.00004
1
1
1.00081
1.00331
1.00052
1
1
1
1
1
1.00082
1.00327
1.00063
1
1
1
1
1
1.00046
1.00288
1.00075
1
1
1
1
1
1.00004
1.00136
1.00061
1
1.00002
1.00004
1.00002
1
1
1.00086
1.00076
1.00004
1.00001
1.00003
1.00002
1
1
1.00053
1.00119
1.00008
1.00003
1.00001
1.00001
1
1
1.00007
1.00176
1.00014
1
1
1.00011
1.00039
1.00089
1.00064
1.00002
1
1
1
1
1
1.00022
1.00038
1.00003
1
1
1
1
1
1.00013
1.00025
1.00005
1
1.00001
1
1
1
1.00003
1.00009
1.00006
1
1.00006
1.00001
1
1
1.00006
1.00024
1.00011
1
1.00029
1
1
1
1.00016
1.00058
1.00011
1.00001
1.00072
1
1
1
1.00018
1.00098
1.00032
1
1
1.00001
1.0003
1.00055
1.00023
1
1
1
1
1.00001
1.00023
1.00033
1.00001
1
1
1
1
1.00009
1.00031
1.00026
1
1
1
1
1.00007
1.00038
1.0005
1.00013
1.00001
1
1
1
1.00053
1.00152
1.00062
1
1.00003
1.00002
1
1
1.00168
1.00174
1.00136
1.00005
1.00006
1.00016
1
1
1.00174
1.00174
1.00174
1.00119
1.0004
1.0002
1
1
999.835
999.999
999.995
999.989
993.463
946.12
896.872
763.55
998.971
999.869
999.985
999.988
993.551
947.13
902.219
763.55
999.249
999.926
999.981
999.988
993.351
948.349
910.334
763.55
999.624
999.995
999.994
999.988
992.104
949.574
916.899
763.551
999.843
999.926
999.991
999.988
990.266
950.157
922.917
763.702
997.665
999.679
999.979
999.988
987.402
950.43
925.438
765.496
997.619
999.958
999.993
999.988
986.625
952.254
924.949
768.294
999.973
989.803
940.244
832.207
654.851
469.3
617.367
786.797
999.912
994.847
944.627
820.599
652.04
473.177
623.33
788.646
999.707
999.789
930.219
803.819
649.803
479.438
633.125
790.509
999.788
999.957
917.049
791.378
643.548
485.194
642.21
792.622
999.889
999.269
914.135
783.318
635.912
492.211
652.449
793.211
999.581
989.588
915.364
783.749
625.946
497.577
663.618
794.013
999.412
982.83
909.407
774.637
621.36
504.637
670.929
794.417
849.627
498.132
242.419
173.472
307.078
425.249
465.125
472.282
787.21
500.537
281.978
176.299
313.75
426.742
465.692
471.529
762.667
582.36
285.662
181.26
323.747
427.475
466.285
470.904
760.908
597.351
249.963
192.925
334.46
426.239
466.386
470.894
709.961
537.339
236.592
199.54
346.273
423.147
466.007
473.011
680.301
427.164
217.242
205.129
358.924
419.374
465.796
475.16
681.78
379.52
198.843
212.469
365.436
417.531
464.674
476.349
2.87826
1.00046
1.00014
1.00661
47.3152
53.1739
37.7572
20.9033
1.00423
1.00024
1.00008
1.00355
46.7734
51.8898
36.4856
20.357
1.00178
1.00018
1.00007
1.00287
46.1239
50.3117
34.9594
19.6979
1.00042
1.00032
1.00392
5.87782
46.5336
50.2889
34.9564
20.1031
1.0003
1.00016
1.00904
9.96065
47.5307
51.0638
35.9757
20.6326
1.00001
1.00019
1.00995
12.87
48.879
52.3839
37.498
21.8809
1.00002
1.00016
1.01314
13.9835
49.043
52.4826
38.1181
22.2016
0.999932
1
0.999991
1.00011
1.00005
1.00005
1.00005
1.00007
0.99926
1
0.999985
1.00005
1.00005
1.00004
1.00005
1.00006
0.999901
1
0.999985
1.00005
1.00004
1.00003
1.00003
1.00006
0.999987
0.999984
1.00006
1.0011
1.00003
1.00002
1.00001
1.00003
0.999993
0.999986
1.00015
1.00124
1.00002
1.00001
1
1.00001
0.999999
0.999987
1.00017
1.00113
1.00001
1
1
1
0.999999
0.999988
1.00015
1.00102
1.00001
1
1
1
1
1
1
1
1.00038
1.00126
1.00051
1.00009
1
1
1
1
1.00465
1.00172
1.00017
1.00008
1
1
1
1
1.00482
1.002
1.00033
1.00007
1
1
1
1.00004
1.00615
1.00224
1.00018
1.00006
1
1
1
1.00004
1.00697
1.00249
1.00005
1.00005
1
1
1
1.00004
1.00697
1.00288
1.00007
1.00002
1
1
1
1.00003
1.00697
1.00251
1.00002
1.00002
1
1
1.00001
1
1.00006
1.0002
1.0017
1.00037
1
1
1
1
1.00143
1.00055
1.00141
1.00031
1
1
1
1
1.00135
1.00169
1.00065
1.00011
1
1
1
1
1.0025
1.00308
1.00046
1.00006
1
1
1
1
1.00382
1.00341
1.00036
1.00005
1
1
1
1
1.00448
1.0041
1.00055
1.00002
1
1.00001
1
1
1.00507
1.00334
1.00015
1.00002
1.00007
1
1
1
1
1.00091
1.00176
1.00028
1.00001
1.00002
1.00001
1
1
1.00081
1.00176
1.00023
1
1.00001
1
1
1
1.00067
1.00176
1.0002
1
1
1
1
1
1.00033
1.00172
1.00014
1
1
1
1
1.00027
1.00062
1.00167
1.00012
1
1
1
1
1.00047
1.00095
1.00166
1.0001
1
1
1
1
1.00083
1.0013
1.00125
1.00005
1.00157
1
1
1.00065
1.00127
1.00161
1.00161
1
1.00031
1
1
1.00044
1.00115
1.0016
1.00158
1
1.00007
1
1
1
1.00062
1.0016
1.00152
1.00001
1.00011
1
1
1
1.00004
1.00123
1.00104
1.00001
1.00005
1
1
1
1
1.00115
1.00111
1.00001
1.00001
1
1
1
1
1.00125
1.00111
1
1
1
1
1
1
1.00142
1.00075
1
1.00174
1.00174
1.00173
1.00173
1.00173
1.00099
1.00009
1
1.00174
1.00174
1.00166
1.00173
1.00173
1.00109
1.00008
1
1.00174
1.00174
1.00166
1.00167
1.00172
1.00092
1.00009
1
1.0013
1.00174
1.00174
1.00142
1.00165
1.00085
1
1
1.0008
1.00174
1.00173
1.00124
1.00085
1.00037
1.00003
1
1.0002
1.00139
1.00173
1.00131
1.00076
1.0003
1.00004
1
1
1.00064
1.00147
1.00151
1.00061
1.00027
1.00002
1
1000
999.998
999.993
999.989
973.511
951.05
916.9
779.533
999.803
999.998
999.993
999.989
970.386
949.925
913.825
772.783
999.061
999.998
999.992
999.989
970.933
949.018
911.767
766.358
999.988
999.999
999.992
999.989
972.532
949.07
912.654
763.564
1000
999.999
999.993
999.989
974.533
947.5
918.221
764.07
1000
999.999
999.994
999.989
977.652
945.177
919.983
766.79
1000
999.999
999.994
999.989
981.548
943.48
921.54
765.239
996.439
970.303
891.227
757.789
570.996
518.976
687.142
794.329
995.858
968.89
892.51
779.297
568.293
514.776
687.315
794.304
998.54
981.177
891.995
777.631
569.487
510.159
683.282
794.282
999.962
988.362
891.173
778.485
572.621
502.722
674.09
794.257
999.986
991.968
902.312
784.474
579.162
489.843
660.141
794.212
999.99
982.352
914.127
796.078
591.08
477.394
645.776
793.965
999.995
975.642
911.367
799.943
602.405
470.656
633.88
788.11
631.792
321.108
174.373
227.891
402.353
412.813
454.587
462.038
615.968
323.368
168.203
220.631
405.137
414.621
456.109
461.074
606.277
393.68
177.719
215.37
401.276
415.735
456.289
459.848
653.566
470.221
178.776
209.429
393.626
417.825
456.654
458.503
670.592
473.982
191.963
202.004
385.307
419.218
456.901
457.189
711.037
396.426
185.151
194.26
370.269
419.77
457.869
457.503
792.482
406.589
166.219
189.089
354.199
418.958
457.651
460.825
1.00173
1.00043
1.0166
32.023
51.921
52.3587
39.8714
24.6062
1.00062
1.00074
1.01459
33.8693
52.2369
52.5956
39.8819
24.9879
1.00043
1.0005
1.01584
34.0662
52.1546
52.2594
39.057
23.7845
1.00056
1.00018
1.01739
32.3019
51.7348
51.5863
37.8505
22.2729
1.00093
1.00025
1.0213
28.4126
51.8249
52.0212
37.8349
22.1665
1.00129
1.00052
1.01572
22.6352
51.6038
53.145
38.5449
22.8196
1.00267
1.00148
1.01781
15.8723
51.1076
54.1495
39.2505
22.5162
1.0002
1.00018
1.00039
1.00153
1.00053
1.00004
1.00001
1.00028
1.00054
1.00051
1.0007
1.00088
1.00004
1.00001
1
1.00001
1.00038
1.00028
1.00029
1.00101
1.00002
1
1
1
0.999994
0.999972
1.00013
1.00128
1.00002
1
1
1
0.999979
0.999978
1.0002
1.00137
1.00002
1
1
1
0.999941
0.999986
1.00038
1.00132
1.00002
1
1
1
0.999632
1
1.00046
1.00143
1.00001
1
1
1
1.0002
1.00019
1.0002
1.00088
1.21151
1.29627
1.1806
1.00084
1.07462
1.00845
1.0009
1.00231
1.0134
1.01794
1.00432
1
1.01076
1.00182
1.00002
1.00002
1.01101
1.00578
1.00001
1
1
1
1
1.00002
1.00881
1.00553
1.00003
1
1
1
1
1.00004
1.00985
1.0065
1.00004
1
1
1
1.00001
1.00004
1.00985
1.00521
1.00001
1
1.00007
1.00001
1.00003
1.00007
1.00878
1.00192
1.00004
1
1.20309
1.17843
1.1294
1.31121
1.34615
1.22942
1.00339
1
1.17524
1.02078
1.00097
1.00423
1.01092
1.01062
1.00187
1
1.00724
1.00002
1
1
1.00347
1.0106
1.002
1
1
1
1
1
1.01078
1.00839
1.00039
1
1
1
1
1
1.00582
1.00839
1.00214
1
1
1
1
1
1.00411
1.00837
1.00244
1
1.00315
1.00213
1.00006
1.00004
1.00215
1.00578
1.00132
1
1.08943
1.17207
1.16306
1.13062
1.05938
1.00121
1
1
1.17462
1.02511
1
1.00132
1.00749
1.00546
1.00039
1
1.00506
1
1
1
1.00965
1.00696
1.0005
1
1
1
1
1
1.01081
1.00769
1.00012
1
1
1
1
1
1.01002
1.00621
1.00039
1
1
1
1
1
1.00465
1.00569
1.00074
1
1.00167
1.00166
1
1.00038
1.00394
1.00426
1.00042
1
1
1.00138
1.00433
1.00322
1.0031
1
1
1
1.00032
1.00952
1.00577
1.00484
1.00481
1.00074
1
1
1.00003
1.00012
1.00059
1.00401
1.0094
1.00217
1
1
1
1
1.00057
1.00453
1.01081
1.00261
1
1
1
1
1.00084
1.00431
1.00841
1.00144
1
1
1
1
1.00131
1.00534
1.00839
1.0009
1
1
1
1
1.00096
1.00352
1.00484
1.00082
1
1
1
1.00019
1.00342
1.00489
1
1
1
1
1
1.0005
1.00513
1.00554
1.00159
1
1
1
1
1.0003
1.00445
1.00555
1.00202
1
1
1
1
1.00051
1.0049
1.00555
1.0023
1
1
1
1
1.00058
1.00507
1.00555
1.00216
1
1
1
1
1.00019
1.0043
1.00555
1.00276
1
1
1
1
1.00023
1.00126
1.00181
1.00083
1
1
1
767.714
815.164
879.441
862.699
878.107
924.957
857.99
853.501
769.937
816.117
883.727
901.282
850.656
868.537
867.795
862.801
771.335
811.274
885.015
920.821
853.42
865.586
878.027
868.468
778.559
813.373
888.939
928.652
856.589
857.65
883.154
871.021
773.152
812.624
886.04
928.486
851.621
872.927
883.719
872.676
770.91
815.179
880.285
890.748
929.802
890.735
873.369
878.323
766.967
809.518
875.767
915.182
930.127
861.748
870.917
872.218
779.918
788.423
775.92
772.94
806.49
743.606
753.283
791.005
781.353
784.885
765.343
753.981
826.976
811.909
738.93
770.696
781.338
782.202
758.269
749.055
827.675
814.391
730.85
767.985
781.902
779.555
756.203
749.975
824.407
821.75
733.42
766.715
782.005
778.109
748.48
750.089
830.157
807.543
725.446
767.005
781.279
784.385
753.075
753.832
768.617
744.69
742.755
770.281
779.062
785.217
764.283
726.925
746.65
794.523
750.87
763.553
471.409
467.938
466.787
463.044
449.157
461.055
466.172
458.431
469.6
467.167
469.046
466.557
439.02
445.658
465.528
462.454
466.978
465.423
468.567
463.992
434.81
442.602
462.881
460.798
464.931
463.23
467.581
461.123
431.312
437.536
458.661
457.209
462.821
462.014
467.292
459.336
428.907
440.024
457.72
457.922
460.712
458.789
463.97
459.402
446.069
452.969
456.742
454.638
459.853
456.38
461.821
464.213
450.346
440.288
452.173
453.096
21.9658
22.847
23.3213
25.8532
29.6392
29.4729
29.4634
30.8597
21.7803
22.3914
21.5478
23.6983
29.3784
29.9411
28.7601
29.5803
21.7041
22.1498
20.804
23.819
29.402
29.8504
28.8044
29.4484
21.2745
21.767
19.8789
23.6783
29.4866
29.9274
29.0681
29.6053
21.4009
21.7155
19.6008
24.0476
29.5673
30.0688
29.4195
29.7577
22.3994
23.0589
21.8371
25.2828
29.815
30.1527
30.6603
31.5576
22.2997
23.232
21.8614
23.122
29.3319
31.4268
31.4922
31.7822
1.00003
1.00002
1.00003
1.00002
1
1
1
1
1.00003
1.00002
1.00005
1.00004
1
1
1.00001
1
1.00002
1.00003
1.00007
1.00005
1.00001
1
1.00002
1.00001
1.00003
1.00003
1.0001
1.00007
1.00001
1.00001
1.00002
1.00001
1.00003
1.00004
1.00012
1.00007
1.00001
1.00001
1.00002
1
1.00004
1.00004
1.0001
1.00005
1
1
1
1
1.00005
1.00005
1.00011
1.00012
1
1
1
1
1
1
1
1
1
1
1
1
1
1
1
1
1
1
1
1
1
1
1
1
1
1
1
1
1
1
1
1
1
1
1
1
1
1
1
1
1
1
1
1
1
1
1
1
1
1
1
1
1
1
1
1
1
1
1
1
1
1
1
1
1
1
1
1
1
1
1
1
1
1
1
1
1
1
1
1
1
1
1
1
1
1
1
1
1
1
1
1
1
1
1
1
1
1
1
1
1
1
1
1
1
1
1
1
1
1
1
1
1
1
1
1
1
1
1
1
1
1
1
1
1
1
1
1
1
1
1
1
1
1
1
1
1
1
1
1
1
1
1
1
1
1
1
1
1
1
1
1
1
1
1
1
1
1
1
1
1
1
1
1
1
1
1
1
1
1
1
1
1
1
1
1
1
1
1
1
1
1
1
1
1
1
1
1
1
1
1
1
1
1
1
1
1
1
1
1
1
1
1
1
1
1
1
1
1
1
1
1
1
1
1
1
1
1
1
1
1
1
1
1
1
1
1
1
1
1
1
1
1
1
1
1
1
1
1
1
1
1
1
1
1
1
1
1
1
1
1
1
1
1
1
1
1
1
1
1
1
1
1
1
1
1
1
1
1
1
1
1
1
1
1
1
1
1
1
1
1
1
1
1
763.553
791.271
877.858
841.898
899.305
924.511
862.194
853.405
763.55
780.519
867.442
865.046
879.256
924.366
870.129
846.987
763.55
776.874
863.002
862.402
877.499
922.267
868.362
846.188
763.55
771.443
863.299
859.91
874.06
923.588
870.455
840.332
763.55
767.644
859.45
859.802
874.184
924.694
871.998
835.495
763.55
765.138
854.578
860.066
876.226
925.306
873.343
832.238
763.55
763.55
849.965
859.831
874.286
925.792
872.977
830.477
791.28
791.338
745.668
752.733
792.608
720.004
728.336
772.296
790.062
790.769
752.763
758.03
793.714
712.563
729.209
776.395
789.901
790.053
755.359
759.89
786.797
706.852
732.835
777.53
788.576
787.04
759.283
763.817
786.459
707.418
732.391
782.23
786.215
783.409
761.576
766.275
783.729
708.152
731.604
785.846
783.689
779.805
761.992
768.358
780.858
709.328
730.935
788.979
782.912
777.374
762.336
770.568
782.414
711.236
730.954
790.769
452.26
453.246
461.602
455.635
428.94
446.351
454.939
441.601
453.11
454.203
459.905
453.283
431.358
453.329
457.373
442.488
454.163
455.528
460.1
453.949
435.339
458.591
458.982
443.138
455.722
457.549
460.135
453.61
437.139
460.4
460.609
443.571
458.471
460.497
461.349
454.57
440.341
462.07
462.555
444.994
462.063
463.957
463.49
456.076
443.878
463.409
464.389
446.802
464.552
466.423
465.046
456.845
445.384
463.862
465.556
448.027
21.398
21.7405
20.1005
25.7941
32.3782
31.8876
29.2906
31.8135
21.4962
21.2962
20.5782
25.7427
31.3478
29.2292
27.5789
30.6283
21.0491
20.7958
20.5018
25.086
30.323
27.0101
26.404
29.7493
20.9042
20.6115
20.678
25.0013
29.913
26.1851
25.6793
29.2721
21.007
20.7538
21.1393
25.2532
29.8239
26.259
25.7499
29.3562
21.3047
21.1479
21.7455
25.7785
29.9547
26.8676
26.3014
29.746
21.0887
21.1385
21.9552
26.1146
30.0225
27.431
26.6719
30.0156
1.0001
1.00011
1.00016
1.00003
1
1
1
1
1.00008
1.00009
1.00011
1.00001
1
1
1
1.00001
1.00006
1.00007
1.00007
1.00001
1
1
1
1
1.00006
1.00006
1.00005
1
1
1
1
1
1.00005
1.00005
1.00004
1
1
1
1
1
1.00005
1.00005
1.00004
1
1
1
1
1
1.00005
1.00005
1.00004
1
1
1
1
1
1
1
1
1
1.00001
1
1
1.00002
1
1
1
1
1
1
1
1.00001
1
1
1
1
1
1
1
1.00001
1
1
1
1
1
1
1
1
1
1
1
1
1
1
1
1
1
1
1
1
1
1
1
1.00001
1
1
1
1
1
1
1
1.00001
1
1
1
1
1
1
1
1
1
1
1
1
1
1
1
1
1
1
1
1
1
1
1
1
1
1
1
1
1
1
1
1
1
1
1
1
1
1
1
1
1
1
1
1
1
1
1
1
1
1
1
1
1
1
1
1
1
1
1
1
1
1
1
1
1
1
1
1
1
1
1
1
1
1
1
1
1
1
1
1
1
1
1
1
1
1
1
1
1
1
1
1
1
1
1
1
1
1
1
1
1
1
1
1
1
1
1
1
1
1
1
1
1
1
1
1
1
1
1
1
1
1
1
1
1
1
1
1
1
1
1
1
1
1
1
1
1
1
1
1
1
1
1
1
1
1
1
1
1
1
1
1
1
1
1
1
1
1
1
1
1
1
1
1
1
1
1
1
1
1
1
1
1
1
1
1
1
1
1
1
1
1
1
1
1
1
1
1
1
1
1
1
1
1
1
1
1
1
1
1
1
1
1
1
1
1
1
1
1
1
1
1
1
1
1
1
1
1
1
1
1
1
1
1
763.55
764.069
851.103
860.799
880.118
926.117
871.486
831.903
763.55
768.976
848.947
862.896
896.09
926.209
866.392
835.966
763.55
784.758
845.045
869.371
904.325
926.044
868.004
836.167
763.55
789.746
862.363
864.31
901.439
925.78
857.699
844.495
763.55
800.443
877.338
864.057
872.249
921.771
854.437
844.977
763.55
805.504
879.373
879.036
857.598
890.297
855.644
848.821
764.648
812.382
879.403
878.558
852.845
894.417
858.055
848.44
781.975
776.607
764.167
773.093
779.266
711.19
733.935
791.03
780.226
775.782
771.043
779.354
765.296
708.87
741.364
789.153
779.393
777.788
792.911
787.362
753.702
711.669
745.094
792.493
779.68
782.064
789.103
781.589
759.767
717.366
749.245
788.858
780.245
787.724
774.007
765.505
806.071
745.32
747.182
794.219
780.017
788.405
769.948
760.02
820.489
789.864
747.297
787.964
780.344
788.586
773.937
764.728
825.028
789.671
749.506
789.587
465.489
467.222
465.118
456.187
446.956
464.481
465.508
449.146
466.075
466.755
462.463
452.909
450.854
465.696
464.35
450.39
466.324
463.287
453.364
447.319
455.256
465.907
463.619
450.295
466.502
463.027
455.752
451.512
454.113
464.828
463.674
451.887
468.174
465.559
464.857
461.297
440.54
454.273
463.357
450.502
470.709
468.371
468.26
465.125
437.969
446.694
463.769
455.153
471.94
468.887
468.412
465.416
440.626
450.461
464.877
458.089
20.6205
20.7602
21.7557
26.1093
29.6458
27.1482
26.672
29.7883
19.9768
20.2058
21.739
26.0294
28.4379
25.8566
26.3672
29.0542
19.3369
20.2923
23.3917
26.3504
26.6008
24.6473
25.7955
28.3088
19.8287
20.7697
23.1265
25.9417
27.405
25.5211
26.2309
28.576
20.3607
20.8398
21.0291
24.0518
29.7133
29.1348
26.9929
29.6353
21.2873
21.6302
21.4457
23.9064
30.344
30.6078
28.7434
30.293
21.5138
22.1804
22.1303
24.4178
30.1062
30.4426
29.3667
30.6622
1.00004
1.00004
1.00004
1
1
1
1
1
1.00004
1.00004
1.00003
1
1
1
1.00001
1
1.00004
1.00003
1.00001
1
1
1
1.00001
1
1.00003
1.00003
1.00001
1
1
1
1.00001
1.00001
1.00003
1.00003
1.00004
1.00001
1
1
1
1.00001
1.00003
1.00003
1.00005
1.00003
1
1
1
1
1.00003
1.00003
1.00004
1.00003
1
1
1
1
1
1
1
1
1
1
1
1.00001
1
1
1
1
1
1
1
1.00001
1
1
1
1
1
1
1
1
1
1
1
1
1
1
1
1.00001
1
1
1
1
1
1
1
1.00002
1
1
1
1
1
1.00002
1
1
1
1
1
1
1
1.00003
1
1
1
1
1
1
1
1
1
1
1
1
1
1
1
1
1
1
1
1
1
1
1
1
1
1
1
1
1
1
1
1
1
1
1
1
1
1
1
1
1
1
1
1
1
1
1
1
1
1
1
1
1
1
1
1
1
1
1
1
1
1
1
1
1
1
1
1
1
1
1
1
1
1
1
1
1
1
1
1
1
1
1
1
1
1
1
1
1
1
1
1
1
1
1
1
1
1
1
1
1
1
1
1
1
1
1
1
1
1
1
1
1
1
1
1
1
1
1
1
1
1
1
1
1
1
1
1
1
1
1
1
1
1
1
1
1
1
1
1
1
1
1
1
1
1
1
1
1
1
1
1
1
1
1
1
1
1
1
1
1
1
1
1
1
1
1
1
1
1
1
1
1
1
1
1
1
1
1
1
1
1
1
1
1
1
1
1
1
1
1
1
1
1
1
1
1
1
1
1
1
1
1
1
1
1
1
1
1
1
1
1
1
1
1
1
1
1
1
1
1
1
1
1
1
1
763.58
808.584
877.092
918.728
930.349
862.374
874.135
875.786
763.568
813.129
880.547
908.537
933.332
880.531
874.887
873.91
763.564
816.68
876.948
899.198
934.004
903.424
869.916
869.384
763.564
819.86
871.367
890.944
934.244
920.391
868.255
868.589
763.563
824.246
867.613
884.15
934.548
921.697
869.281
864.576
763.56
816.028
866.684
875.069
934.805
913.521
865.917
859.561
763.557
809.165
873.017
840.679
937.279
924.087
863.879
858.323
778.685
783.059
761.281
720.825
740.874
794.13
744.234
756.948
779.91
778.115
746.223
731.354
754.478
766.593
744.309
766.024
780.196
772.989
741.606
746.493
758.362
741.977
748.823
773.764
783.227
766.056
739.498
768.164
752.356
717.038
747.158
772.722
787.958
763.52
731.367
780.986
753.06
706.173
745.461
771.077
790.314
769.877
732.404
773.096
751.331
720.385
745.793
771.424
791.064
786.962
730.521
764.157
771.583
706.324
733.231
768.282
457.215
455.498
461.256
463.276
447.945
435.935
449.378
449.815
457.059
457.489
463.268
458.953
437.991
437.445
443.712
442.598
457.111
458.032
461.948
450.595
431.997
436.971
439.61
435.213
455.548
458.839
460.417
439.529
431.167
442.907
440.291
434.052
453.757
459.328
462.008
433.397
430.365
445.498
441.141
434.317
452.748
458.112
463.119
440.247
431.703
442.078
440.975
435.266
452.094
453.904
464.064
448.753
431.084
446.738
450.576
439.956
23.6096
23.7255
21.9895
23.4356
30.135
32.0735
31.8809
31.9092
23.0385
22.1983
19.9245
24.0058
30.3984
31.287
31.1491
31.4534
21.3165
20.2493
18.6609
25.0892
30.0152
30.2702
30.4375
30.8758
19.9795
18.4833
18.4948
26.9276
29.6029
28.624
29.5551
30.11
19.9428
18.0784
18.8912
28.5616
30.4629
29.007
30.1657
30.8808
20.8003
19.3717
19.3818
28.6844
31.8113
31.7148
32.3517
32.7556
21.3108
21.1884
19.8756
27.834
32.6271
32.0727
30.9332
32.7019
1.00005
1.00006
1.00015
1.00014
1
1
1
1
1.00006
1.0001
1.00021
1.00009
1
1
1
1
1.00009
1.00014
1.00022
1.00004
1
1
1
1
1.00011
1.00018
1.0002
1
1
1
1
1
1.00013
1.0002
1.00016
1
1
1
1
1
1.00013
1.0002
1.00022
1
1
1
1
1
1.00012
1.00015
1.00019
1.00001
1
1
1
1
1
1
1
1
1.00002
1
1
1
1
1
1
1
1.00005
1
1
1
1
1
1
1
1.00002
1
1
1.00001
1
1
1
1
1
1
1
1.00001
1
1
1
1.00004
1
1
1
1.00002
1
1
1
1
1
1
1
1.00001
1
1
1
1
1.00001
1
1
1.00003
1
1
1
1
1
1
1
1
1
1
1
1
1
1
1
1
1
1
1
1
1
1
1
1
1
1
1
1
1
1
1
1
1
1
1
1
1
1
1
1
1
1
1
1
1
1
1
1
1
1
1
1
1
1
1
1
1
1
1
1
1
1
1
1
1
1
1
1
1
1
1
1
1
1
1
1
1
1
1
1
1
1
1
1
1
1
1
1
1
1
1
1
1
1
1
1
1
1
1
1
1
1
1
1
1
1
1
1
1
1
1
1
1
1
1
1
1
1
1
1
1
1
1
1
1
1
1
1
1
1
1
1
1
1
1
1
1
1
1
1
1
1
1
1
1
1
1
1
1
1
1
1
1
1
1
1
1
1
1
1
1
1
1
1
1
1
1
1
1
1
1
1
1
1
1
1
1
1
1
1
1
1
1
1
1
1
1
1
1
1
1
1
1
1
1
1
1
1
1
1
1
1
1
1
1
1
1
1
1
1
1
1
1
1
1
1
1
1
1
1
1
1
1
1
)
;

boundaryField
{
    base
    {
        type            calculated;
        value           nonuniform 0();
    }
    outlet
    {
        type            calculated;
        value           nonuniform List<scalar> 
749
(
1
1
1
1
1
1
1
1
1
1
1
1
1
1
1
1
1
1
1
1
1
1
1
1
1
1
1
1
1
1
1
1
1
1
1
1
1
1
1
1
1
1
1
1
1
1
1
1
1
1
1
1
1
1
1
1
1
1
1
1
1
1
1
1
1
1
1
1
1
1
1
1
1
1
1
1
1
1
1
1
1
1
1
1
1
1
1
1
1
1
1
1
1
1
1
1
1
1
1
1
1
1
1
1
1
1
1
1
1
1
1
1
1
1
1
1
1
1
1
1
1
1
1
1
1
1
1
1
1
1
1
1
1
1
1
1
1
1
1
1
1
1
1
1
1
1
1
1
1
1
1
1
1
1
1
1
1
1
1
1
1
1
1
1
1
1
1
1
1
1
1
1
1
1
1
1
1
1
1
1
1
1
1
1
1
1
1
1
1
1
1
1
1
1
1
1
1
1
1
1
1
1
1
1
1
1
1
1
1
1
1
1
1
1
1
1
1
1
1
1
1
1
1
1
1
1
1
1
1
1
1
1
1
1
1
1
1
1
1
1
1
1
1
1
1
1
1
1
1
1
1
1
1
1
1
1
1
1
1
1
1
1
1
1
1
1
1
1
1
1
1
1
1
1
1
1
1
1
1
1
1
1
1
1
1
1
1
1
1
1
1
1
1
1
1
1
1
1
1
1
1
1
1
1
1
1
1
1
1.00017
1
1
1.00005
1.00029
1.00024
1
1.00131
1.00077
1.00122
1.00405
1.00495
1.00495
1.00475
1.00227
1.00269
1.00284
1.00657
1.00658
1.00658
1.00658
1.00112
1.0008
1.00058
1.00283
1.00358
1.00489
1.00342
1.00024
1.00009
1
1
1
1
1
1
1
1
1
1
1
1
1
1
1
1
1
1
1
1
1
1
1
1
1
1
1.00001
1
1
1
1
1
1
1.0003
1.00023
1.00031
1.0005
1.00062
1.00136
1.00174
1.00055
1.00033
1.00026
1.00013
1
1.00005
1.00119
1.00023
1.00001
1
1.00001
1.00003
1.00006
1.0004
1
1
1
1
1.00002
1.00016
1.0002
1
1
1
1
1
1
1
1
1
1
1
1
1
1
1
1
1
1
1
1
1
1
1
1
1
1.00174
1.00139
1.00064
1.00173
1.00166
1.00166
1.00174
1.00173
1.00173
1.00147
1.00173
1.00173
1.00167
1.00142
1.00124
1.00131
1.00151
1.00173
1.00173
1.00172
1.00165
1.00085
1.00076
1.00061
1.00099
1.00109
1.00092
1.00085
1.00037
1.0003
1.00027
1.00009
1.00008
1.00009
1
1.00003
1.00004
1.00002
1
1
1
1
1
1
1
1
1
1
1
1
1
1
1
1
1.0003
1.00051
1.00058
1.00019
1.00023
1
1.00513
1.00445
1.0049
1.00507
1.0043
1.00126
1.00489
1.00554
1.00555
1.00555
1.00555
1.00555
1.00181
1
1.00159
1.00202
1.0023
1.00216
1.00276
1.00083
1
1
1
1
1
1
1
1
1
1
1
1
1
1
1
1
1
1
1
1
1
1
1
1
1
1
1
1
1
1
1
1
1
1
1
1
1
1
1
1
1
1
1
1
1
1
1
1
1
1
1
1
1
1
1
1
1
1
1
1
1
1
1
1
1
1
1
1
1
1
1
1
1
1
1
1
1
1
1
1
1
1
1
1
1
1
1
1
1
1
1
1
1
1
1
1
1
1
1
1
1
1
1
1
1
1
1
1
1
1
1
1
1
1
1
1
1
1
1
1
1
1
1
1
1
1
1
1
1
1
1
1
1
1
1
1
1
1
1
1
1
1
1
1
1
1
1
1
1
1
1
1
1
1
1
1
1
1
1
1
1
1
1
1
1
1
1
1
1
1
1
1
1
1
1
1
1
1
1
1
1
1
1
1
1
1
1
1
1
1
1
1
1
1
1
1
1
1
1
1
1
1
1
1
1
1
1
1
1
1
1
1
1
1
1
1
1
1
1
1
1
1
1
1
1
1
1
1
1
1
1
1
1
1
1
1
1
1
1
1
1
1
1
1
1
)
;
    }
    walls
    {
        type            calculated;
        value           nonuniform List<scalar> 
816
(
999.973
999.996
1000
1000
1000
1000
1000
999.996
999.997
1000
1000
1000
1000
1000
999.998
999.998
1000
1000
1000
1000
1000
999.534
999.998
1000
1000
1000
1000
1000
999.291
1000
1000
1000
1000
1000
1000
999.319
1000
1000
1000
1000
1000
1000
1000
1000
1000
1000
1000
1000
1000
1000
1000
1000
1000
1000
1000
1000
1000
1000
1000
1000
1000
1000
1000
1000
1000
1000
1000
1000
1000
1000
1000
1000
1000
1000
1000
1000
1000
1000
1000
1000
1000
1000
1000
999.999
996.792
996.792
996.794
998.59
999.941
999.546
999.796
997.625
996.953
996.795
998.973
999.941
999.534
999.902
999.548
996.948
996.795
999.549
999.944
999.575
999.945
1000
996.868
996.796
999.911
999.944
999.7
999.944
999.999
996.869
998.12
999.702
999.944
999.928
996.766
999.994
996.869
999.104
999.139
999.696
998.646
996.022
999.999
999.994
999.961
999.84
999.993
999.999
1000
999.999
999.993
999.978
999.919
999.995
999.998
1000
999.998
999.987
999.982
999.98
999.997
999.999
1000
999.997
999.987
999.982
999.989
999.999
999.999
1000
999.996
999.987
999.981
999.993
999.999
999.999
1000
999.999
999.999
999.969
1000
1000
1000
1000
1000
1000
1000
1000
1000
1000
1000
1000
1000
1000
1000
1000
1000
1000
1000
1000
1000
1000
1000
1000
1000
1000
1000
1000
1000
1000
1000
1000
1000
1000
1000
1000
1000
1000
1000
999.996
1000
1000
1000
1000
1000
1000
1000
1000
1000
1000
1000
1000
1000
1000
1000
1000
1000
1000
1000
1000
1000
1000
1000
1000
1000
1000
1000
1000
1000
1000
1000
1000
1000
1000
1000
1000
1000
1000
1000
1000
1000
1000
1000
1000
1000
1000
1000
1000
1000
1000
1000
1000
1000
1000
1000
1000
1000
1000
1000
1000
1000
1000
1000
1000
1000
1000
1000
1000
1000
1000
1000
1000
1000
1000
1000
1000
1000
1000
1000
1000
1000
1000
1000
999.922
999.235
999.296
999.782
999.414
998.622
999.132
1000
1000
1000
1000
1000
1000
1000
1000
1000
1000
1000
1000
1000
1000
1000
1000
1000
1000
1000
1000
1000
1000
1000
1000
1000
1000
1000
1000
1000
1000
1000
1000
1000
1000
1000
1000
1000
999.961
999.992
1000
1000
1000
1000
1000
1000
1000
1000
1000
1000
1000
1000
1000
1000
1000
1000
1000
1000
1000
1000
999.9
999.978
999.998
999.984
999.919
999.825
1000
999.671
999.824
999.964
999.849
999.667
999.555
1000
999.813
999.394
999.536
999.133
999.14
999.582
933.007
936.065
932.574
933.147
931.233
932.253
939.131
1000
1000
1000
1000
1000
1000
1000
1000
1000
1000
1000
1000
1000
1000
1000
1000
1000
1000
1000
1000
1000
1000
1000
1000
1000
1000
1000
1000
1000
1000
1000
1000
1000
1000
1000
946.175
948.439
950.276
950.734
950.823
950.263
948.99
1000
1000
1000
1000
1000
1000
1000
1000
1000
1000
1000
1000
1000
1000
1000
1000
1000
1000
1000
1000
1000
1000
1000
1000
1000
1000
1000
1000
1000
1000
1000
1000
1000
1000
1000
947.725
946.115
943.246
939.714
936.678
935.7
934.295
1000
1000
1000
1000
1000
1000
1000
1000
1000
1000
1000
1000
1000
1000
1000
1000
999.737
999.92
999.969
999.983
1000
1000
1000
999.406
999.743
999.877
999.918
999.999
1000
1000
999.649
999.759
999.878
999.927
1000
1000
1000
940.773
938.5
938.759
939.32
943.031
945.477
946.914
999.513
1000
1000
1000
1000
1000
1000
1000
1000
1000
1000
1000
1000
1000
999.957
998.595
998.631
999.508
999.794
999.526
997.183
999.854
998.924
999.443
998.945
1000
1000
1000
853.501
862.801
868.468
871.021
872.676
878.323
872.218
791.005
770.696
767.985
766.715
767.005
770.281
763.553
458.431
462.454
460.798
457.209
457.922
454.638
453.096
30.8597
29.5803
29.4484
29.6053
29.7577
31.5576
31.7822
1
1
1.00001
1.00001
1
1
1
1
1
1
1
1
1
1
1
1
1
1
1
1
1
1
1
1
1
1
1
1
1
1
1
1
1
1
1
1
1
1
1
1
1
1
853.405
846.987
846.188
840.332
835.495
832.238
830.477
772.296
776.395
777.53
782.23
785.846
788.979
790.769
441.601
442.488
443.138
443.571
444.994
446.802
448.027
31.8135
30.6283
29.7493
29.2721
29.3562
29.746
30.0156
1
1.00001
1
1
1
1
1
1.00002
1.00001
1.00001
1
1
1.00001
1.00001
1
1
1
1
1
1
1
1
1
1
1
1
1
1
1
1
1
1
1
1
1
1
1
1
1
1
1
1
831.903
835.966
836.167
844.495
844.977
848.821
848.44
791.03
789.153
792.493
788.858
794.219
787.964
789.587
449.146
450.39
450.295
451.887
450.502
455.153
458.089
29.7883
29.0542
28.3088
28.576
29.6353
30.293
30.6622
1
1
1
1.00001
1.00001
1
1
1.00001
1.00001
1
1.00001
1.00002
1
1
1
1
1
1
1
1
1
1
1
1
1
1
1
1
1
1
1
1
1
1
1
1
1
1
1
1
1
1
875.786
873.91
869.384
868.589
864.576
859.561
858.323
756.948
766.024
773.764
772.722
771.077
771.424
768.282
449.815
442.598
435.213
434.052
434.317
435.266
439.956
31.9092
31.4534
30.8758
30.11
30.8808
32.7556
32.7019
1
1
1
1
1
1
1
1
1
1.00001
1.00001
1.00002
1.00001
1.00003
1
1
1
1
1
1
1
1
1
1
1
1
1
1
1
1
1
1
1
1
1
1
1
1
1
1
1
1
)
;
    }
    inlet
    {
        type            calculated;
        value           nonuniform 0();
    }
    procBoundary3to2
    {
        type            processor;
        value           nonuniform List<scalar> 
729
(
999.259
981.756
975.844
975.879
995.271
999.98
1000
951.964
956.554
974.354
915.268
915.376
990.38
1000
957.971
865.528
890.008
715.226
849.02
969.495
1000
949.005
891.221
550.292
585.815
780.962
971.179
1000
933.154
815.31
846.594
695.152
842.126
967.466
1000
956.44
938.511
970.593
922.306
917.318
993.756
1000
1000
991.967
979.174
986.152
1000
1000
1000
1000
999.999
999.988
999.989
999.744
999.392
999.279
999.933
1000
1000
1000
1000
1000
1000
1000
999.996
1000
1000
1000
1000
1000
1000
1000
1000
1000
1000
1000
1000
1000
1000
1000
1000
1000
1000
1000
1000
1000
1000
1000
1000
1000
1000
1000
1000
1000
1000
1000
1000
1000
1000
1000
1000
999.994
999.999
999.998
1000
999.991
1000
1000
1000
1000
1000
1000
1000
1000
1000
1000
1000
1000
1000
1000
1000
990.961
1000
1000
1000
1000
1000
1000
1000
986.08
999.999
999.997
1000
1000
1000
1000
1000
989.624
1000
1000
1000
1000
1000
1000
1000
999.999
1000
1000
1000
1000
1000
1000
1000
999.985
1000
1000
1000
1000
1000
1000
1000
1000
1000
1000
999.998
999.87
999.85
998.151
998.683
1000
1000
999.998
1000
999.996
998.631
996.791
996.792
1000
1000
999.993
999.909
999.984
997.151
996.791
996.791
1000
1000
999.999
999.998
999.999
999.771
999.346
998.555
1000
1000
999.983
999.467
999.944
999.131
999.582
999.94
1000
1000
999.984
999.466
999.511
996.389
996.386
999.539
999.999
1000
1000
999.997
998.142
996.351
996.351
999.676
1000
999.999
1000
999.989
999.63
999.952
999.979
999.999
1000
999.999
999.997
999.99
999.396
999.548
999.838
999.986
1000
1000
999.999
999.996
999.967
998.473
998.473
999.9
1000
1000
999.998
999.979
999.994
999.014
998.474
999.804
1000
1000
1000
1000
1000
999.935
1000
999.993
1000
1000
1000
1000
999.996
999.987
1000
999.999
1000
1000
999.999
1000
1000
1000
1000
1000
1000
1000
1000
1000
1000
1000
1000
1000
1000
1000
1000
1000
1000
1000
1000
1000
1000
1000
1000
1000
1000
1000
1000
1000
1000
1000
1000
1000
1000
1000
1000
1000
1000
1000
1000
1000
1000
1000
1000
1000
1000
1000
1000
1000
1000
1000
1000
1000
1000
1000
1000
1000
1000
1000
1000
1000
1000
1000
1000
1000
1000
1000
1000
1000
1000
1000
1000
1000
1000
1000
1000
1000
1000
1000
1000
1000
1000
1000
1000
1000
1000
1000
1000
1000
1000
1000
1000
1000
1000
1000
1000
1000
1000
1000
1000
1000
1000
1000
1000
1000
1000
1000
1000
1000
1000
1000
1000
1000
1000
1000
1000
1000
1000
1000
1000
1000
1000
1000
1000
1000
1000
1000
1000
1000
1000
1000
1000
1000
1000
1000
1000
1000
1000
1000
1000
1000
1000
1000
1000
1000
1000
1000
1000
1000
1000
1000
1000
1000
1000
1000
1000
1000
1000
1000
1000
1000
1000
1000
1000
1000
1000
1000
1000
1000
1000
1000
1000
1000
1000
1000
1000
1000
1000
1000
1000
1000
1000
1000
1000
1000
1000
1000
1000
1000
1000
1000
1000
1000
1000
1000
1000
1000
1000
1000
1000
1000
1000
1000
1000
1000
1000
1000
1000
1000
1000
1000
1000
1000
1000
1000
1000
1000
1000
1000
1000
1000
1000
1000
1000
1000
1000
1000
1000
1000
1000
1000
1000
1000
1000
1000
1000
1000
1000
1000
1000
1000
1000
1000
1000
1000
1000
1000
1000
1000
1000
1000
1000
1000
1000
1000
1000
1000
1000
1000
1000
1000
1000
1000
1000
1000
1000
1000
1000
1000
1000
1000
1000
1000
1000
1000
1000
1000
1000
1000
1000
1000
1000
1000
1000
1000
1000
1000
1000
1000
1000
1000
1000
1000
1000
1000
1000
1000
1000
1000
1000
1000
1000
1000
1000
1000
1000
1000
1000
1000
1000
1000
1000
1000
1000
1000
1000
1000
1000
1000
1000
1000
1000
1000
1000
1000
1000
1000
1000
1000
1000
1000
1000
1000
1000
1000
1000
1000
1000
1000
1000
1000
1000
1000
1000
1000
1000
1000
1000
1000
1000
1000
1000
1000
1000
1000
1000
1000
1000
1000
1000
1000
1000
1000
1000
1000
1000
1000
1000
1000
1000
1000
1000
1000
1000
1000
1000
1000
1000
1000
1000
1000
1000
1000
1000
1000
1000
1000
1000
1000
1000
1000
1000
1000
1000
1000
1000
1000
1000
1000
1000
1000
1000
1000
1000
1000
1000
1000
1000
1000
1000
1000
1000
1000
1000
1000
1000
1000
1000
1000
1000
1000
1000
1000
1000
1000
1000
1000
1000
1000
1000
1000
1000
1000
1000
1000
1000
1000
1000
1000
1000
1000
1000
1000
1000
1000
1000
1000
1000
1000
1000
1000
1000
1000
1000
1000
1000
1000
1000
1000
1000
1000
)
;
    }
}


// ************************************************************************* //
