/*--------------------------------*- C++ -*----------------------------------*\
| =========                 |                                                 |
| \\      /  F ield         | OpenFOAM: The Open Source CFD Toolbox           |
|  \\    /   O peration     | Version:  plus.master.MPPICInterFoam            |
|   \\  /    A nd           | Web:      www.OpenFOAM.com                      |
|    \\/     M anipulation  |                                                 |
\*---------------------------------------------------------------------------*/
FoamFile
{
    version     2.0;
    format      ascii;
    class       volScalarField;
    location    "2.8";
    object      rho;
}
// * * * * * * * * * * * * * * * * * * * * * * * * * * * * * * * * * * * * * //

dimensions      [1 -3 0 0 0 0 0];

internalField   nonuniform List<scalar> 
11821
(
1000
1000
1000
1000
1000
1000
1000
1000
1000
1000
1000
1000
1000
1000
1000
1000
1000
1000
1000
1000
1000
1000
1000
1000
1000
1000
1000
1000
1000
1000
1000
1000
1000
1000
1000
1000
1000
1000
1000
1000
1000
1000
1000
1000
1000
1000
1000
1000
1000
1000
1000
1000
1000
1000
1000
1000
1000
1000
1000
1000
1000
1000
1000
1000
1000
1000
1000
1000
1000
1000
1000
1000
1000
1000
1000
1000
1000
1000
1000
1000
1000
1000
1000
1000
1000
1000
1000
1000
1000
1000
1000
1000
1000
1000
1000
1000
1000
1000
1000
1000
1000
1000
1000
1000
1000
1000
1000
1000
1000
1000
1000
1000
1000
1000
1000
1000
1000
1000
1000
1000
1000
1000
1000
1000
1000
1000
1000
1000
1000
1000
1000
1000
1000
1000
1000
1000
1000
1000
1000
1000
1000
1000
1000
1000
1000
1000
1000
1000
1000
1000
1000
1000
1000
1000
1000
1000
1000
1000
1000
1000
1000
1000
1000
1000
1000
1000
1000
1000
1000
1000
1000
1000
1000
1000
1000
1000
1000
1000
1000
1000
1000
1000
1000
1000
1000
1000
1000
1000
1000
1000
1000
1000
1000
1000
1000
1000
1000
1000
1000
1000
1000
1000
1000
1000
1000
1000
1000
1000
1000
1000
1000
1000
1000
1000
1000
1000
1000
1000
1000
1000
1000
1000
1000
1000
1000
1000
1000
1000
1000
1000
1000
1000
1000
1000
1000
1000
1000
1000
1000
1000
1000
1000
1000
1000
1000
1000
1000
1000
1000
1000
1000
1000
1000
1000
1000
1000
1000
1000
1000
1000
1000
1000
1000
1000
1000
1000
1000
1000
1000
1000
1000
1000
1000
1000
1000
1000
1000
1000
1000
1000
1000
1000
1000
1000
1000
1000
1000
1000
1000
1000
1000
1000
1000
1000
1000
1000
1000
1000
1000
1000
1000
1000
1000
1000
1000
1000
1000
1000
1000
1000
1000
1000
1000
1000
1000
1000
1000
1000
1000
1000
1000
1000
1000
1000
1000
1000
1000
1000
1000
1000
1000
1000
1000
1000
1000
1000
1000
1000
1000
1000
1000
1000
1000
1000
1000
1000
1000
1000
1000
1000
1000
1000
1000
1000
1000
1000
1000
1000
1000
1000
1000
1000
1000
1000
1000
1000
1000
1000
1000
1000
1000
1000
1000
1000
1000
1000
1000
1000
1000
1000
1000
1000
1000
1000
1000
1000
1000
1000
1000
1000
1000
1000
1000
1000
1000
1000
1000
1000
1000
1000
1000
1000
1000
1000
1000
1000
1000
1000
1000
1000
1000
1000
1000
1000
1000
1000
1000
1000
1000
1000
1000
1000
1000
1000
1000
1000
1000
1000
1000
1000
1000
1000
1000
1000
1000
1000
1000
1000
1000
1000
1000
1000
1000
1000
1000
1000
1000
1000
1000
1000
1000
1000
1000
1000
1000
1000
1000
1000
1000
1000
1000
1000
1000
1000
1000
1000
1000
1000
1000
1000
1000
1000
1000
1000
1000
1000
1000
1000
1000
1000
1000
1000
1000
1000
1000
1000
1000
1000
1000
1000
1000
1000
1000
1000
1000
1000
1000
1000
1000
1000
1000
1000
1000
1000
1000
1000
1000
1000
1000
1000
1000
1000
1000
1000
1000
1000
1000
1000
1000
1000
1000
1000
1000
1000
1000
1000
1000
1000
1000
1000
1000
1000
1000
1000
1000
1000
1000
1000
1000
1000
1000
1000
1000
1000
1000
1000
1000
1000
1000
1000
1000
1000
1000
1000
1000
1000
1000
1000
1000
1000
1000
1000
1000
1000
1000
1000
1000
1000
1000
1000
1000
1000
1000
1000
1000
1000
1000
1000
1000
1000
1000
1000
1000
1000
1000
1000
1000
1000
1000
1000
1000
1000
1000
1000
1000
1000
1000
1000
1000
1000
1000
1000
1000
1000
1000
1000
1000
1000
1000
1000
1000
1000
1000
1000
1000
1000
1000
1000
1000
1000
1000
1000
1000
1000
1000
1000
1000
1000
1000
1000
1000
1000
1000
1000
1000
1000
1000
1000
1000
1000
1000
1000
1000
1000
1000
1000
1000
1000
1000
1000
1000
1000
1000
1000
1000
1000
1000
1000
1000
1000
1000
1000
1000
1000
1000
1000
1000
1000
1000
1000
1000
1000
1000
1000
1000
1000
1000
1000
1000
1000
1000
1000
1000
1000
1000
1000
1000
1000
1000
1000
1000
1000
1000
1000
1000
1000
1000
1000
1000
1000
1000
1000
1000
1000
1000
1000
1000
1000
1000
1000
1000
1000
1000
1000
1000
1000
1000
1000
1000
1000
1000
1000
1000
1000
1000
1000
1000
1000
1000
1000
1000
1000
1000
1000
1000
1000
1000
1000
1000
1000
1000
1000
1000
1000
1000
1000
1000
1000
1000
1000
1000
1000
1000
1000
1000
1000
1000
1000
1000
1000
1000
1000
1000
1000
1000
1000
1000
1000
1000
1000
1000
1000
1000
1000
1000
1000
1000
1000
1000
1000
1000
1000
1000
1000
1000
1000
1000
1000
1000
1000
1000
1000
1000
1000
1000
1000
1000
1000
1000
1000
1000
1000
1000
1000
1000
1000
1000
1000
1000
1000
1000
1000
1000
1000
1000
1000
1000
1000
1000
1000
1000
1000
1000
1000
1000
1000
1000
1000
1000
1000
1000
1000
1000
1000
1000
1000
1000
1000
1000
1000
1000
1000
1000
1000
1000
1000
1000
1000
1000
1000
1000
1000
1000
1000
1000
1000
1000
1000
1000
1000
1000
1000
1000
1000
1000
1000
1000
1000
1000
1000
1000
1000
1000
1000
1000
1000
1000
1000
1000
1000
1000
1000
1000
1000
1000
1000
1000
1000
1000
1000
1000
1000
1000
1000
1000
1000
1000
1000
1000
1000
1000
1000
1000
1000
1000
1000
1000
1000
1000
1000
1000
1000
1000
1000
1000
1000
1000
1000
1000
1000
1000
1000
1000
1000
1000
1000
1000
1000
1000
1000
1000
1000
1000
1000
1000
1000
1000
1000
1000
1000
1000
1000
1000
1000
1000
1000
1000
1000
1000
1000
1000
1000
1000
1000
1000
1000
1000
1000
1000
1000
1000
1000
1000
1000
1000
1000
1000
1000
1000
1000
1000
1000
1000
1000
1000
1000
1000
1000
1000
1000
1000
1000
1000
1000
1000
1000
1000
1000
1000
1000
1000
1000
1000
1000
1000
1000
1000
1000
1000
1000
1000
1000
1000
1000
1000
1000
1000
1000
1000
1000
1000
1000
1000
1000
1000
1000
1000
1000
1000
1000
1000
1000
1000
1000
1000
1000
1000
1000
1000
1000
1000
1000
1000
1000
1000
1000
1000
1000
1000
1000
1000
1000
1000
1000
1000
1000
1000
1000
1000
1000
1000
1000
1000
1000
1000
1000
1000
1000
1000
1000
1000
1000
1000
1000
1000
1000
1000
1000
1000
1000
1000
1000
1000
1000
1000
1000
1000
1000
1000
1000
1000
1000
1000
1000
1000
1000
1000
1000
1000
1000
1000
1000
1000
1000
1000
1000
1000
1000
1000
1000
1000
1000
1000
1000
1000
1000
1000
1000
1000
1000
1000
1000
1000
1000
1000
1000
1000
1000
1000
1000
1000
1000
1000
1000
1000
1000
1000
1000
1000
1000
1000
1000
1000
1000
1000
1000
1000
1000
1000
1000
1000
1000
1000
1000
1000
1000
1000
1000
1000
1000
1000
1000
1000
1000
1000
1000
1000
1000
1000
1000
1000
1000
1000
1000
1000
1000
1000
1000
1000
1000
1000
1000
1000
1000
1000
1000
1000
1000
1000
1000
1000
1000
1000
1000
1000
1000
1000
1000
1000
1000
1000
1000
1000
1000
1000
1000
1000
1000
1000
1000
1000
1000
1000
1000
1000
1000
1000
1000
1000
1000
1000
1000
1000
1000
1000
1000
1000
1000
1000
1000
1000
1000
1000
1000
1000
1000
1000
1000
1000
1000
1000
1000
1000
1000
1000
1000
1000
1000
1000
1000
1000
1000
1000
1000
1000
1000
1000
1000
1000
1000
1000
1000
1000
1000
1000
1000
1000
1000
1000
1000
1000
1000
1000
1000
1000
1000
1000
1000
1000
1000
1000
1000
1000
1000
1000
1000
1000
1000
1000
1000
1000
1000
1000
1000
1000
1000
1000
1000
1000
1000
1000
1000
1000
1000
1000
1000
1000
1000
1000
1000
1000
1000
1000
1000
1000
1000
1000
1000
1000
1000
1000
1000
1000
1000
1000
1000
1000
1000
1000
1000
1000
1000
1000
1000
1000
1000
1000
1000
1000
1000
1000
1000
1000
1000
1000
1000
1000
1000
1000
1000
1000
1000
1000
1000
1000
1000
1000
1000
1000
1000
1000
1000
1000
1000
1000
1000
1000
1000
1000
1000
1000
1000
1000
1000
1000
1000
1000
1000
1000
1000
1000
1000
1000
1000
1000
1000
1000
1000
1000
1000
1000
1000
1000
1000
1000
1000
1000
1000
1000
1000
1000
1000
1000
1000
1000
1000
1000
1000
1000
1000
1000
1000
1000
1000
1000
1000
1000
1000
1000
1000
1000
1000
1000
1000
1000
1000
1000
1000
1000
1000
1000
1000
1000
1000
1000
1000
1000
1000
1000
1000
1000
1000
1000
1000
1000
1000
1000
1000
1000
1000
1000
1000
1000
1000
1000
1000
1000
1000
1000
1000
1000
1000
1000
1000
1000
1000
1000
1000
1000
1000
1000
1000
1000
1000
1000
1000
1000
1000
1000
1000
1000
1000
1000
1000
1000
1000
1000
1000
1000
1000
1000
1000
1000
1000
1000
1000
1000
1000
1000
1000
1000
1000
1000
1000
1000
1000
1000
1000
1000
1000
1000
1000
1000
1000
1000
1000
1000
1000
1000
1000
1000
1000
1000
1000
1000
1000
1000
1000
1000
1000
1000
1000
1000
1000
1000
1000
1000
1000
1000
1000
1000
1000
1000
1000
1000
1000
1000
1000
1000
1000
1000
1000
1000
1000
1000
1000
1000
1000
1000
1000
1000
1000
1000
1000
1000
1000
1000
1000
1000
1000
1000
1000
1000
1000
1000
1000
1000
1000
1000
1000
1000
1000
1000
1000
1000
1000
1000
1000
1000
1000
1000
1000
1000
1000
1000
1000
1000
1000
1000
1000
1000
1000
1000
1000
1000
1000
1000
1000
1000
1000
1000
1000
1000
1000
1000
1000
1000
1000
1000
1000
1000
1000
1000
1000
1000
1000
1000
1000
1000
1000
1000
1000
1000
1000
1000
1000
1000
1000
1000
1000
1000
1000
1000
1000
1000
1000
1000
1000
1000
1000
1000
1000
1000
1000
1000
1000
1000
1000
1000
1000
1000
1000
1000
1000
1000
1000
1000
1000
1000
1000
1000
1000
1000
1000
1000
1000
1000
1000
1000
1000
1000
1000
1000
1000
1000
1000
1000
1000
1000
1000
1000
1000
1000
1000
1000
1000
1000
1000
1000
1000
1000
1000
1000
1000
1000
1000
1000
1000
1000
1000
1000
1000
1000
1000
1000
1000
1000
1000
1000
1000
1000
1000
1000
1000
1000
1000
1000
1000
1000
1000
1000
1000
1000
1000
1000
1000
1000
1000
1000
1000
1000
1000
1000
1000
1000
1000
1000
1000
1000
1000
1000
1000
1000
1000
1000
1000
1000
1000
1000
1000
1000
1000
1000
1000
1000
1000
1000
1000
1000
1000
1000
1000
1000
1000
1000
1000
1000
1000
1000
1000
1000
1000
1000
1000
1000
1000
1000
1000
1000
1000
1000
1000
1000
1000
1000
1000
1000
1000
1000
1000
1000
1000
1000
1000
1000
1000
1000
1000
1000
1000
1000
1000
1000
1000
1000
1000
1000
1000
1000
1000
1000
1000
1000
1000
1000
1000
1000
1000
1000
1000
1000
1000
1000
1000
1000
1000
1000
1000
1000
1000
1000
1000
1000
1000
1000
1000
1000
1000
1000
1000
1000
1000
1000
1000
1000
1000
1000
1000
1000
1000
1000
1000
1000
1000
1000
1000
1000
1000
1000
1000
1000
1000
1000
1000
1000
1000
1000
1000
1000
1000
1000
1000
1000
1000
1000
1000
1000
1000
1000
1000
1000
1000
1000
1000
1000
1000
1000
1000
1000
1000
1000
1000
1000
1000
1000
1000
1000
1000
1000
1000
1000
1000
1000
1000
1000
1000
1000
1000
1000
1000
1000
1000
1000
1000
1000
1000
1000
1000
1000
1000
1000
1000
1000
1000
1000
1000
1000
1000
1000
1000
1000
1000
1000
1000
1000
1000
1000
1000
1000
1000
1000
1000
1000
1000
1000
1000
1000
1000
1000
1000
1000
1000
1000
1000
1000
1000
1000
1000
1000
1000
1000
1000
1000
1000
1000
1000
1000
1000
1000
1000
1000
1000
1000
1000
1000
1000
1000
1000
1000
1000
1000
1000
1000
1000
1000
1000
1000
1000
1000
1000
1000
1000
1000
1000
1000
1000
1000
1000
1000
1000
1000
1000
1000
1000
1000
1000
1000
1000
1000
1000
1000
1000
1000
1000
1000
1000
1000
1000
1000
1000
1000
1000
1000
1000
1000
1000
1000
1000
1000
1000
1000
1000
1000
1000
1000
1000
1000
1000
1000
1000
1000
1000
1000
1000
1000
1000
1000
1000
1000
1000
1000
1000
1000
1000
1000
1000
1000
1000
1000
1000
1000
1000
1000
1000
1000
1000
1000
1000
1000
1000
1000
1000
1000
1000
1000
1000
1000
1000
1000
1000
1000
1000
1000
1000
1000
1000
1000
1000
1000
1000
1000
1000
1000
1000
1000
1000
1000
1000
1000
1000
1000
1000
1000
1000
1000
1000
1000
1000
1000
1000
1000
1000
1000
1000
1000
1000
1000
1000
1000
1000
1000
1000
1000
1000
1000
1000
1000
1000
1000
1000
1000
1000
1000
1000
1000
1000
1000
1000
1000
1000
1000
1000
1000
1000
1000
1000
1000
1000
1000
1000
1000
1000
1000
1000
1000
1000
1000
1000
1000
1000
1000
1000
1000
1000
1000
1000
1000
1000
1000
1000
1000
1000
1000
1000
1000
1000
1000
1000
1000
1000
1000
1000
1000
1000
1000
1000
1000
1000
1000
1000
1000
1000
1000
1000
1000
1000
1000
1000
1000
1000
1000
1000
1000
1000
1000
1000
1000
1000
1000
1000
1000
1000
1000
1000
1000
1000
1000
1000
1000
1000
1000
1000
1000
1000
1000
1000
1000
1000
1000
1000
1000
1000
1000
1000
1000
1000
1000
1000
1000
1000
1000
1000
1000
1000
1000
1000
1000
1000
1000
1000
1000
1000
1000
1000
1000
1000
1000
1000
1000
1000
1000
1000
1000
1000
1000
1000
1000
1000
1000
1000
1000
1000
1000
1000
1000
1000
1000
1000
1000
1000
1000
1000
1000
1000
1000
1000
1000
1000
1000
1000
1000
1000
1000
1000
1000
1000
1000
1000
1000
1000
1000
1000
1000
1000
1000
1000
1000
1000
1000
1000
1000
1000
1000
1000
1000
1000
1000
1000
1000
1000
1000
1000
1000
1000
1000
1000
1000
1000
1000
1000
1000
1000
1000
1000
1000
1000
1000
1000
1000
1000
1000
1000
1000
1000
1000
1000
1000
1000
1000
1000
1000
1000
1000
1000
1000
1000
1000
1000
1000
1000
1000
1000
1000
1000
1000
1000
1000
1000
1000
1000
1000
1000
1000
1000
1000
1000
1000
1000
1000
1000
1000
1000
1000
1000
1000
1000
1000
1000
1000
1000
1000
1000
1000
1000
1000
1000
1000
1000
1000
1000
1000
1000
1000
1000
1000
1000
1000
1000
1000
1000
1000
1000
1000
1000
1000
1000
1000
1000
1000
1000
1000
1000
1000
1000
1000
1000
1000
1000
1000
1000
1000
1000
1000
1000
1000
1000
1000
1000
1000
1000
1000
1000
1000
1000
1000
1000
1000
1000
1000
1000
1000
1000
1000
1000
1000
1000
1000
1000
1000
1000
1000
1000
1000
1000
1000
1000
1000
1000
1000
1000
1000
1000
1000
1000
1000
1000
1000
1000
1000
1000
1000
1000
1000
1000
1000
1000
1000
1000
1000
1000
1000
1000
1000
1000
1000
1000
1000
1000
1000
1000
1000
1000
1000
1000
1000
1000
1000
1000
1000
1000
1000
1000
1000
1000
1000
1000
1000
1000
1000
1000
1000
1000
1000
1000
1000
1000
1000
1000
1000
1000
1000
1000
1000
1000
1000
1000
1000
1000
1000
1000
1000
1000
1000
1000
1000
1000
1000
1000
1000
1000
1000
1000
1000
1000
1000
1000
1000
1000
1000
1000
1000
1000
1000
1000
1000
1000
1000
1000
1000
1000
1000
1000
1000
1000
1000
1000
1000
1000
1000
1000
1000
1000
1000
1000
1000
1000
1000
1000
1000
1000
1000
1000
1000
1000
1000
1000
1000
1000
1000
1000
1000
1000
1000
1000
1000
1000
1000
1000
1000
1000
1000
1000
1000
1000
1000
1000
1000
1000
1000
1000
1000
1000
1000
1000
1000
1000
1000
1000
1000
1000
1000
1000
1000
1000
1000
1000
1000
1000
1000
1000
1000
1000
1000
1000
1000
1000
1000
1000
1000
1000
1000
1000
1000
1000
1000
1000
1000
1000
1000
1000
1000
1000
1000
1000
1000
1000
1000
1000
1000
1000
1000
1000
1000
1000
1000
1000
1000
1000
1000
1000
1000
1000
1000
1000
1000
1000
1000
1000
1000
1000
1000
1000
1000
1000
1000
1000
1000
1000
1000
1000
1000
1000
1000
1000
1000
1000
1000
1000
1000
1000
1000
1000
1000
1000
1000
1000
1000
1000
1000
1000
1000
1000
1000
1000
1000
1000
1000
1000
1000
1000
1000
1000
1000
1000
1000
1000
1000
1000
1000
1000
1000
1000
1000
1000
1000
1000
1000
1000
1000
1000
1000
1000
1000
1000
1000
1000
1000
1000
1000
1000
1000
1000
1000
1000
1000
1000
1000
1000
1000
1000
1000
1000
1000
1000
1000
1000
1000
1000
1000
1000
1000
1000
1000
1000
1000
1000
1000
1000
1000
1000
1000
1000
1000
1000
1000
1000
1000
1000
1000
1000
1000
1000
1000
1000
1000
1000
1000
1000
1000
1000
1000
1000
1000
1000
1000
1000
1000
1000
1000
1000
1000
1000
1000
1000
1000
1000
1000
1000
1000
1000
1000
1000
1000
1000
1000
1000
1000
1000
1000
1000
1000
1000
1000
1000
1000
1000
1000
1000
1000
1000
1000
1000
1000
1000
1000
1000
1000
1000
1000
1000
1000
1000
1000
1000
1000
1000
1000
1000
1000
1000
1000
1000
1000
1000
1000
1000
1000
1000
1000
1000
1000
1000
1000
1000
1000
1000
1000
1000
1000
1000
1000
1000
1000
1000
1000
1000
1000
1000
1000
1000
1000
1000
1000
1000
1000
1000
1000
1000
1000
1000
1000
1000
1000
1000
1000
1000
1000
1000
1000
1000
1000
1000
1000
1000
1000
1000
1000
1000
1000
1000
1000
1000
1000
1000
1000
1000
1000
1000
1000
1000
1000
1000
1000
1000
1000
1000
1000
1000
1000
1000
1000
1000
1000
1000
1000
1000
1000
1000
1000
1000
1000
1000
1000
1000
1000
1000
1000
1000
1000
1000
1000
1000
1000
1000
1000
1000
1000
1000
1000
1000
1000
1000
1000
1000
1000
1000
1000
1000
1000
1000
1000
1000
1000
1000
1000
1000
1000
1000
1000
1000
1000
1000
1000
1000
1000
1000
1000
1000
1000
1000
1000
1000
1000
1000
1000
1000
1000
1000
1000
1000
1000
1000
1000
1000
1000
1000
1000
1000
1000
1000
1000
1000
1000
1000
1000
1000
1000
1000
1000
1000
1000
1000
1000
1000
1000
1000
1000
1000
1000
1000
1000
1000
1000
1000
1000
1000
1000
1000
1000
1000
1000
1000
1000
1000
1000
1000
1000
1000
1000
1000
1000
1000
1000
1000
999.999
1000
1000
1000
1000
999.998
999.994
999.953
999.72
998.84
998.88
1000
999.992
973.871
880.534
848.63
803.27
976.495
1000
999.999
871.055
195.067
105.575
334.37
958.835
1000
999.999
929.905
454.43
116.584
581.948
975.644
1000
1000
995.696
946.047
855.105
971.059
1000
1000
1000
1000
1000
999.918
1000
1000
1000
1000
1000
1000
1000
1000
1000
1000
999.991
1000
999.248
993.363
992.977
997.956
1000
1000
953.721
873.923
843.697
759.779
974.289
1000
1000
862.016
335.503
109.442
459.986
955.361
1000
1000
884.345
529.845
155.998
616.377
968.59
1000
1000
984.294
909.651
832.807
951.813
1000
1000
1000
1000
1000
1000
1000
1000
1000
1000
1000
1000
1000
1000
1000
1000
999.993
999.387
977.189
950.59
969.063
996.121
1000
1000
851.969
697.582
672.258
579.101
955.451
1000
993.735
686.887
319.807
112.879
393.193
896.496
1000
994.948
680.18
445.593
145.748
498.167
927.862
1000
1000
941.941
716.907
628.782
878.951
999.387
1000
1000
1000
1000
988.555
1000
1000
999.999
1000
1000
1000
1000.01
1000
1000
1000
1000
995.218
932.629
890.02
952.552
995.568
1000
999.957
741.284
374.337
326.699
505.214
945.461
1000
976.151
438.949
183.706
115.932
265.969
865.363
1000
985.484
500.165
201.459
118.608
351.11
914.847
1000
999.995
893.796
553.996
431.53
834.87
997.394
1000
999.997
1000
996.38
974.819
1000
1000
999.996
999.999
999.999
999.993
1000
1000
1000
999.999
999.952
996.535
943.815
906.038
964.281
997.53
1000
999.968
781.602
370.95
295.772
627.884
973.392
999.999
984.23
466.408
116.936
116.832
346.654
923.036
999.999
989.662
560.594
120.012
116.936
444.165
959.001
999.998
999.912
910.961
630.087
502.301
883.461
998.907
1000
999.995
1000
999.68
988.234
999.994
999.997
999.995
999.999
999.998
999.985
999.999
1000
999.991
999.998
999.748
999.829
989.405
973
978.041
999.749
999.999
999.993
940.303
630.516
510.142
868.754
997.865
999.991
999.402
736.964
152.629
116.847
699.27
989.201
999.985
986.988
791.344
272.413
141.397
761.809
997.248
999.988
998.482
959.395
859.715
778.488
966.911
999.893
999.999
999.998
999.984
999.941
999.805
999.976
999.997
999.997
1000
1000
999.999
1000
1000
999.973
999.999
998.986
992.061
999.989
979.829
976.884
1000
1000
983.783
990.692
923.394
771.158
887.107
999.999
1000
988.325
954.066
411.105
177.76
908.958
994.695
1000
970.574
844.223
592.596
335.948
895.355
999.998
1000
997.025
969.194
951.98
912.795
981.65
1000
1000
1000
1000
1000
999.999
1000
1000
1000
1000
1000
1000
1000
1000
999.957
999.999
994.001
921.993
897.426
868.192
952.747
1000
1000
918.903
864.559
930.608
745.701
708.985
1000
1000
872.757
905.444
645.958
243.127
864.326
978.105
1000
929.593
682.479
592.497
411.579
831.902
999.58
1000
993.414
944.767
923.949
875.966
965.985
1000
1000
1000
1000
1000
1000
1000
1000
1000
1000
1000
988.685
989.224
1000
999.957
999.998
970.129
733.6
544.79
568.339
856.909
1000
1000
780.21
370.563
815.707
465.559
446.353
977.92
1000
660.982
355.809
623.122
193.702
575.628
916.278
1000
829.052
367.396
311.521
308.124
586.25
976.035
1000
985.067
861.151
776.659
712.98
914.65
999.785
1000
1000
1000
1000.01
1000.03
1000
1000
1000
1000
998.671
969.869
976.552
1000
999.972
999.999
951.551
636.335
436.842
467.691
809.358
999.959
1000
714.5
222.763
249.595
169.8
407.748
957.419
1000
571.009
203.855
303.766
162.765
274.813
879.816
1000
793.116
272.197
174.403
167.129
457.504
961.024
1000
983.451
832.408
672.627
643.709
896.49
998.998
1000
999.998
1000.01
1000.04
1000.04
999.993
1000
1000
999.998
999.973
987.417
991.946
999.992
999.976
999.999
967.824
756.952
582.314
630.473
887.186
999.846
1000
821.535
308.995
173.507
182.637
582.919
982.834
999.998
701.993
195.957
162.908
162.889
344.934
930.413
999.994
879.124
422.474
200.708
194.043
595.895
982.255
999.998
991.482
910.607
773.777
770.949
943.53
999.136
1000
999.995
999.98
999.945
999.955
999.987
999.996
1000
999.941
999.771
999.23
999.81
999.915
999.99
999.999
993.216
958.499
897.696
922.781
974.493
999.765
999.996
974.434
721.162
375.977
476.899
896.061
999.243
999.996
940.898
444.246
164.484
162.837
709.252
993.455
999.987
982.656
811.712
481.162
505.17
879.915
998.793
999.993
998.642
989.953
957.699
958.538
987.505
999.741
1000
999.998
999.981
999.964
999.992
999.997
999.992
1000
999.995
999.953
999.961
999.998
999.989
999.992
999.043
999.312
999.936
998.585
987.431
985.721
999.989
999.995
999.953
986.927
822.648
860.105
969.467
999.975
999.975
999.744
871.955
294.024
442.002
966.378
999.941
999.974
997.527
991.049
876.449
844.667
952.333
999.981
999.979
999.629
998.044
998.26
983.875
993.596
999.989
999.645
1000
1000
999.999
999.999
999.998
999.992
999.346
1000
1000
999.999
999.999
999.998
999.995
986.887
998.288
994.405
999.991
972.136
982.772
999.979
997.863
997.316
995.918
977.091
876.241
952.351
999.959
999.96
999.993
995.945
742.032
710.92
986.659
999.961
999.964
981.683
994.231
978.418
850.693
938.117
999.968
999.957
999.254
990.278
983.951
972.271
995.774
999.981
997.55
1000
1000
1000
1000
999.998
999.996
994.197
1000
1000
1000
1000
999.997
999.999
999.998
1000
1000
1000
1000
1000
1000
1000
999.999
1000
1000
1000
1000
1000
1000
1000
1000
1000
1000
1000
1000
999.998
999.999
1000
1000
1000
1000
1000
999.999
999.999
999.999
1000
1000
1000
1000
999.999
999.999
1000
1000
1000
1000
1000
1000
1000
1000
999.999
1000
1000
1000
1000
1000
1000
1000
999.999
999.993
999.998
999.995
1000
1000
1000
1000
1000
1000
1000
999.997
1000
1000
1000
1000
999.998
999.997
1000
1000
1000
1000
1000
999.999
999.996
999.999
1000
1000
1000
1000
1000
999.999
1000
999.999
1000
1000
1000
1000
1000
999.999
1000
1000
1000
1000
1000
1000
1000
1000
1000
1000
1000
1000
1000
999.999
1000
1000
1000
999.996
999.999
999.996
1000
1000
1000
1000
1000
999.996
999.999
999.998
1000
1000
1000
999.999
999.987
999.972
1000
1000
1000
1000
1000
999.998
999.996
999.998
1000
1000
1000
1000
1000
999.999
1000
1000
1000
1000
1000
1000
1000
1000
1000
1000
1000
1000
1000
1000
1000
1000
1000
1000
1000
1000
1000
999.999
1000
999.999
1000
1000
999.998
999.999
1000
1000
1000
1000
999.978
999.968
999.999
1000
1000
1000
1000
999.999
999.974
999.96
1000
1000
1000
1000
1000
999.999
999.998
999.999
1000
1000
1000
1000
1000
1000
1000
1000
1000
1000
1000
1000
999.997
1000
1000
1000
1000
1000
1000
999.998
999.998
999.995
1000
1000
1000
1000
1000
999.999
1000
999.998
999.955
999.869
999.992
1000
1000
1000
1000
1000
999.857
999.689
999.999
1000
1000
1000
1000
999.999
999.982
999.97
999.999
1000
1000
1000
1000
1000
1000
1000
1000
1000
1000
1000
999.995
1000
1000
1000
1000
1000
1000
1000
999.987
999.95
1000
999.998
1000
1000
1000
999.999
999.999
999.912
999.84
1000
1000
1000
1000
999.999
1000
999.938
997.841
997.998
999.998
1000
1000
1000
1000
999.998
999.864
999.428
999.999
1000
1000
1000
1000
1000
1000
1000
999.999
1000
1000
1000
999.997
1000
1000
1000
1000
1000
1000
1000
999.977
999.853
1000
999.994
1000
1000
1000
1000
999.998
999.447
998.582
1000
1000
1000
1000
1000
1000
999.835
999.463
1000
1000
1000
1000
1000
1000
999.736
997.687
996.908
1000
1000
1000
1000
999.999
999.999
999.985
999.664
999.998
1000
1000
1000
999.994
999.937
1000
1000
1000
1000
1000
1000
999.99
999.65
1000
999.847
1000
1000
1000
1000
1000
998.43
993.656
999.934
1000
1000
1000
1000
1000
999.288
994.562
999.972
1000
1000
1000
1000
999.999
999.943
999.872
1000
999.997
1000
1000
999.999
999.997
999.87
999.97
998.306
1000
1000
1000
999.999
999.998
999.999
999.999
999.976
999.999
1000
1000
1000
1000
998.704
990.565
999.781
1000
1000
1000
1000
1000
995.948
944.169
999.649
1000
1000
1000
1000
1000
998.11
958.451
999.598
1000
1000
1000
999.998
999.999
999.934
995.992
999.867
1000
1000
1000
1000
999.989
999.998
999.999
999.995
1000
1000
1000
999.999
1000
999.999
991.458
999.732
1000
1000
1000
1000
1000
1000
979.521
999.851
1000
1000
1000
1000
1000
997.24
938.085
999.303
1000
1000
1000
1000
1000
994.051
935.982
998.031
1000
1000
1000
1000
1000
999.917
961.681
999.2
1000
1000
1000
1000
999.783
999.927
998.663
999.934
1000
1000
1000
1000
1000
984.708
999.398
1000
1000
1000
1000
999.999
1000
993.898
973.709
999.959
1000
1000
1000
1000
1000
979.342
939.675
999.396
1000
1000
1000
1000
1000
999.985
937.713
999.24
1000
1000
1000
1000
1000
1000
946.136
998.964
1000
1000
1000
1000
999.462
992.319
989.308
999.792
1000
1000
1000
1000
998.458
926.862
997.948
1000
1000
1000
1000
1000
992.388
893.149
1000
1000
1000
1000
1000
1000
987.94
912.562
981.329
1000
1000
1000
1000
1000
998.487
898.39
938.871
999.876
1000
1000
1000
1000
999.131
948.392
976.55
999.952
1000
1000
1000
999.999
999.336
982.418
992.717
999.962
1000
1000
1000
1000
995.853
930.051
998.941
1000
1000
1000
1000
1000
980.563
890.322
998.121
1000
1000
1000
1000
999.771
928.318
890.367
999.8
1000
1000
1000
1000
996.363
909.214
896.013
999.456
999.962
1000
1000
1000
1000
963.629
894.517
966.547
1000
1000
1000
1000
1000
976.208
894.489
999.729
1000
1000
1000
1000
999.999
982.965
906.475
1000
1000
1000
1000
1000
999.87
982.841
947.164
999.976
1000
1000
1000
1000
998.602
955.973
917.969
999.758
1000
1000
1000
1000
986.939
907.524
910.131
999.996
1000
1000
1000
1000
930.973
896.961
921.257
999.999
999.951
1000
1000
1000
991.854
896.916
910.526
999.008
1000
1000
1000
1000
995.72
930.333
912.87
1000
1000
1000
1000
1000
996.133
947.1
942.603
1000
1000
1000
1000
1000
998.364
982.971
994.535
1000
1000
1000
1000
1000
992.311
962.648
988.985
1000
1000
1000
1000
1000
934.697
907.596
975.182
1000
999.999
1000
1000
1000
887.814
906.766
996.057
1000
999.985
1000
1000
1000
958.896
897.841
978.251
1000
1000
1000
1000
1000
992.923
944.342
983.429
1000
1000
1000
1000
1000
993.696
957.879
995.002
1000
1000
1000
1000
1000
998.44
993.328
1000
1000
1000
1000
1000
1000
987.675
983.214
1000
1000
1000
1000
1000
1000
909.895
924.987
1000
1000
1000
1000
1000
1000
1000
1000
1000
1000
1000
1000
1000
1000
1000
1000
1000
1000
1000
1000
1000
1000
1000
1000
1000
1000
1000
1000
1000
1000
1000
1000
1000
1000
1000
1000
1000
1000
1000
1000
1000
1000
1000
1000
1000
1000
1000
1000
1000
1000
1000
1000
1000
1000
1000
1000
1000
1000
1000
1000
1000
1000
1000
1000
1000
1000
999.999
1000
999.999
1000
1000
1000
1000
1000
1000
1000
1000
1000
1000
1000
1000
1000
1000
1000
1000
1000
1000
1000
1000
1000
1000
1000
1000
1000
1000
1000
1000
1000
1000
1000
1000
1000
1000
1000
1000
1000
1000
1000
1000
1000
1000
1000
1000
1000
1000
1000
1000
1000
1000
1000
1000
1000
999.998
999.997
999.998
1000
1000
1000
1000
1000
1000
999.999
999.999
1000
1000
1000
1000
1000
1000
1000
1000
1000
1000
1000
1000
1000
1000
1000
1000
1000
1000
1000
1000
1000
1000
1000
1000
1000
1000
1000
1000
1000
1000
1000
1000
1000
1000
1000
1000
1000
1000
1000
1000
1000
1000
1000
1000
1000
999.998
999.995
999.998
1000
1000
1000
1000
1000
999.999
999.995
999.999
1000
1000
1000
1000
1000
1000
1000
1000
1000
999.999
1000
1000
1000
1000
1000
1000
1000
1000
1000
1000
999.999
1000
1000
1000
1000
1000
1000
999.998
999.999
1000
1000
1000
999.999
1000
1000
1000
1000
1000
999.999
999.998
999.999
1000
1000
1000
1000
999.999
999.996
999.998
1000
1000
1000
1000
1000
999.996
999.995
999.999
1000
999.999
1000
1000
1000
999.999
999.998
999.999
1000
999.999
1000
1000
1000
1000
1000
999.999
1000
1000
1000
999.999
999.999
1000
1000
999.997
999.999
1000
1000
999.997
999.998
1000
1000
999.993
999.999
1000
1000
1000
1000
999.999
999.998
999.992
999.999
1000
1000
1000
1000
1000
999.999
999.999
1000
1000
1000
1000
1000
999.995
999.995
999.999
1000
999.999
1000
1000
1000
999.995
999.995
999.999
1000
1000
1000
1000
1000
1000
1000
999.997
1000
1000
1000
1000
1000
1000
1000
999.992
1000
999.997
1000
999.997
999.999
1000
1000
999.992
999.999
1000
1000
1000
1000
999.999
999.999
999.992
999.999
1000
999.997
999.996
1000
1000
1000
1000
1000
1000
1000
1000
999.999
999.997
999.997
1000
1000
1000
1000
1000
999.996
999.994
999.996
999.999
1000
1000
1000
1000
999.999
999.998
999.998
999.997
1000
1000
1000
1000
1000
1000
1000
999.995
1000
1000
1000
999.997
1000
1000
1000
999.994
1000
1000
1000
1000
1000
1000
1000
999.994
1000
1000
999.997
999.995
1000
1000
1000
1000
1000
1000
1000
1000
999.999
999.999
1000
1000
1000
1000
1000
1000
999.995
999.995
999.998
999.999
1000
1000
1000
1000
999.995
999.995
999.997
999.999
1000
1000
1000
1000
1000
999.996
999.999
999.999
1000
1000
1000
999.999
999.999
1000
999.997
999.998
1000
1000
999.999
999.999
1000
1000
999.995
999.998
1000
999.999
999.999
999.997
1000
1000
1000
1000
1000
1000
1000
1000
1000
1000
1000
1000
1000
1000
1000
1000
999.997
999.998
1000
1000
1000
1000
1000
1000
999.994
999.996
999.998
999.999
1000
1000.02
1000
1000
999.994
999.996
999.98
999.998
1000
1000
1000
1000
999.995
999.991
999.954
1000
1000
1000
999.998
999.999
999.992
1000
999.942
999.999
1000
999.99
1000
1000
999.997
1000
1000
1000
1000
1000
1000
999.997
1000
999.999
1000
1000
1000
1000.01
1000
1000
1000
999.999
1000
1000
1000
997.987
1000
1000
999.997
1000
1000
1000
1000
1000.01
1000
1000
999.992
1000
999.968
999.998
1000
1000
1000
1000
999.993
999.39
999.901
1000
1000
1000
999.998
1000
999.958
997.759
999.863
1000
1000
999.987
999.953
1000
999.919
999.999
1000
1000
1000
999.999
999.999
999.964
999.934
999.996
1000
1000
1000
999.982
999.998
999.992
1000
999.995
1000
1000
1000
999.945
1000
1000
999.999
999.998
1000
1000
1000
999.97
1000
1000
999.995
999.997
999.975
999.999
1000
999.996
1000
1000
999.987
998.709
999.91
1000
1000
999.998
999.999
1000
999.47
996.618
999.895
1000
1000
999.99
999.774
998.413
999.741
1000
1000
1000
1000
999.973
999.998
999.888
998.853
999.973
1000
1000
1000
999.953
999.998
999.932
999.203
999.971
1000
1000
1000
999.905
999.998
999.985
999.999
999.985
1000
1000
1000
999.911
999.999
999.999
999.996
999.965
999.991
1000
1000
999.989
1000
1000
999.964
999.083
999.961
1000
1000
999.995
999.999
999.991
998.898
998.631
999.976
1000
1000
999.985
999.633
998.108
999.751
999.999
1000
999.995
1000
999.995
999.998
999.814
998.806
999.947
1000
1000
999.998
999.991
999.998
999.767
998.805
999.875
1000
1000
999.999
999.957
999.999
999.925
999.255
999.97
1000
1000
999.999
999.978
999.999
999.977
999.973
999.963
1000
1000
1000
999.992
999.995
999.938
999.909
999.933
999.994
1000
1000
999.998
999.997
999.988
999.171
999.959
999.996
1000
1000
999.977
999.717
998.109
999.883
999.999
1000
999.951
1000
999.999
999.995
999.813
999.005
999.959
1000
999.917
999.999
999.999
999.999
999.737
998.805
999.853
1000
1000
999.997
999.999
999.999
999.897
998.805
999.974
1000
1000
999.995
999.999
999.999
999.971
999.862
999.972
1000
1000
999.998
999.999
999.986
999.779
999.824
999.998
1000
1000
1000
1000
999.984
999.602
999.87
999.999
999.999
1000
1000
1000
1000
1000
1000
1000
1000
1000
1000
1000
1000
1000
1000
1000
1000
1000
1000
1000
1000
1000
1000
1000
1000
1000
1000
1000
1000
1000
1000
1000
1000
1000
1000
1000
1000
1000
1000
1000
1000
999.999
1000
1000
1000
1000
1000
1000
999.999
999.996
1000
1000
1000
1000
1000
999.999
999.998
999.997
1000
1000
1000
1000
1000
1000
1000
1000
1000
1000
1000
1000
1000
1000
1000
1000
1000
1000
1000
1000
1000
1000
1000
1000
1000
1000
1000
1000
1000
1000
1000
999.998
1000
1000
1000
1000
1000
1000
999.998
999.995
1000
1000
1000
1000
1000
999.999
999.995
999.995
1000
1000
1000
1000
1000
999.998
999.994
999.995
1000
1000
1000
1000
1000
1000
1000
1000
1000
1000
1000
1000
1000
1000
1000
999.995
999.999
1000
1000
1000
1000
1000
1000
999.992
1000
1000
1000
1000
1000
1000
999.999
999.993
1000
1000
1000
1000
1000
999.998
999.995
999.995
1000
1000
1000
1000
1000
999.999
999.994
999.995
1000
1000
1000
1000
1000
999.998
999.994
999.996
1000
1000
1000
1000
1000
1000
999.998
999.996
1000
1000
1000
1000
1000
1000
999.999
999.992
999.999
1000
1000
1000
1000
1000
999.999
999.992
1000
1000
1000
1000
1000
1000
999.995
999.993
1000
1000
1000
1000
999.999
999.996
999.994
999.997
1000
1000
1000
1000
1000
999.999
999.994
999.998
1000
1000
1000
1000
1000
1000
999.997
999.999
1000
1000
1000
1000
1000
1000
999.994
999.992
1000
1000
1000
1000
999.999
1000
999.997
999.992
1000
1000
1000
1000
999.999
999.999
999.998
999.992
1000
1000
1000
1000
1000
999.999
999.995
999.997
1000
1000
1000
1000
999.999
999.997
999.995
999.999
1000
1000
1000
1000
1000
1000
999.997
1000
1000
999.998
999.999
1000
1000
1000
1000
1000
1000
1000
1000
1000
1000
1000
999.993
999.992
1000
1000
1000
1000
999.999
1000
999.997
999.993
1000
1000
1000
1000
999.999
999.999
999.998
999.997
1000
1000
1000
1000
1000
1000
999.998
1000
1000
1000
1000
1000
1000
1000
999.999
1000
1000
1000
1000
1000
1000
1000
1000
1000
1000
999.998
1000
999.523
997.269
999.538
1000
1000
1000
1000
999.998
1000
1000
1000
999.998
999.996
1000
1000
1000
1000
1000
1000
1000
999.998
1000
1000
1000
1000
1000
1000
1000
1000
1000
1000
1000
1000
1000
1000
999.998
1000
1000
1000
1000
1000
1000
1000
999.994
1000
1000
1000
1000
999.561
995.642
996.867
1000
1000
1000
1000
1000
996.288
992.245
996.271
1000
1000
1000
1000
999.998
1000
1000
1000
999.995
1000
1000
1000
1000
1000
1000
1000
999.984
1000
1000
1000
1000
1000
1000
1000
999.976
1000
1000
1000
1000
1000
1000
999.855
999.974
1000
1000
1000
1000
999.868
997.502
996.349
1000
1000
1000
1000
1000
997.431
992.245
992.271
1000
1000
1000
1000
999.972
995.458
992.247
995.304
1000
1000
1000
1000
999.999
999.996
1000
999.343
999.966
1000
1000
1000
1000
1000
999.691
996.538
999.907
1000
1000
1000
1000
1000
999.461
995.083
999.904
1000
1000
1000
1000
1000
998.198
992.91
999.92
1000
1000
1000
1000
999.136
992.186
992.048
999.943
1000
1000
1000
1000
997.125
992.689
992.05
999.999
1000
1000
999.999
999.94
998.322
998.024
997.314
1000
1000
1000
1000
1000
999.926
998.417
996.427
999.939
1000
1000
1000
1000
1000
996.468
991.824
999.81
1000
1000
1000
1000
1000
996.355
991.87
999.79
1000
1000
1000
1000
1000
994.454
991.916
999.822
1000
1000
1000
1000
998.582
993.291
993.17
999.937
1000
1000
1000
999.983
998.698
998.308
995.672
999.995
1000
1000
999.999
999.957
999.957
999.93
999.8
1000
1000
1000
1000
1000
999.469
994.168
996.314
999.984
1000
1000
1000
1000
1000
993.843
991.824
999.873
1000
1000
999.998
1000
1000
995.635
991.912
999.909
1000
1000
999.998
999.999
999.991
995.865
995.307
999.944
1000
1000
1000
999.998
998.979
998.564
996.492
999.979
1000
1000
1000
999.976
998.655
998.645
998.681
999.998
1000
1000
1000
999.553
985.223
959.897
999.882
1000
1000
1000
999.998
1000
999.181
994.836
998.057
1000
1000
1000
999.999
1000
999.85
996.373
995.657
999.994
1000
1000
999.995
999.999
999.968
998.243
997.666
999.996
1000
1000
999.998
999.999
999.981
999.656
996.849
999.997
1000
1000
999.999
999.99
999.103
999.614
993.483
999.997
1000
1000
999.999
999.999
986.946
907.518
995.498
1000
1000
1000
1000
994.876
872.777
880.003
996.846
1000
1000
1000
999.996
999.964
999.852
999.463
999.795
1000
1000
1000
1000
999.964
999.764
999.766
999.544
1000
1000
1000
999.999
999.997
999.941
999.938
997.048
1000
1000
1000
999.999
999.999
999.76
999.895
989.437
1000
1000
1000
999.999
999.999
993.414
902.866
985.602
1000
1000
1000
999.999
997.947
914.397
835.962
981.852
1000
1000
1000
995.47
964.463
853.886
887.827
998.206
1000
1000
1000
1000
999.855
998.884
999.861
999.757
999.986
1000
1000
1000
999.966
999.297
999.849
995.891
1000
1000
1000
1000
999.999
998.749
991.323
987.333
1000
1000
1000
999.999
999.999
996.965
902.366
977.053
1000
1000
1000
999.999
999.998
958.665
834.84
968.684
1000
1000
1000
999.936
978.308
835.969
835.398
979.752
1000
1000
1000
977.412
861.816
853.691
935.931
1000
1000
1000
1000
1000
999.996
999.987
999.989
1000
999.998
1000
1000
1000
999.998
999.971
999.998
999.998
999.999
1000
1000
1000
1000
999.997
999.998
999.999
1000
1000
1000
1000
1000
1000
1000
1000
1000
1000
1000
1000
1000
1000
1000
1000
1000
1000
1000
1000
1000
1000
999.999
999.998
1000
1000
1000
1000
1000
1000
999.999
999.998
1000
1000
1000
1000
999.992
999.956
999.966
1000
999.997
1000
1000
1000
999.979
999.955
999.992
999.997
999.995
1000
1000
1000
999.998
999.984
999.999
999.998
1000
1000
1000
1000
1000
1000
999.998
1000
1000
1000
1000
1000
1000
1000
1000
1000
1000
1000
1000
1000
1000
1000
999.999
999.998
1000
1000
1000
1000
1000
1000
999.999
999.997
1000
999.999
1000
1000
999.998
999.956
999.97
1000
999.998
1000
1000
1000
999.964
999.955
999.994
999.998
999.994
1000
1000
1000
999.99
999.98
999.999
999.999
999.998
1000
1000
1000
1000
999.999
999.997
1000
1000
1000
1000
1000
1000
1000
999.999
1000
1000
1000
1000
1000
1000
1000
999.999
1000
1000
999.999
1000
1000
1000
1000
1000
999.999
1000
999.998
1000
999.999
999.999
999.957
999.981
1000
1000
1000
1000
999.999
999.972
999.992
999.998
999.999
999.996
1000
1000
1000
999.972
999.987
1000
999.999
999.997
1000
1000
1000
1000
999.999
999.998
1000
1000
1000
1000
1000
1000
999.999
999.99
999.999
1000
1000
1000
1000
1000
1000
999.998
1000
999.999
999.999
1000
1000
1000
1000
1000
1000
999.999
999.998
1000
999.999
999.94
999.953
999.977
1000
999.999
999.999
1000
999.995
999.963
999.984
999.994
999.999
999.999
1000
1000
999.996
999.974
999.991
1000
1000
999.999
1000
1000
999.999
1000
999.999
999.999
1000
1000
1000
1000
1000
1000
999.999
999.988
999.985
999.999
1000
1000
1000
1000
1000
999.995
999.942
999.996
999.999
1000
1000
1000
1000
1000
1000
999.996
999.999
1000
999.998
999.79
999.946
999.999
1000
999.887
999.999
1000
999.993
999.928
999.752
999.97
999.986
999.999
999.999
1000
999.997
999.984
999.991
1000
1000
1000
1000
1000
1000
1000
1000
1000
1000
1000
1000
1000
1000
1000
1000
999.989
999.955
999.997
1000
1000
1000
1000
1000
999.979
999.899
999.99
1000
1000
1000
999.999
1000
999.999
999.956
999.992
1000
1000
999.985
999.781
999.959
999.999
998.048
999.766
1000
1000
999.996
999.785
999.738
999.957
999.951
1000
999.977
1000
999.998
999.986
999.986
999.999
1000
1000
999.991
1000
1000
1000
1000
1000
1000
1000
1000
1000
1000
1000
1000
999.996
999.955
999.997
1000
1000
1000
1000
1000
999.975
999.899
999.989
1000
1000
1000
999.999
1000
999.983
999.901
999.989
1000
1000
999.976
999.814
999.999
999.999
995.693
999.762
1000
1000
999.995
999.765
999.764
999.985
1000
997.317
999.928
1000
999.999
999.986
999.978
999.997
1000
1000
999.964
1000
1000
1000
1000
999.998
1000
1000
999.994
1000
1000
1000
1000
1000
999.976
999.999
1000
1000
1000
1000
1000
999.994
999.899
999.993
1000
1000
1000
1000
1000
999.951
999.899
999.99
1000
1000
999.981
999.917
998.968
999.999
995.789
999.843
1000
1000
999.999
999.767
999.939
999.998
967.829
990.491
1000
1000
1000
999.982
999.978
999.997
1000
997.666
999.82
1000
1000
1000
999.959
999.959
999.998
1000
999.92
999.999
1000
1000
1000
999.947
999.987
1000
999.991
1000
1000
1000
1000
999.977
999.948
1000
1000
1000
1000
1000
1000
999.954
999.923
999.995
1000
1000
1000
999.999
990.32
939.648
990.456
1000
1000
1000
999.99
999.954
999.991
979.803
874.008
984.118
1000
1000
999.999
999.98
999.989
999.997
990.431
984.972
999.83
1000
1000
1000
999.896
999.93
999.998
997.719
999.813
1000
1000
1000
999.485
999.655
999.994
999.97
999.902
1000
1000
1000
999.862
999.698
999.975
999.994
999.993
1000
1000
999.999
1000
999.969
999.981
1000
1000
1000
1000
999.998
918.195
863.822
988.82
1000
1000
1000
999.986
999.991
999.994
848.02
869.716
990.388
1000
1000
999.996
999.99
999.994
999.995
885.176
978.778
1000
1000
1000
999.999
999.918
999.938
999.254
986.161
999.777
1000
1000
999.999
999.251
999.611
999.993
997.277
999.856
1000
1000
1000
999.288
999.508
999.994
999.826
999.967
1000
999.997
999.967
999.97
999.971
1000
999.994
999.998
1000
1000
989.681
854.458
887.65
996.606
1000
1000
1000
999.994
999.995
979.451
814.197
900.986
999.228
1000
1000
999.998
999.996
999.995
940.686
868.403
981.013
1000
1000
999.999
999.996
999.989
999.988
913.834
980.902
1000
1000
999.999
999.999
999.244
999.7
999.998
989.133
999.913
1000
1000
999.985
999.212
999.601
999.999
998.552
999.977
1000
999.997
999.952
999.959
999.973
1000
999.949
999.999
1000
996.303
919.899
854.501
962.5
999.998
1000
1000
1000
999.998
993.757
868.088
814.3
973.637
1000
1000
1000
999.999
999.998
993.365
816.011
872.27
993.658
1000
1000
1000
999.998
999.998
989.54
872.6
983.763
1000
1000
1000
999.999
999.734
999.769
939.513
988.844
999.999
1000
1000
999.986
999.259
999.77
999.998
995.307
999.999
1000
999.998
999.961
999.961
999.955
999.56
999.596
1000
1000
968.529
886.479
886.378
999.989
1000
1000
1000
1000
999.368
964.99
840.505
852.669
1000
1000
1000
1000
1000
999.573
935.175
814.569
936.239
1000
1000
1000
1000
1000
996.986
870.762
878.667
992.805
1000
1000
1000
1000
999.999
996.647
879.144
990.862
1000
1000
1000
999.985
999.863
999.869
950.003
995.673
1000
1000
1000
999.934
998.829
999.872
995.2
999.202
1000
1000
1000
1000
1000
1000
1000
1000
1000
1000
1000
1000
1000
1000
1000
1000
1000
1000
1000
1000
1000
1000
1000
1000
1000
1000
1000
1000
1000
1000
1000
1000
1000
1000
1000
1000
1000
1000
1000
1000
1000
1000
1000
1000
1000
1000
1000
1000
1000
1000
1000
1000
1000
1000
1000
1000
1000
1000
1000
1000
1000
1000
1000
1000
1000
1000
1000
1000
1000
1000
1000
1000
1000
1000
1000
1000
1000
1000
1000
1000
1000
1000
1000
1000
1000
1000
1000
1000
1000
1000
1000
1000
1000
1000
1000
1000
1000
1000
1000
1000
1000
1000
1000
1000
1000
1000
1000
1000
1000
1000
1000
1000
1000
1000
1000
1000
1000
1000
1000
1000
1000
1000
1000
1000
1000
1000
1000
1000
1000
1000
1000
1000
1000
1000
1000
1000
1000
1000
1000
1000
1000
1000
1000
1000
1000
1000
1000
1000
1000
1000
1000
1000
1000
1000
1000
1000
1000
1000
1000
1000
1000
1000
1000
1000
1000
1000
1000
1000
1000
1000
1000
1000
1000
1000
1000
1000
1000
1000
1000
1000
1000
1000
1000
1000
1000
1000
1000
1000
1000
1000
1000
1000
1000
1000
1000
1000
1000
1000
1000
1000
1000
1000
1000
1000
1000
1000
1000
1000
1000
1000
1000
1000
1000
1000
1000
1000
1000
1000
1000
1000
1000
1000
1000
1000
1000
1000
1000
1000
1000
1000
1000
1000
1000
1000
1000
1000
1000
1000
1000
1000
1000
1000
1000
1000
1000
1000
1000
1000
1000
1000
1000
1000
1000
1000
1000
1000
1000
1000
1000
1000
1000
1000
1000
1000
1000
1000
1000
1000
1000
1000
1000
1000
1000
1000
1000
1000
1000
1000
1000
1000
1000
1000
1000
1000
1000
1000
1000
1000
1000
1000
1000
1000
1000
1000
1000
1000
1000
1000
1000
1000
1000
1000
1000
1000
1000
1000
1000
1000
1000
1000
1000
1000
1000
1000
1000
1000
1000
1000
1000
1000
1000
1000
1000
1000
1000
1000
1000
1000
1000
1000
1000
1000
1000
1000
1000
1000
1000
1000
1000
1000
1000
1000
1000
1000
1000
1000
1000
1000
1000
1000
1000
1000
1000
1000
1000
1000
1000
1000
1000
1000
1000
1000
1000
1000
1000
1000
1000
1000
1000
1000
1000
1000
1000
1000
1000
1000
1000
1000
1000
1000
1000
1000
1000
1000
1000
1000
1000
1000
1000
1000
1000
1000
1000
1000
1000
1000
1000
1000
1000
1000
1000
1000
1000
1000
1000
1000
1000
1000
1000
1000
1000
1000
1000
1000
1000
1000
1000
1000
1000
1000
1000
1000
1000
1000
1000
1000
1000
1000
1000
1000
1000
1000
1000
1000
1000
1000
1000
1000
1000
1000
1000
1000
1000
1000
1000
1000
1000
1000
1000
1000
1000
1000
1000
1000
1000
1000
1000
1000
1000
1000
1000
1000
1000
1000
1000
1000
1000
1000
1000
1000
1000
1000
1000
1000
1000
1000
1000
1000
1000
1000
1000
1000
1000
1000
1000
1000
1000
1000
1000
1000
1000
1000
1000
1000
1000
1000
1000
1000
1000
1000
1000
1000
1000
1000
1000
1000
1000
1000
1000
1000
1000
1000
1000
1000
1000
1000
1000
1000
1000
1000
1000
1000
1000
1000
1000
1000
1000
1000
1000
1000
1000
1000
1000
1000
1000
1000
1000
1000
1000
1000
1000
1000
1000
1000
1000
1000
1000
1000
1000
1000
1000
1000
1000
1000
1000
1000
1000
1000
1000
1000
1000
1000
1000
1000
1000
1000
1000
1000
1000
1000
1000
1000
1000
1000
1000
1000
1000
1000
1000
1000
1000
1000
1000
1000
1000
1000
1000
1000
1000
1000
1000
1000
1000
1000
1000
1000
1000
1000
1000
1000
1000
1000
1000
1000
1000
1000
1000
1000
1000
1000
1000
1000
1000
1000
1000
1000
1000
1000
1000
1000
1000
1000
1000
1000
1000
1000
1000
1000
1000
1000
1000
1000
1000
1000
1000
1000
1000
1000
1000
1000
1000
1000
1000
1000
1000
1000
1000
1000
1000
1000
1000
1000
1000
1000
1000
1000
1000
1000
1000
1000
1000
1000
1000
1000
1000
1000
1000
1000
1000
1000
1000
1000
1000
1000
1000
1000
1000
1000
1000
1000
1000
1000
1000
1000
1000
1000
1000
1000
1000
1000
1000
1000
1000
1000
1000
1000
1000
1000
1000
1000
1000
1000
1000
1000
1000
1000
1000
1000
1000
1000
1000
1000
1000
1000
1000
1000
1000
1000
1000
1000
1000
1000
1000
1000
1000
1000
1000
1000
1000
1000
1000
1000
1000
1000
1000
1000
1000
1000
1000
1000
1000
1000
1000
1000
1000
1000
1000
1000
1000
1000
1000
1000
1000
1000
1000
1000
1000
1000
1000
1000
1000
1000
1000
1000
1000
1000
1000
1000
1000
1000
1000
1000
1000
1000
1000
1000
1000
1000
1000
1000
1000
1000
1000
1000
1000
1000
1000
1000
1000
1000
1000
1000
1000
1000
1000
1000
1000
1000
1000
1000
1000
1000
1000
1000
1000
1000
1000
1000
1000
1000
1000
1000
1000
1000
1000
1000
1000
1000
1000
1000
1000
1000
1000
1000
1000
1000
1000
1000
1000
1000
1000
1000
1000
1000
1000
1000
1000
1000
1000
1000
1000
1000
1000
1000
1000
1000
1000
1000
1000
1000
1000
1000
1000
1000
1000
1000
1000
1000
1000
1000
1000
1000
1000
1000
1000
1000
1000
1000
1000
1000
1000
1000
1000
1000
1000
1000
1000
1000
1000
1000
1000
1000
1000
1000
1000
1000
1000
1000
1000
1000
1000
1000
1000
1000
1000
1000
1000
1000
1000
1000
1000
1000
1000
1000
1000
1000
1000
1000
1000
1000
1000
1000
1000
1000
1000
1000
1000
1000
1000
1000
1000
1000
1000
1000
1000
1000
1000
1000
1000
1000
1000
1000
1000
1000
1000
1000
1000
1000
1000
1000
1000
1000
1000
1000
1000
1000
1000
1000
1000
1000
1000
1000
1000
1000
1000
1000
1000
1000
1000
1000
1000
1000
1000
1000
1000
1000
1000
1000
1000
1000
1000
1000
1000
1000
1000
1000
1000
1000
1000
1000
1000
1000
1000
1000
1000
1000
1000
1000
1000
1000
1000
1000
1000
1000
1000
1000
1000
1000
1000
1000
1000
1000
1000
1000
1000
1000
1000
1000
1000
1000
1000
1000
1000
1000
1000
1000
1000
1000
1000
1000
1000
1000
1000
1000
1000
1000
1000
1000
1000
1000
1000
1000
1000
1000
1000
1000
1000
1000
1000
1000
1000
1000
1000
1000
1000
1000
1000
1000
1000
1000
1000
1000
1000
1000
1000
1000
1000
1000
1000
1000
1000
1000
1000
1000
1000
1000
1000
1000
1000
1000
1000
1000
1000
1000
1000
1000
1000
1000
1000
1000
1000
1000
1000
1000
1000
1000
1000
1000
1000
1000
1000
1000
1000
1000
1000
1000
1000
1000
1000
1000
1000
1000
1000
1000
1000
1000
1000
1000
1000
1000
1000
1000
1000
1000
1000
1000
1000
1000
1000
1000
1000
1000
1000
1000
1000
1000
1000
1000
1000
1000
1000
1000
1000
1000
1000
1000
1000
1000
1000
1000
1000
1000
1000
1000
1000
1000
1000
1000
1000
1000
1000
1000
1000
1000
1000
1000
1000
1000
1000
1000
1000
1000
1000
1000
1000
1000
1000
1000
1000
1000
1000
1000
1000
1000
1000
1000
1000
1000
1000
1000
1000
1000
1000
1000
1000
1000
1000
1000
1000
1000
1000
1000
1000
1000
1000
1000
1000
1000
1000
1000
1000
1000
1000
1000
1000
1000
1000
1000
1000
1000
1000
1000
1000
1000
1000
1000
1000
1000
1000
1000
1000
1000
1000
1000
1000
1000
1000
1000
1000
1000
1000
1000
1000
1000
1000
1000
1000
1000
1000
1000
1000
1000
1000
1000
1000
1000
1000
1000
1000
1000
1000
1000
1000
1000
1000
1000
1000
1000
1000
1000
1000
1000
1000
1000
1000
1000
1000
1000
1000
1000
1000
1000
1000
1000
1000
1000
1000
1000
1000
1000
1000
1000
1000
1000
1000
1000
1000
1000
1000
1000
1000
1000
1000
1000
1000
1000
1000
1000
1000
1000
1000
1000
1000
1000
1000
1000
1000
1000
1000
1000
1000
1000
1000
1000
1000
1000
1000
1000
1000
1000
1000
1000
1000
1000
1000
1000
1000
1000
1000
1000
1000
1000
1000
1000
1000
1000
1000
1000
1000
1000
1000
1000
1000
1000
1000
1000
1000
1000
1000
1000
1000
1000
1000
1000
1000
1000
1000
1000
1000
1000
1000
1000
1000
1000
1000
1000
1000
1000
1000
1000
1000
1000
1000
1000
1000
1000
1000
1000
1000
1000
1000
1000
1000
1000
1000
1000
1000
1000
1000
1000
1000
1000
1000
1000
1000
1000
1000
1000
1000
1000
1000
1000
1000
1000
1000
1000
1000
1000
1000
1000
1000
1000
1000
1000
1000
1000
1000
1000
1000
1000
1000
1000
1000
1000
1000
1000
1000
1000
1000
1000
1000
1000
1000
1000
1000
1000
1000
1000
1000
1000
1000
1000
1000
1000
1000
1000
1000
1000
1000
1000
1000
1000
1000
1000
1000
1000
1000
1000
1000
1000
1000
1000
1000
1000
1000
1000
1000
1000
1000
1000
1000
1000
1000
1000
1000
1000
1000
1000
1000
1000
1000
1000
1000
1000
1000
1000
1000
1000
1000
1000
1000
1000
1000
1000
1000
1000
1000
1000
1000
1000
1000
1000
1000
1000
1000
1000
1000
1000
1000
1000
1000
1000
1000
1000
1000
1000
1000
1000
1000
1000
1000
1000
1000
1000
1000
1000
1000
1000
1000
1000
1000
1000
1000
1000
1000
1000
1000
1000
1000
1000
1000
1000
1000
1000
1000
1000
1000
1000
1000
1000
1000
1000
1000
1000
1000
1000
1000
1000
1000
1000
1000
1000
1000
1000
1000
1000
1000
1000
1000
1000
1000
1000
1000
1000
1000
1000
1000
1000
1000
1000
1000
1000
1000
1000
1000
1000
1000
1000
1000
1000
1000
1000
1000
1000
1000
1000
1000
1000
1000
1000
1000
1000
1000
1000
1000
1000
1000
1000
1000
1000
1000
1000
1000
1000
1000
1000
1000
1000
1000
1000
1000
1000
1000
1000
1000
1000
1000
1000
1000
1000
1000
1000
1000
1000
1000
1000
1000
1000
1000
1000
1000
1000
1000
1000
1000
1000
1000
1000
1000
1000
1000
1000
1000
1000
1000
1000
1000
1000
1000
1000
1000
1000
1000
1000
1000
1000
1000
1000
1000
1000
1000
1000
1000
1000
1000
1000
1000
1000
1000
1000
1000
1000
1000
1000
1000
1000
1000
1000
1000
1000
1000
1000
1000
1000
1000
1000
1000
1000
1000
1000
1000
1000
1000
1000
1000
1000
1000
1000
1000
1000
1000
1000
1000
1000
1000
1000
1000
1000
1000
1000
1000
1000
1000
1000
1000
1000
1000
1000
1000
1000
1000
1000
1000
1000
1000
1000
1000
1000
1000
1000
1000
1000
1000
1000
1000
1000
1000
1000
1000
1000
1000
1000
1000
1000
1000
1000
1000
1000
1000
1000
1000
1000
1000
1000
1000
1000
1000
1000
1000
1000
1000
1000
1000
1000
1000
1000
1000
1000
1000
1000
1000
1000
1000
1000
1000
1000
1000
1000
1000
1000
1000
1000
1000
1000
1000
1000
1000
1000
1000
1000
1000
1000
1000
1000
1000
1000
1000
1000
1000
1000
1000
1000
1000
1000
1000
1000
1000
1000
1000
1000
1000
1000
1000
1000
1000
1000
1000
1000
1000
1000
1000
1000
1000
1000
1000
1000
1000
1000
1000
1000
1000
1000
1000
1000
1000
1000
1000
1000
1000
1000
1000
1000
1000
1000
1000
1000
1000
1000
1000
1000
1000
1000
1000
1000
1000
1000
1000
1000
1000
1000
1000
1000
1000
1000
1000
1000
1000
1000
1000
1000
1000
1000
1000
1000
1000
1000
1000
1000
1000
1000
1000
1000
1000
1000
1000
1000
1000
1000
1000
1000
1000
1000
1000
1000
1000
1000
1000
1000
1000
1000
1000
1000
1000
1000
1000
1000
1000
1000
1000
1000
1000
1000
1000
1000
1000
1000
1000
1000
1000
1000
1000
1000
1000
1000
1000
1000
1000
1000
1000
1000
1000
1000
1000
1000
1000
1000
1000
1000
1000
1000
1000
1000
1000
1000
1000
1000
1000
1000
1000
1000
1000
1000
1000
1000
1000
1000
1000
1000
1000
1000
1000
1000
1000
1000
1000
1000
1000
1000
1000
1000
1000
1000
1000
1000
1000
1000
1000
1000
1000
1000
1000
1000
1000
1000
1000
1000
1000
1000
1000
1000
1000
1000
1000
1000
1000
1000
1000
1000
1000
1000
1000
1000
1000
1000
1000
1000
1000
1000
1000
1000
1000
1000
1000
1000
1000
1000
1000
1000
1000
1000
1000
1000
1000
1000
1000
1000
1000
1000
1000
1000
1000
1000
1000
1000
1000
1000
1000
1000
1000
1000
1000
1000
1000
1000
1000
1000
1000
1000
1000
1000
1000
1000
1000
1000
1000
1000
1000
1000
1000
1000
1000
1000
1000
1000
1000
1000
1000
1000
1000
1000
1000
1000
1000
1000
1000
1000
1000
1000
1000
1000
1000
1000
1000
1000
1000
1000
1000
1000
1000
1000
1000
1000
1000
1000
1000
1000
1000
1000
1000
1000
1000
1000
1000
1000
1000
1000
1000
1000
1000
1000
1000
1000
1000
1000
1000
1000
1000
1000
1000
1000
1000
1000
1000
1000
1000
1000
1000
1000
1000
1000
1000
1000
1000
1000
1000
1000
1000
1000
1000
1000
1000
1000
1000
1000
1000
1000
1000
1000
1000
1000
1000
1000
1000
1000
1000
1000
1000
1000
1000
1000
1000
1000
1000
1000
1000
1000
1000
1000
1000
1000
1000
1000
1000
1000
1000
1000
1000
1000
1000
1000
1000
1000
1000
1000
1000
1000
1000
1000
1000
1000
1000
1000
1000
1000
1000
1000
1000
1000
1000
1000
1000
1000
1000
1000
1000
1000
1000
1000
1000
1000
1000
1000
1000
1000
1000
1000
1000
1000
1000
1000
1000
1000
1000
1000
1000
1000
1000
1000
1000
1000
1000
1000
1000
1000
1000
1000
1000
1000
1000
1000
1000
1000
1000
1000
1000
1000
1000
1000
1000
1000
1000
1000
1000
1000
1000
1000
1000
1000
1000
1000
1000
1000
1000
1000
1000
1000
1000
1000
1000
1000
1000
1000
1000
1000
1000
1000
1000
1000
1000
1000
1000
1000
1000
1000
1000
1000
1000
1000
1000
1000
1000
1000
1000
1000
1000
1000
1000
1000
1000
1000
1000
1000
1000
1000
1000
1000
1000
1000
1000
1000
1000
1000
1000
1000
1000
1000
1000
1000
1000
1000
1000
1000
1000
1000
1000
1000
1000
1000
1000
1000
1000
1000
1000
1000
1000
1000
1000
1000
1000
1000
1000
1000
1000
1000
1000
1000
1000
1000
1000
1000
1000
1000
1000
1000
1000
1000
1000
1000
1000
1000
1000
1000
1000
1000
1000
1000
1000
1000
1000
1000
1000
1000
1000
1000
1000
1000
1000
1000
1000
1000
1000
1000
1000
1000
1000
1000
1000
1000
1000
1000
1000
1000
1000
1000
1000
1000
1000
1000
1000
1000
1000
1000
1000
1000
1000
1000
1000
1000
1000
1000
1000
1000
1000
1000
1000
1000
1000
1000
1000
1000
1000
1000
1000
1000
1000
1000
1000
1000
1000
1000
1000
1000
1000
1000
1000
1000
1000
1000
1000
1000
1000
1000
1000
1000
1000
1000
1000
1000
1000
1000
1000
1000
1000
1000
1000
1000
1000
1000
1000
1000
1000
1000
1000
1000
1000
1000
1000
1000
1000
1000
1000
1000
1000
1000
1000
1000
1000
1000
1000
1000
1000
1000
1000
1000
1000
1000
1000
1000
1000
1000
1000
1000
1000
1000
1000
1000
1000
1000
1000
1000
1000
1000
1000
1000
1000
1000
1000
1000
1000
1000
1000
1000
1000
1000
1000
1000
1000
1000
1000
1000
1000
1000
1000
1000
1000
1000
1000
1000
1000
1000
1000
1000
1000
1000
1000
1000
1000
1000
1000
1000
1000
1000
1000
1000
1000
1000
1000
1000
1000
1000
1000
1000
1000
1000
1000
1000
1000
1000
1000
1000
1000
1000
1000
1000
1000
1000
1000
1000
1000
1000
1000
1000
1000
1000
1000
1000
1000
1000
1000
1000
1000
1000
1000
1000
1000
1000
1000
1000
1000
1000
1000
1000
1000
1000
1000
1000
1000
1000
1000
1000
1000
1000
1000
1000
1000
1000
1000
1000
1000
1000
1000
1000
1000
1000
1000
1000
1000
1000
1000
1000
1000
1000
1000
1000
1000
1000
1000
1000
1000
1000
1000
1000
1000
1000
1000
1000
1000
1000
1000
1000
1000
1000
1000
1000
1000
1000
1000
1000
1000
1000
1000
1000
1000
1000
1000
1000
1000
1000
1000
1000
1000
1000
1000
1000
1000
1000
1000
1000
1000
1000
1000
1000
1000
1000
1000
1000
1000
1000
1000
1000
1000
1000
1000
1000
1000
1000
1000
1000
1000
1000
1000
1000
1000
1000
1000
1000
1000
1000
1000
1000
1000
1000
1000
1000
1000
1000
1000
1000
1000
1000
1000
1000
1000
1000
1000
1000
1000
1000
1000
1000
1000
1000
1000
1000
1000
1000
1000
1000
1000
1000
1000
1000
1000
1000
1000
1000
1000
1000
1000
1000
1000
1000
1000
1000
1000
1000
1000
1000
1000
1000
1000
1000
1000
1000
1000
1000
1000
1000
1000
1000
1000
1000
1000
1000
1000
1000
1000
1000
1000
1000
1000
1000
1000
1000
1000
1000
1000
1000
1000
1000
1000
1000
1000
1000
1000
1000
1000
1000
1000
1000
1000
1000
1000
1000
1000
1000
1000
1000
1000
1000
1000
1000
1000
1000
1000
1000
1000
1000
1000
1000
1000
1000
1000
1000
1000
1000
1000
1000
1000
1000
1000
1000
1000
1000
1000
1000
1000
1000
1000
1000
1000
1000
1000
1000
1000
1000
1000
1000
1000
1000
1000
1000
1000
1000
1000
1000
1000
1000
1000
1000
1000
1000
1000
1000
1000
1000
1000
1000
1000
1000
1000
1000
1000
1000
1000
1000
1000
1000
1000
1000
1000
1000
1000
1000
1000
1000
1000
1000
1000
1000
1000
1000
1000
1000
1000
1000
1000
1000
1000
1000
1000
1000
1000
1000
1000
1000
1000
1000
1000
1000
1000
1000
1000
1000
1000
1000
1000
1000
1000
1000
1000
1000
1000
1000
1000
1000
1000
1000
1000
1000
1000
1000
1000
1000
1000
1000
1000
1000
1000
1000
1000
1000
1000
1000
1000
1000
1000
1000
1000
1000
1000
1000
1000
1000
1000
1000
1000
1000
1000
1000
1000
1000
1000
1000
1000
1000
1000
1000
1000
1000
1000
1000
1000
1000
1000
1000
1000
1000
1000
1000
1000
1000
1000
1000
1000
1000
1000
1000
1000
1000
1000
1000
1000
1000
1000
1000
1000
1000
1000
1000
1000
1000
1000
1000
1000
1000
1000
1000
1000
1000
1000
1000
1000
1000
1000
1000
1000
1000
1000
1000
1000
1000
1000
1000
1000
1000
1000
1000
1000
1000
1000
1000
1000
1000
1000
1000
1000
1000
1000
1000
1000
1000
1000
1000
1000
1000
1000
1000
1000
1000
1000
1000
1000
1000
1000
1000
1000
1000
1000
1000
999.999
999.998
999.996
977.178
989.275
929.421
928.184
886.807
975.285
999.972
983.974
933.37
956.663
969.636
663.489
904.065
999.958
997.332
932.227
984.983
801.587
546.537
955.167
999.963
999.427
924.155
843.581
871.296
690.348
920.12
999.964
999.627
995.78
963.802
923.975
938.372
996.601
999.979
997.831
1000
1000
1000
1000
1000
999.998
983.666
1000
996.564
986.429
996.145
999.996
999.869
957.001
933.001
716.442
556.856
687.094
953.372
999.839
976.633
708.481
444.432
650.591
310.153
810.321
999.94
983.375
635.338
576.645
556.285
235.981
820.416
999.964
995.673
755.492
416.951
411.789
418.586
896.264
999.964
999.964
978.462
883.419
818.155
874.57
995.042
999.63
993.903
1000
1000
1000
1000
1000
999.126
936.432
999.47
961.986
925.951
984.636
999.805
998.916
913.954
803.174
409.588
274.633
542.786
934.452
999.875
975.656
391.21
143.554
151.934
176.761
758.161
999.931
982.954
318.555
146.4
153.048
165.125
720.506
999.951
994.697
558.706
194.601
188.091
288.35
887.498
999.964
954.242
805.089
745.82
853.164
993.64
1000
1000
1000
1000
887.814
937.054
1000
1000
1000
1000
1000
1000
887.814
955.82
1000
1000
1000
1000
1000
1000
988.686
988.123
1000
1000
1000
1000
1000
1000
993.888
993.594
1000
1000
1000
1000
1000
1000
997.265
999.87
1000
1000
1000
1000
1000
1000
981.964
997.767
1000
1000
1000
1000
1000
1000
909.91
956.425
1000
1000
1000
1000
1000
1000
902.799
998.295
1000
999.999
1000
1000
1000
1000
888.75
994.073
1000
1000
1000
1000
1000
1000
939.325
999.994
1000
999.999
1000
1000
1000
1000
985.914
999.998
1000
1000
1000
1000
1000
1000
993.471
1000
1000
1000
1000
1000
1000
1000
981.361
1000
1000
1000
1000
1000
1000
1000
913.182
984.52
1000
1000
1000
1000
1000
1000
969.327
1000
1000
999.999
1000
1000
1000
1000
921.551
1000
1000
999.998
1000
1000
925.877
1000
999.98
999.886
998.757
999.972
999.992
996.23
999.989
1000
999.999
999.994
999.885
999.807
999.985
1000
998.767
1000
999.999
1000
999.821
998.87
999.939
1000
999.062
1000
999.999
1000
999.936
999.466
999.986
1000
999.13
999.999
1000
1000
999.979
999.847
999.99
1000
999.801
999.997
1000
999.985
999.805
999.838
999.993
1000
999.91
1000
1000
999.973
998.979
999.993
1000
1000
999.99
1000
999.985
999.984
999.937
999.402
968.637
986.043
1000
1000
999.999
999.996
999.972
999.976
999.993
966.778
997.844
1000
999.937
1000
999.922
999.905
999.995
982.62
997.287
1000
979.792
1000
999.983
999.993
999.997
987.691
996.023
1000
992.401
1000
999.988
999.969
999.997
1000
997.795
1000
1000
999.995
999.911
999.95
999.994
998.472
999.128
1000
1000
999.995
999.26
999.93
999.996
999.588
999.848
1000
999.995
999.999
999.998
965.523
810.188
973.545
1000
1000
999.997
999.999
999.993
999.992
952.713
930.897
998.523
1000
991.697
1000
999.99
999.994
984.768
912.079
996.91
1000
901.861
1000.01
999.994
999.994
988.035
899.631
992.54
1000
945.362
1000
999.994
999.994
999.884
921.16
994.36
1000
1000
999.999
999.989
999.995
999.994
953.359
997.87
1000
1000
999.999
999.777
998.124
999.994
993.152
999.523
1000
1000
999.642
996.742
999.248
997.595
999.969
1000
1000
1000
1000
997.695
933.818
982.583
1000
1000
1000
1000
1000
997.179
853.854
967.482
1000
1000
1000
1000
999.998
981.816
833.993
957.625
1000
1000
1000
999.999
995.057
870.09
834.464
968.599
1000
1000
1000
992.25
920.077
836.159
862.667
989.375
1000
1000
1000
913.238
857.922
869.568
987.773
1000
1000
1000
1000
1000
999.914
997.085
988.72
989.483
1000
1000
1000
1000
1000
999.182
834.676
956.907
1000
1000
1000
1000
1000
994.088
834.148
947.747
1000
1000
1000
1000
999.997
932.472
834.172
956.307
1000
1000
1000
999.997
975.63
836.568
845.868
981.821
1000
1000
1000
972.48
846.09
836.383
943.476
999.456
1000
1000
1000
859.441
859.027
933.747
1000
1000
1000
1000
1000
999.999
999.997
999.994
928.918
966.902
1000
1000
1000
1000
999.999
998.344
834.538
946.479
1000
1000
1000
1000
999.999
970.628
834.37
951.85
1000
1000
1000
999.997
999.039
870.756
834.123
971.063
1000
1000
1000
999.729
918.578
837.135
927.629
998.164
1000
1000
1000
939.546
846.873
879.396
993.401
1000
1000
1000
1000
873.126
921.713
992.129
1000
1000
1000
1000
1000
912.365
886.317
970.618
1000
1000
1000
1000
1000
992.46
886.124
840.176
968.045
1000
1000
1000
1000
999.998
988.672
839.612
815.587
996.368
1000
1000
1000
1000
999.998
970.702
794.558
931.029
1000
1000
1000
1000
1000
999.234
928.517
886.544
995.924
1000
1000
1000
999.997
999.996
995.279
889.897
997.026
1000
1000
1000
999.911
998.487
999.969
983.897
999.725
1000
1000
908.068
925.235
999.156
1000
1000
1000
1000
1000
975.474
862.669
878.205
1000
1000
1000
1000
1000
999.811
944.893
839.076
908.521
1000
1000
1000
1000
1000
998.18
882.386
792.706
989.806
1000
1000
1000
1000
1000
987.146
786.822
935.807
999.699
1000
1000
1000
1000
999.388
851.818
900.558
998.81
1000
1000
1000
999.992
998.545
944.842
984.42
1000
1000
1000
1000
998.267
1000
1000
984.354
747.901
942.001
999.949
1000
1000
991.556
763.762
996.716
1000
1000
1000
1000
1000
1000
1000
1000
1000
1000
1000
1000
1000
1000
1000
1000
1000
1000
1000
1000
1000
1000
1000
1000
1000
1000
1000
1000
1000
1000
1000
1000
1000
1000
1000
1000
1000
1000
1000
1000
1000
1000
1000
1000
1000
1000
1000
1000
1000
1000
1000
1000
1000
1000
1000
1000
1000
1000
1000
1000
1000
1000
1000
1000
1000
1000
1000
1000
1000
1000
1000
1000
1000
1000
1000
1000
1000
1000
1000
1000
1000
1000
1000
1000
1000
1000
1000
1000
1000
1000
1000
1000
1000
1000
1000
1000
1000
1000
1000
1000
1000
1000
1000
1000
1000
1000
1000
1000
1000
1000
1000
1000
1000
1000
1000
1000
1000
1000
1000
1000
1000
1000
1000
1000
1000
1000
1000
1000
1000
1000
1000
1000
1000
1000
1000
1000
1000
1000
1000
1000
1000
1000
1000
1000
1000
1000
1000
1000
1000
1000
1000
1000
1000
1000
1000
1000
1000
1000
1000
1000
1000
1000
1000
1000
1000
1000
1000
1000
1000
1000
1000
1000
1000
1000
1000
1000
1000
1000
1000
1000
1000
1000
1000
1000
1000
1000
1000
1000
1000
1000
1000
1000
1000
1000
1000
1000
1000
1000
1000
1000
1000
1000
1000
1000
1000
1000
1000
1000
1000
1000
1000
1000
1000
1000
1000
1000
1000
1000
1000
1000
1000
1000
1000
1000
1000
1000
1000
1000
1000
1000
1000
1000
1000
1000
1000
1000
1000
1000
1000
1000
1000
1000
1000
1000
1000
1000
1000
1000
1000
1000
1000
1000
1000
1000
1000
1000
1000
1000
1000
1000
1000
1000
1000
1000
1000
1000
1000
1000
1000
1000
1000
1000
1000
1000
1000
1000
1000
1000
1000
1000
1000
1000
1000
1000
1000
1000
1000
1000
1000
1000
1000
1000
1000
1000
1000
1000
1000
1000
1000
1000
1000
1000
1000
1000
1000
1000
1000
1000
1000
1000
1000
1000
1000
1000
1000
1000
1000
1000
1000
1000
1000
1000
1000
1000
1000
1000
1000
1000
1000
1000
1000
1000
1000
1000
1000
1000
1000
1000
1000
1000
1000
1000
1000
1000
1000
1000
1000
1000
1000
1000
1000
1000
1000
1000
1000
1000
1000
1000
1000
1000
1000
1000
1000
1000
1000
1000
1000
1000
1000
1000
1000
1000
1000
1000
1000
1000
1000
1000
1000
1000
1000
1000
1000
1000
1000
1000
1000
1000
1000
1000
1000
1000
1000
1000
1000
1000
1000
1000
1000
1000
1000
1000
1000
1000
1000
1000
1000
1000
1000
1000
1000
1000
1000
1000
1000
1000
1000
1000
1000
1000
1000
1000
1000
1000
1000
1000
1000
1000
1000
1000
1000
1000
1000
1000
1000
1000
1000
1000
1000
1000
1000
1000
1000
1000
1000
1000
1000
1000
1000
1000
1000
1000
1000
1000
1000
1000
1000
1000
1000
1000
1000
1000
1000
1000
1000
1000
1000
1000
1000
1000
1000
1000
1000
1000
1000
1000
1000
1000
1000
1000
1000
1000
1000
1000
1000
1000
1000
1000
1000
1000
1000
1000
1000
1000
1000
1000
1000
1000
1000
1000
1000
1000
1000
1000
1000
1000
1000
1000
1000
1000
1000
1000
1000
1000
1000
1000
1000
1000
1000
1000
1000
1000
1000
1000
1000
1000
1000
1000
1000
1000
1000
1000
1000
1000
1000
1000
1000
1000
1000
1000
1000
1000
1000
1000
1000
1000
1000
1000
1000
1000
1000
1000
1000
1000
1000
1000
1000
1000
1000
1000
1000
1000
1000
1000
1000
1000
1000
1000
1000
1000
1000
1000
1000
1000
1000
1000
1000
1000
1000
1000
1000
1000
1000
1000
1000
1000
1000
1000
1000
1000
1000
1000
1000
1000
1000
1000
1000
1000
1000
1000
1000
1000
1000
1000
1000
1000
1000
1000
1000
1000
1000
1000
1000
1000
1000
1000
1000
1000
1000
1000
1000
1000
1000
1000
1000
1000
1000
1000
1000
1000
1000
1000
1000
1000
1000
1000
1000
1000
1000
1000
1000
1000
1000
1000
1000
1000
1000
1000
1000
1000
1000
1000
1000
1000
1000
1000
1000
1000
1000
1000
1000
1000
1000
1000
1000
1000
1000
1000
1000
1000
1000
1000
1000
1000
1000
1000
1000
1000
1000
1000
1000
1000
1000
1000
1000
1000
1000
1000
1000
1000
1000
1000
1000
1000
1000
1000
1000
1000
1000
1000
1000
1000
1000
1000
1000
1000
1000
1000
1000
1000
1000
1000
1000
1000
1000
1000
1000
1000
1000
1000
1000
1000
1000
1000
1000
1000
1000
1000
1000
1000
1000
1000
1000
1000
1000
1000
1000
1000
1000
1000
1000
1000
1000
1000
1000
1000
1000
1000
1000
1000
1000
1000
1000
1000
1000
1000
1000
1000
1000
1000
1000
1000
1000
1000
1000
1000
1000
1000
1000
1000
1000
1000
1000
1000
1000
1000
1000
1000
1000
1000
1000
1000
1000
1000
1000
1000
1000
1000
1000
1000
1000
1000
1000
1000
1000
1000
1000
1000
1000
1000
1000
1000
1000
1000
1000
1000
1000
1000
1000
1000
1000
1000
1000
1000
1000
1000
1000
1000
1000
1000
1000
1000
1000
1000
1000
1000
1000
1000
1000
1000
1000
1000
1000
1000
1000
1000
1000
1000
1000
1000
1000
1000
1000
1000
1000
1000
1000
1000
1000
1000
1000
1000
1000
1000
1000
1000
1000
1000
1000
1000
1000
1000
1000
1000
1000
1000
1000
1000
1000
1000
1000
1000
1000
1000
1000
1000
1000
1000
1000
1000
1000
1000
1000
1000
1000
1000
1000
1000
1000
1000
1000
1000
1000
1000
1000
1000
1000
1000
1000
1000
1000
1000
1000
1000
1000
1000
1000
1000
1000
1000
1000
1000
1000
1000
1000
1000
1000
1000
1000
1000
1000
1000
1000
1000
1000
1000
1000
1000
1000
1000
1000
1000
1000
1000
1000
1000
1000
1000
1000
1000
1000
1000
1000
1000
1000
1000
1000
1000
1000
1000
1000
1000
1000
1000
1000
1000
1000
1000
1000
1000
1000
1000
1000
1000
1000
1000
1000
1000
1000
1000
1000
1000
1000
1000
1000
1000
1000
1000
1000
1000
1000
1000
1000
1000
1000
1000
1000
1000
1000
1000
1000
1000
1000
1000
1000
1000
1000
1000
1000
1000
1000
1000
1000
1000
1000
1000
1000
1000
1000
1000
1000
1000
1000
1000
1000
1000
1000
1000
1000
1000
1000
1000
1000
1000
1000
1000
1000
1000
1000
1000
1000
1000
1000
1000
1000
1000
1000
1000
1000
1000
1000
1000
1000
1000
1000
1000
1000
1000
1000
1000
1000
1000
1000
1000
1000
1000
1000
1000
1000
1000
1000
1000
1000
1000
1000
1000
1000
1000
1000
1000
1000
1000
1000
1000
1000
1000
1000
1000
1000
1000
1000
1000
1000
1000
1000
1000
1000
1000
1000
1000
1000
1000
1000
1000
1000
1000
1000
1000
1000
1000
1000
1000
1000
1000
1000
1000
1000
1000
1000
1000
1000
1000
1000
1000
1000
1000
1000
1000
1000
1000
1000
1000
1000
1000
1000
1000
1000
1000
1000
1000
1000
1000
1000
1000
1000
1000
1000
1000
1000
1000
1000
1000
)
;

boundaryField
{
    base
    {
        type            calculated;
        value           nonuniform 0();
    }
    outlet
    {
        type            calculated;
        value           nonuniform 0();
    }
    walls
    {
        type            calculated;
        value           nonuniform List<scalar> 
1375
(
1000
1000
1000
1000
1000
1000
1000
1000
1000
1000
1000
1000
1000
1000
1000
1000
1000
1000
1000
1000
1000
1000
1000
1000
1000
1000
1000
1000
1000
1000
1000
1000
1000
1000
1000
1000
1000
1000
1000
1000
1000
1000
1000
1000
1000
1000
1000
1000
1000
1000
1000
1000
1000
1000
1000
1000
1000
1000
1000
1000
1000
1000
1000
1000
1000
1000
1000
1000
1000
1000
1000
1000
1000
1000
1000
1000
1000
1000
1000
1000
1000
1000
1000
1000
1000
1000
1000
1000
1000
1000
1000
1000
1000
1000
1000
1000
1000
1000
1000
1000
1000
1000
1000
1000
1000
1000
1000
1000
1000
1000
1000
1000
1000
1000
1000
1000
1000
1000
1000
1000
1000
1000
1000
1000
1000
1000
1000
1000
1000
1000
1000
1000
1000
1000
1000
1000
1000
1000
1000
1000
1000
1000
1000
1000
1000
1000
1000
1000
1000
1000
1000
1000
1000
1000
1000
1000
1000
1000
1000
1000
1000
1000
1000
1000
1000
1000
1000
1000
1000
1000
1000
1000
1000
1000
1000
1000
1000
1000
1000
1000
1000
1000
1000
1000
1000
1000
1000
1000
1000
1000
1000
1000
1000
1000
1000
1000
1000
1000
1000
1000
1000
1000
1000
1000
1000
1000
1000
1000
1000
1000
1000
1000
1000
1000
1000
1000
1000
1000
1000
1000
1000
1000
1000
1000
1000
1000
1000
1000
1000
1000
1000
1000
1000
1000
1000
1000
1000
1000
1000
1000
1000
1000
1000
1000
1000
1000
1000
1000
1000
1000
1000
1000
1000
1000
1000
1000
1000
1000
1000
1000
1000
1000
1000
1000
1000
1000
1000
1000
1000
1000
1000
1000
1000
1000
1000
1000
1000
1000
1000
1000
1000
1000
1000
1000
1000
1000
1000
1000
1000
1000
1000
1000
1000
1000
1000
1000
1000
1000
1000
1000
1000
1000
1000
1000
1000
1000
1000
1000
1000
1000
1000
1000
1000
1000
1000
1000
1000
1000
1000
1000
1000
1000
1000
1000
1000
1000
1000
1000
1000
1000
1000
1000
1000
1000
1000
1000
1000
1000
1000
1000
1000
1000
1000
1000
1000
1000
1000
1000
1000
1000
1000
1000
1000
1000
1000
1000
1000
1000
1000
1000
1000
1000
1000
1000
1000
1000
1000
1000
1000
1000
1000
1000
1000
1000
1000
1000
1000
1000
1000
1000
1000
1000
1000
1000
1000
1000
1000
1000
1000
1000
1000
1000
1000
1000
1000
1000
1000
1000
1000
1000
1000
1000
1000
1000
1000
1000
1000
1000
1000
1000
1000
1000
1000
1000
1000
1000
1000
1000
1000
1000
1000
1000
1000
1000
1000
1000
1000
1000
1000
1000
1000
1000
1000
1000
1000
1000
1000
1000
1000
1000
1000
1000
1000
1000
1000
1000
1000
1000
1000
1000
1000
1000
1000
1000
1000
1000
1000
1000
1000
1000
1000
1000
1000
1000
1000
1000
1000
1000
1000
1000
1000
1000
1000
1000
1000
1000
1000
1000
1000
1000
1000
1000
1000
1000
1000
1000
1000
1000
1000
1000
1000
1000
1000
1000
1000
1000
1000
1000
1000
1000
1000
1000
1000
1000
1000
1000
1000
1000
1000
1000
1000
1000
999.999
999.999
1000
1000
1000
1000
999.999
999.999
999.999
1000
1000
1000
1000
1000
999.999
999.999
1000
1000
1000
1000
1000
1000
1000
1000
1000
1000
1000
1000
1000
1000
1000
1000
1000
1000
1000
1000
1000
1000
1000
1000
1000
1000
1000
1000
1000
1000
1000
1000
1000
1000
1000
1000
1000
1000
1000
1000
1000
1000
1000
999.998
999.999
999.999
1000
1000
1000
1000
999.999
999.997
999.995
999.998
1000
1000
1000
1000
1000
1000
1000
1000
1000
1000
1000
1000
1000
1000
1000
1000
1000
999.999
1000
1000
1000
1000
1000
1000
999.999
1000
1000
1000
1000
1000
1000
1000
1000
1000
1000
1000
1000
1000
1000
1000
1000
1000
1000
1000
1000
1000
1000
1000
1000
1000
1000
1000
1000
1000
1000
1000
1000
1000
1000
1000
1000
1000
1000
1000
1000
1000
1000
1000
1000
1000
1000
1000
1000
1000
1000
1000
1000
1000
1000
1000
1000
1000
1000
1000
1000
1000
1000
1000
1000
1000
1000
1000
1000
1000
1000
1000
1000
1000
1000
1000
1000
1000
1000
1000
1000
1000
1000
1000
1000
1000
1000
1000
1000
1000
1000
1000
1000
1000
1000
1000
1000
1000
1000
1000
1000
1000
1000
1000
1000
1000
1000
1000
1000
1000
1000
1000
1000
1000
1000
1000
1000
1000
1000
1000
1000
1000
1000
1000
1000
1000
1000
1000
1000
1000
1000
1000
1000
1000
1000
999.999
1000
1000
1000
1000
1000
1000
1000
1000
1000
1000
1000
1000
1000
1000
1000
1000
1000
1000
1000
1000
1000
1000
1000
1000
1000
1000
1000
1000
1000
1000
1000
1000
1000
1000
1000
1000
1000
1000
1000
1000
1000
1000
1000
1000
1000
1000
1000
1000
1000
1000
1000
1000
1000
1000
1000
1000
1000
1000
1000
1000
1000
1000
1000
1000
1000
1000
1000
1000
1000
1000
1000
1000
1000
1000
1000
1000
1000
1000
1000
1000
1000
1000
1000
1000
1000
1000
1000
1000
1000
1000
1000
1000
1000
1000
1000
1000
1000
1000
1000
1000
1000
1000
1000
1000
1000
1000
1000
1000
1000
1000
1000
1000
1000
1000
1000
1000
1000
1000
1000
1000
1000
1000
1000
1000
1000
1000
1000
1000
1000
1000
1000
1000
1000
1000
1000
1000
1000
1000
1000
1000
1000
1000
1000
1000
1000
1000
1000
1000
1000
1000
1000
1000
1000
1000
1000
1000
1000
1000
1000
1000
1000
1000
1000
1000
1000
1000
1000
1000
1000
1000
1000
1000
1000
1000
1000
1000
1000
1000
1000
1000
1000
1000
1000
1000
1000
1000
1000
1000
1000
1000
1000
1000
1000
1000
1000
1000
1000
1000
1000
1000
1000
1000
1000
1000
1000
1000
1000
1000
1000
1000
1000
1000
1000
1000
1000
1000
1000
1000
1000
1000
1000
1000
1000
1000
1000
1000
1000
1000
1000
1000
1000
1000
1000
1000
1000
1000
1000
1000
1000
1000
1000
1000
1000
1000
1000
1000
1000
1000
1000
1000
1000
1000
1000
1000
1000
1000
1000
1000
1000
1000
1000
1000
1000
1000
1000
1000
1000
1000
1000
1000
1000
1000
1000
1000
1000
1000
1000
1000
1000
1000
1000
1000
1000
1000
1000
1000
1000
1000
1000
1000
1000
1000
1000
1000
1000
1000
1000
1000
1000
1000
1000
1000
1000
1000
1000
1000
1000
1000
1000
1000
1000
1000
1000
1000
1000
1000
1000
1000
1000
1000
1000
1000
1000
1000
1000
1000
1000
1000
1000
1000
1000
1000
1000
1000
1000
1000
1000
1000
1000
1000
1000
1000
1000
1000
1000
1000
1000
1000
1000
1000
1000
1000
1000
1000
1000
1000
1000
1000
1000
1000
1000
1000
1000
1000
1000
1000
1000
1000
1000
1000
1000
1000
1000
1000
1000
1000
1000
1000
1000
1000
1000
1000
1000
1000
1000
1000
1000
1000
1000
1000
1000
1000
1000
1000
1000
1000
1000
1000
1000
1000
1000
1000
1000
1000
1000
1000
1000
1000
1000
1000
1000
1000
1000
1000
1000
1000
1000
1000
1000
1000
1000
1000
1000
1000
1000
1000
1000
1000
1000
1000
1000
1000
1000
1000
1000
1000
1000
999.999
999.997
1000
1000
1000
1000
1000
1000
1000
1000
1000
1000
1000
1000
1000
1000
1000
1000
1000
1000
1000
1000
1000
1000
1000
1000
1000
1000
1000
1000
1000
1000
1000
1000
1000
1000
1000
1000
1000
1000
1000
1000
1000
1000
1000
1000
1000
1000
1000
1000
1000
1000
1000
1000
1000
1000
1000
1000
1000
1000
1000
1000
1000
1000
1000
1000
1000
1000
1000
1000
1000
1000
1000
1000
1000
1000
1000
1000
1000
1000
1000
1000
1000
1000
1000
1000
1000
1000
1000
1000
1000
1000
1000
1000
1000
1000
1000
1000
1000
1000
1000
1000
1000
1000
1000
1000
1000
1000
1000
1000
1000
1000
1000
1000
1000
1000
1000
1000
1000
1000
1000
1000
1000
1000
1000
1000
1000
1000
1000
1000
1000
1000
1000
1000
1000
1000
1000
1000
1000
1000
1000
1000
1000
1000
1000
1000
1000
1000
1000
1000
1000
1000
1000
1000
1000
1000
1000
1000
1000
1000
1000
1000
1000
1000
1000
1000
1000
1000
1000
1000
1000
1000
1000
1000
1000
1000
1000
1000
1000
1000
1000
1000
1000
1000
1000
1000
1000
1000
1000
1000
1000
1000
1000
1000
1000
1000
)
;
    }
    inlet
    {
        type            calculated;
        value           nonuniform 0();
    }
    procBoundary1to0
    {
        type            processor;
        value           nonuniform List<scalar> 
760
(
1000
1000
1000
1000
1000
1000
1000
1000
1000
1000
1000
1000
1000
1000
1000
1000
1000
1000
1000
1000
1000
1000
1000
1000
1000
1000
1000
1000
1000
1000
1000
1000
1000
1000
1000
1000
1000
1000
1000
1000
1000
1000
1000
1000
1000
1000
1000
1000
1000
1000
1000
1000
1000
1000
1000
1000
1000
1000
1000
1000
1000
1000
1000
1000
1000
1000
1000
1000
1000
1000
1000
1000
1000
1000
1000
1000
1000
1000
1000
1000
1000
1000
1000
1000
1000
1000
1000
1000
1000
1000
1000
1000
1000
1000
1000
1000
1000
1000
1000
1000
1000
1000
1000
1000
1000
1000
1000
1000
1000
1000
1000
1000
1000
1000
1000
1000
1000
1000
1000
1000
1000
1000
1000
1000
1000
1000
1000
1000
1000
1000
1000
1000
1000
1000
1000
1000
1000
1000
1000
1000
1000
1000
1000
1000
1000
1000
1000
1000
1000
1000
1000
1000
1000
1000
1000
1000
1000
1000
1000
1000
1000
1000
1000
1000
1000
1000
1000
1000
1000
1000
1000
1000
1000
1000
1000
1000
1000
1000
1000
1000
1000
1000
1000
1000
1000
1000
1000
1000
1000
1000
1000
1000
1000
1000
1000
1000
1000
1000
1000
1000
1000
1000
1000
1000
1000
1000
1000
1000
1000
1000
1000
1000
1000
1000
1000
1000
1000
1000
1000
1000
1000
1000
1000
1000
1000
1000
1000
1000
1000
1000
1000
1000
1000
1000
1000
1000
1000
1000
1000
1000
1000
1000
1000
1000
1000
1000
1000
1000
1000
1000
1000
1000
1000
1000
1000
999.996
999.995
999.991
999.52
1000
1000
964.609
797.393
781.593
764.208
968.268
1000
1000.02
770.751
105.575
105.575
175.791
899.125
1000
1000.01
908.531
284.128
105.575
397.158
954.179
1000
1000
997.644
930.099
799.469
965.012
1000
1000
1000
1000
1000
999.999
1000
1000
1000
1000
1000
1000
1000
1000
1000
1000
1000
1000
1000
1000
1000
1000
1000
1000
1000
1000
1000
1000
1000
1000
1000
1000
1000
1000
1000
1000
1000
1000
1000
1000
1000
1000
1000
1000
1000
1000
1000
1000
1000
1000
1000
999.999
1000
1000
1000
1000
1000
1000
1000
1000
1000
1000
1000
1000
1000
1000
1000
1000
1000
1000
1000
1000
1000
1000
1000
1000
1000
1000
1000
1000
1000
1000
1000
1000
1000
1000
1000
1000
1000
1000
1000
1000
1000
1000
1000
1000
1000
1000
1000
1000
1000
1000
1000
1000
1000
1000
1000
1000
1000
1000
1000
1000
1000
1000
1000
1000
1000
1000
1000
1000
1000
1000
1000
1000
1000
1000
1000
1000
1000
1000
1000
1000
1000
1000
1000
1000
1000
1000
1000
1000
1000
1000
1000
1000
1000
1000
1000
1000
1000
1000
1000
1000
1000
1000
1000
1000
1000
1000
1000
1000
1000
1000
1000
1000
1000
1000
1000
1000
1000
1000
1000
1000
1000
1000
1000
1000
1000
1000
1000
1000
1000
1000
1000
1000
1000
1000
1000
1000
999.999
999.999
999.999
1000
1000
1000
1000
1000
999.999
1000
999.999
1000
1000
1000
1000
1000
1000
1000
1000
1000
1000
1000
1000
1000
1000
1000
1000
1000
1000
1000
1000
1000
1000
999.999
1000
1000
1000
1000
1000
1000
1000
999.999
1000
1000
1000
1000
1000
1000
1000
1000
1000
1000
1000
1000
1000
1000
1000
1000
1000
1000
1000
1000
1000
1000
1000
1000
1000
1000
1000
1000
1000
1000
1000
1000
1000
1000
1000
1000
1000
1000
1000
1000
1000
1000
1000
1000
1000
1000
1000
1000
1000
1000
1000
1000
1000
1000
1000
1000
1000
1000
1000
1000
1000
1000
1000
1000
1000
1000
1000
1000
1000
1000
1000
1000
1000
1000
1000
1000
1000
1000
1000
1000
1000
1000
1000
1000
1000
1000
1000
1000
1000
1000
1000
1000
1000
1000
1000
1000
1000
1000
1000
1000
1000
1000
1000
1000
1000
1000
1000
1000
1000
1000
1000
1000
1000
1000
1000
1000
1000
1000
1000
1000
1000
1000
1000
1000
1000
1000
1000
1000
1000
1000
1000
1000
1000
1000
1000
1000
1000
1000
1000
1000
1000
1000
1000
1000
1000
1000
1000
1000
1000
1000
1000
1000
1000
1000
1000
1000
1000
1000
1000
1000
1000
1000
1000
1000
1000
1000
1000
1000
1000
1000
1000
1000
1000
1000
1000
1000
1000
1000
1000
1000
1000
1000
1000
1000
1000
1000
1000
1000
1000
1000
1000
1000
1000
1000
1000
1000
1000
1000
1000
1000
1000
1000
1000
1000
1000
1000
1000
1000
1000
1000
1000
1000
1000
1000
1000
1000
1000
1000
1000
1000
1000
1000
1000
1000
1000
1000
1000
1000
1000
1000
1000
1000
1000
1000
1000
1000
1000
1000
1000
1000
1000
1000
1000
1000
)
;
    }
    procBoundary1to2
    {
        type            processor;
        value           nonuniform List<scalar> 
783
(
992.836
996.739
947.162
1000
997.657
917.916
999.07
950.153
914.035
990.037
999.288
996.691
911.813
750.278
346.911
271.596
576.953
954.151
997.931
960.954
304.395
141.596
141.354
162.234
821.606
999.875
988.943
262.521
142.537
142.478
152.47
779.074
999.931
992.836
997.731
976.24
561.522
192.904
184.404
352.603
932.832
992.836
996.739
998.468
961.125
841.036
801.309
908.661
996.739
1000
996.784
1000
1000
1000
1000
1000
1000
1000
1000
1000
999.998
1000
1000
1000
1000
976.24
999.802
1000
999.998
1000
1000
1000
1000
994.361
1000
1000
1000
1000
1000
1000
1000
986.202
1000
1000
1000
1000
1000
1000
1000
941.385
997.959
1000
1000
1000
1000
1000
1000
999.4
1000
1000
1000
1000
1000
1000
1000
1000
1000
990.739
999.999
1000
999.999
999.998
999.998
1000
1000
1000
1000
1000
976.24
970.679
1000
999.802
999.776
999.998
999.998
999.996
819.816
804.688
973.691
1000
1000
999.997
999.994
999.992
999.719
815.684
935.21
999.983
1000
989.611
999.994
999.991
999.994
862.972
917.622
999.17
1000
876.036
999.991
999.994
999.994
872.205
887.014
995.113
999.999
921.584
999.991
999.995
999.995
920.069
887.474
993.791
999.999
999.933
999.998
999.995
999.995
926.228
918.768
998.546
1000
999.998
999.998
999.998
993.22
973.585
974.377
999.847
1000
999.997
999.997
999.996
822.265
920.494
998.743
1000
1000
999.997
999.998
997.541
847.363
955.247
1000
1000
1000
999.955
999.993
900.934
865.624
977.857
1000
1000
1000
999.957
984.331
870.521
903.323
993.938
1000
1000
1000
992.934
876.883
885.984
990.216
1000
1000
1000
1000
917.068
864.813
962.297
999.999
1000
1000
1000
1000
951.037
991.452
999.999
1000
999.999
1000
1000
1000
917.516
973.105
1000
1000
1000
1000
1000
1000
919.871
862.68
966.141
1000
1000
1000
1000
1000
995.682
866.532
839.094
992.029
1000
1000
1000
1000
1000
984.413
839.076
867.631
1000
1000
1000
1000
921.893
750.791
987.666
1000
1000
1000
1000
1000
1000
984.413
999.999
921.893
974.292
921.893
750.791
987.666
1000
1000
999.999
963.775
747.517
991.125
1000
1000
1000
1000
1000
999.246
933.455
747.138
999.745
999.934
999.999
1000
1000
1000
1000
1000
1000
1000
1000
1000
1000
1000
1000
1000
1000
1000
1000
1000
1000
1000
1000
1000
1000
1000
1000
1000
1000
1000
1000
1000
1000
1000
1000
1000
1000
1000
1000
1000
1000
1000
1000
1000
1000
1000
1000
1000
1000
1000
1000
1000
1000
1000
1000
1000
1000
1000
1000
1000
1000
1000
1000
1000
1000
1000
1000
1000
1000
1000
1000
1000
1000
1000
1000
1000
1000
1000
1000
1000
1000
1000
1000
1000
1000
1000
1000
1000
1000
1000
1000
1000
1000
1000
1000
1000
1000
1000
1000
1000
1000
1000
1000
1000
1000
1000
1000
1000
1000
1000
1000
1000
1000
1000
1000
1000
1000
1000
1000
1000
1000
1000
1000
1000
1000
1000
1000
1000
1000
1000
1000
1000
1000
1000
1000
1000
1000
1000
1000
1000
1000
1000
1000
1000
1000
1000
1000
1000
1000
1000
1000
1000
1000
1000
1000
1000
1000
1000
1000
1000
1000
1000
1000
1000
1000
1000
1000
1000
1000
1000
1000
1000
1000
1000
1000
1000
1000
1000
1000
1000
1000
1000
1000
1000
1000
1000
1000
1000
1000
1000
1000
1000
1000
1000
1000
1000
1000
1000
1000
1000
1000
1000
1000
1000
1000
1000
1000
1000
1000
1000
1000
1000
1000
1000
1000
1000
1000
1000
1000
1000
1000
1000
1000
1000
1000
1000
1000
1000
1000
1000
1000
1000
1000
1000
1000
1000
1000
1000
1000
1000
1000
1000
1000
1000
1000
1000
1000
1000
1000
1000
1000
1000
1000
1000
1000
1000
1000
1000
1000
1000
1000
1000
1000
1000
1000
1000
1000
1000
1000
1000
1000
1000
1000
1000
1000
1000
1000
1000
1000
1000
1000
1000
1000
1000
1000
1000
1000
1000
1000
1000
1000
1000
1000
1000
1000
1000
1000
1000
1000
1000
1000
1000
1000
1000
1000
1000
1000
1000
1000
1000
1000
1000
1000
1000
1000
1000
1000
1000
1000
1000
1000
1000
1000
1000
1000
1000
1000
1000
1000
1000
1000
1000
1000
1000
1000
1000
1000
1000
1000
1000
1000
1000
1000
1000
1000
1000
1000
1000
1000
1000
1000
1000
1000
1000
1000
1000
1000
1000
1000
1000
1000
1000
1000
1000
1000
1000
1000
1000
1000
1000
1000
1000
1000
1000
1000
1000
1000
1000
1000
1000
1000
1000
1000
1000
1000
1000
1000
1000
1000
1000
1000
1000
1000
1000
1000
1000
1000
1000
1000
1000
1000
1000
1000
1000
1000
1000
1000
1000
1000
1000
1000
1000
1000
1000
1000
1000
1000
1000
1000
1000
1000
1000
1000
1000
1000
1000
1000
1000
1000
1000
1000
1000
1000
1000
1000
1000
1000
1000
1000
1000
1000
1000
1000
1000
1000
1000
1000
1000
1000
1000
1000
1000
1000
1000
1000
1000
1000
1000
1000
1000
1000
1000
1000
1000
1000
1000
1000
1000
1000
1000
1000
1000
1000
1000
1000
1000
1000
1000
1000
1000
1000
1000
1000
1000
1000
1000
)
;
    }
}


// ************************************************************************* //
