/*--------------------------------*- C++ -*----------------------------------*\
| =========                 |                                                 |
| \\      /  F ield         | OpenFOAM: The Open Source CFD Toolbox           |
|  \\    /   O peration     | Version:  plus.master.MPPICInterFoam            |
|   \\  /    A nd           | Web:      www.OpenFOAM.com                      |
|    \\/     M anipulation  |                                                 |
\*---------------------------------------------------------------------------*/
FoamFile
{
    version     2.0;
    format      ascii;
    class       volScalarField;
    location    "5.4";
    object      rho;
}
// * * * * * * * * * * * * * * * * * * * * * * * * * * * * * * * * * * * * * //

dimensions      [1 -3 0 0 0 0 0];

internalField   nonuniform List<scalar> 
11822
(
1000
1000
997.635
991.129
988.112
1000
999.398
998.809
952.751
940.608
964.793
951.767
952.458
1000
992.542
931.559
748.136
637.583
703.481
956.937
994.128
999.999
985.835
719.219
347.045
520.989
987.518
999.749
976.52
984.43
924.919
792.028
905.079
992.481
992.821
996.036
956.08
996.83
999.176
996.83
961.942
1000
1000
999.988
993.202
1000
993.537
1000
1000
1000
995.443
968.408
954.263
957.01
996.729
998.35
991.012
796.293
870.318
911.774
866.949
744.672
998.045
944.05
841.905
443.742
687.563
659.719
867.316
967.081
852.928
948.431
719.182
347.223
622.276
955.806
938.909
906.399
695.032
876.098
862.185
854.054
789.027
973.598
980.048
758.447
821.852
984.155
815.611
822.953
996.024
1000
986.333
940.799
930.522
950.873
992.578
1000
999.18
947.749
836.688
818.014
839.823
952.159
996.118
938.239
523.487
547.417
543.883
523.08
517.175
957.499
754.037
488.977
242.094
538.175
285.077
520.655
853.344
544.754
488.043
629.568
349.673
586.665
618.975
782.789
684.711
269.198
663.333
855.704
579.612
314.984
848.902
895.2
450.626
318.134
523.253
324.329
563.205
946.738
998.954
903.237
742.218
675.663
768.888
936.331
999.598
996.984
891.34
709.76
687.829
735.78
905.097
993.912
879.695
383.071
261.999
274.608
262.263
438.285
909.278
596.95
251.919
243.53
245.76
247.402
261.865
739.603
440.064
254.92
292.717
320.186
302.103
280.786
664.843
526.977
258.205
314.695
674.623
280.355
266.62
678.957
809.863
295.644
261.942
263.606
261.066
364.381
873.909
994.11
816.113
551.732
479.194
576.037
861.682
997.033
997.003
912.576
752.084
731.109
781.522
926.989
995.114
901.946
446.691
254.537
255.009
276.239
519.153
925.84
660.488
247.346
246.721
246.292
251.18
281.19
776.437
540.968
254.232
247.771
253.457
251.798
264.184
711.44
600.838
256.721
252.447
261.985
252.888
260.272
709.89
845.04
354.542
258.547
260.369
257.608
403.563
887.94
993.909
847.034
595.42
520.578
615.465
876.867
996.312
998.313
974.851
908.827
892.36
924.903
979.216
998.044
969.808
718.135
425.824
391.916
482.213
777.53
973.077
879.237
399.864
247.039
249.375
249.616
491.689
911.319
829.768
351.896
249.642
249.941
251.1
423.26
875.836
854.556
364.422
250.278
251.277
252.434
427.787
877.483
953.803
647.947
343.881
299.87
365.795
663.391
961.082
996.814
951.36
822.452
755.382
832.318
953.397
997.704
1000
1000
1000
1000
1000
1000
1000
1000
1000
1000
1000
1000
1000
1000
1000
1000
1000
1000
1000
1000
1000
1000
1000
1000
1000.01
1000
1000
1000
1000
1000
1000
1000
1000.01
1000
1000
1000
1000
1000
1000
1000
1000
1000
1000
1000
1000
1000
1000
1000
1000
1000
1000
1000
1000
1000
1000
1000
1000
1000
1000
1000
1000
1000
1000
1000
1000
1000
1000
1000
1000
1000
1000
1000
1000.01
1000
1000
1000
1000
1000
1000
1000
1000.01
1000
1000
1000
1000
1000
1000
1000
1000.02
1000
1000
1000
1000
1000
1000
1000
1000
1000
1000
1000
1000
1000
1000
1000
1000
1000
1000
1000
1000
1000
1000
1000
1000
1000
1000
1000
1000
1000
1000
1000
1000
1000
1000
1000
1000
1000
1000
999.999
1000.01
1000
1000
1000
1000
1000
1000
1000
1000.01
1000
1000
1000
1000
1000
1000
1000
1000.01
1000
1000
1000
1000
1000
1000
1000
1000
1000
1000
1000
1000
1000
1000
1000
1000
1000
1000
1000
1000
1000
1000
1000
1000
1000
1000
1000
1000
1000
1000
999.999
1000.01
1000
1000
1000
1000
1000
1000
999.999
1000.04
1000
1000
1000
1000
1000
1000
1000
1000.08
1000
1000
1000
1000
1000
1000
1000
1000.08
1000
1000
1000
1000
1000
1000
1000
1000.01
1000
1000
1000
1000
1000
1000
1000
1000
1000
1000
1000
1000
1000
1000
1000
1000
1000
1000
1000
1000
1000
1000
999.999
999.994
1000
1000
1000
1000
1000
1000
1000
999.981
1000
1000
1000
1000
1000
1000
1000
999.976
1000
1000
1000
1000
1000
1000
1000
999.973
1000
1000
1000
1000
1000
1000
1000
999.988
1000
1000
1000
1000
1000
1000
1000
999.999
1000
1000
1000
1000
1000
1000
1000
1000
1000
1000
1000
1000
1000
999.999
999.999
999.995
1000
1000
1000
1000
1000
999.999
1000
999.983
1000
1000
1000
1000
1000
1000
1000
999.971
999.999
1000
1000
1000
1000
1000
1000
999.97
1000
1000
1000
1000
1000
1000
1000
999.992
1000
1000
1000
1000
1000
1000
1000
999.999
1000
1000
1000
1000
1000
1000
1000
1000
1000
1000
1000
1000
1000
1000
1000
1000
1000
1000
1000
1000
1000
1000
1000
1000
1000
1000
1000
1000
1000
1000
1000
1000
1000
1000
1000
1000
1000
1000
1000
1000
1000
1000
1000
1000
1000
1000
1000
1000
1000
1000
1000
1000
1000
1000
1000
1000
1000
1000
1000
1000
1000
1000
1000
1000
1000
1000
1000
1000
1000
1000
1000
1000
1000
1000
1000
1000
1000
1000
1000
1000
1000
1000
1000
1000
1000
1000
1000
1000
1000
1000
1000
1000
1000
1000
1000
1000
1000
1000
1000
1000
1000
1000
1000
1000
1000
1000
1000
1000
1000
1000
1000
1000
1000
1000
1000
1000
1000
1000
1000
1000
1000
1000
1000
1000
1000
1000
1000
1000
1000
1000
1000
1000
1000
1000
1000
999.55
1000
1000
1000
1000
1000
1000
1000
986.82
1000
1000
1000
1000
1000
1000
1000
1000
1000
1000
1000
1000
1000
1000
1000
1000
1000
1000
1000
1000
1000
1000
1000
1000
1000
1000
1000
1000
1000
1000
1000
1000
1000
1000
1000
1000
1000
1000
1000
1000.02
1000
1000
1000
1000
1000
1000
1000
987.572
1000
1000
1000
1000
1000
1000
1000
958.268
1000
1000
1000
1000
1000
1000
1000
998.12
1000
1000
1000
1000
1000
1000
1000
1000.01
1000
1000
1000
1000
1000
1000
1000
1000
1000
1000
1000
1000
1000
1000
1000
999.999
1000
1000
1000
1000
1000
1000
1000
999.976
1000
1000
1000
1000
1000
1000
1000
995.146
1000
1000
1000
1000
1000
1000
1000
975.854
999.994
1000
1000
1000
1000
1000
1000
999.888
1000
1000
1000
1000
1000
1000
1000
999.988
1000
1000
1000
1000
1000
1000
1000
1000
1000
1000
1000
1000
1000
1000
1000
999.999
1000
1000
1000
1000
1000
1000
1000
999.993
1000
1000
1000
1000
1000
1000
1000
999.967
1000
1000
1000
1000
1000
1000
1000
999.041
999.999
1000
1000
1000
1000
1000
1000
999.98
1000
1000
1000
1000
1000
1000
1000
999.996
1000
1000
1000
1000
1000
1000
1000
1000
1000
1000
1000
1000
1000
1000
1000
1000
1000
1000
1000
1000
1000
1000
1000
1000
1000
1000
1000
1000
1000
1000
1000
1000
1000
1000
1000
1000
1000
1000
1000
1000
1000
1000
1000
1000
1000
1000
1000
1000
1000
1000
1000
1000
1000
1000
1000
1000
1000
1000
1000
1000
1000
1000
1000
1000
1000
1000
1000
1000
1000
1000
1000
1000
1000
1000
1000
1000
1000
1000
1000
1000
1000
1000
1000
1000
1000
1000
1000
1000.02
1000
1000
1000
1000
1000
1000
1000
1000.02
1000
1000
1000
1000
1000
1000
1000
1000.01
1000
1000
1000
1000
1000
1000
1000
1000
1000
1000
1000
1000
1000
1000
1000
1000
1000
1000
1000
1000
1000
1000
1000
1000
1000
1000
1000
1000
1000
1000
1000
1000
1000
1000
1000
1000
1000
1000
1000
1000.01
1000
1000
1000
1000
1000
1000
1000
1000.01
1000
1000
1000
1000
1000
1000
1000
1000.01
1000
1000
1000
1000
1000
1000
1000
1000
1000
1000
1000
1000
1000
1000
1000
1000
1000
1000
1000
1000
1000
1000
1000
1000
1000
1000
1000
1000
1000
1000
1000
1000.01
1000
1000
1000
1000
1000
1000
1000
1000.05
1000
1000
1000
1000
1000
1000
1000
1000.07
1000
1000
1000
1000
1000
1000
1000
1000.04
1000
1000
1000
1000
1000
1000
1000
1000.01
1000
1000
1000
1000
1000
1000
1000
1000
1000
1000
1000
1000
1000
1000
1000
999.999
1000
1000
1000
1000
1000
1000
1000
999.989
1000
1000
1000
1000
1000
1000
1000
999.971
1000
1000
1000
1000
1000
1000
1000
999.971
1000
1000
1000
1000
1000
1000
1000
999.977
1000
1000
1000
1000
1000
1000
1000
999.993
1000
1000
1000
1000
1000
1000
1000
999.999
1000
1000
1000
1000
1000
1000
999.999
1000
1000
1000
1000
1000
1000
1000
1000
999.995
1000
1000
1000
1000
1000
1000
1000
999.981
1000
1000
1000
1000
1000
1000
1000
999.976
1000
1000
1000
1000
1000
1000
1000
999.984
1000
1000
1000
1000
1000
1000
1000
999.995
1000
1000
1000
1000
1000
1000
1000
999.999
1000
1000
1000
1000
1000
1000
999.999
1000
1000
1000
1000
1000
1000
1000
1000
1000
1000
1000
1000
1000
1000
1000
1000
1000
1000
1000
1000
1000
1000
1000
1000
1000
1000
1000
1000
1000
1000
1000
1000
1000
1000
1000
1000
1000
1000
1000
1000
1000
1000
1000
1000
1000
1000
1000
1000
1000
1000
1000
1000
1000
1000
1000
1000
1000
1000
1000
1000
1000
1000
1000
1000
1000
1000
1000
1000
1000
1000
1000
1000
1000
1000
1000
1000
1000
1000
1000
1000
1000
1000
1000
1000
1000
1000
1000
1000
1000
1000
1000
1000
1000
1000
1000
1000
1000
1000
1000
1000
1000
1000
1000
1000
1000
1000
1000
1000
1000
1000
1000
1000
1000
1000
1000
1000
1000
1000
1000
1000
1000
1000
1000
1000
1000
1000
1000
1000
1000
1000
1000
1000
1000
1000
1000
1000
997.068
1000
1000
1000
1000
1000
1000
1000
1000
1000
1000
1000
1000
1000
1000
1000
1000
1000
1000
1000
1000
1000
1000
1000
1000
1000
1000
1000
1000
1000
1000
1000
1000
1000
1000
1000
1000
1000
1000
1000
1000.01
1000
1000
1000
1000
1000
1000
1000
995.598
1000
1000
1000
1000
1000
1000
1000
974.468
1000
1000
1000
1000
1000
1000
1000
992.136
1000
1000
1000
1000
1000
1000
1000
1000.02
1000
1000
1000
1000
1000
1000
1000
1000
1000
1000
1000
1000
1000
1000
1000
999.999
1000
1000
1000
1000
1000
1000
1000
999.988
1000
1000
1000
1000
1000
1000
1000
998.412
1000
1000
1000
1000
1000
1000
1000
980.037
999.995
1000
1000
1000
1000
1000
1000
996.469
1000
1000
1000
1000
1000
1000
1000
999.981
1000
1000
1000
1000
1000
1000
1000
999.999
1000
1000
1000
1000
1000
1000
1000
999.999
1000
1000
1000
1000
1000
1000
1000
999.992
1000
1000
1000
1000
1000
1000
1000
999.964
1000
1000
1000
1000
1000
1000
1000
998.443
999.999
1000
1000
1000
1000
1000
1000
999.96
1000
1000
1000
1000
1000
1000
1000
999.992
1000
1000
1000
1000
1000
1000
1000
999.999
1000
1000
1000
1000
1000
1000
1000
1000
1000
1000
1000
1000
1000
1000
1000
1000
1000
1000
1000
1000
1000
1000
1000
1000
1000
1000
1000
1000
1000
1000
1000
1000
1000
1000
1000
1000
1000
1000
1000
1000
1000
1000
1000
1000
1000
1000
1000
1000
1000
1000
1000
1000
1000
1000
1000
1000
1000
1000
1000
1000
1000
1000
1000
1000
1000
1000
1000
1000
1000
1000
1000
1000
1000
1000
1000
1000
1000
1000
1000
1000
1000
1000
1000
1000
1000
1000
1000
1000
1000
1000
1000
1000
1000
1000
1000
1000
1000
1000
1000
1000
1000
1000
1000
1000
1000
1000
1000
1000
1000
1000
1000
1000
1000
1000
1000
1000
1000
1000
1000
1000
1000
1000
1000
1000
1000
1000
1000
1000
1000
1000
1000
1000
1000
1000
1000
1000
1000
1000
1000
1000
1000
1000
1000
1000
1000
1000
1000
1000
1000
1000
1000
1000
1000
1000
1000
1000
1000
1000
1000
1000
1000
1000
1000
1000
1000
1000
1000
1000
1000
1000
1000
1000
1000
1000
1000
1000
1000
1000
1000
1000
1000
1000
1000
1000
1000
1000
1000
1000
1000
1000
1000
1000
1000
1000
1000
1000
1000
1000
1000
1000
1000
1000
1000
1000
1000
1000
1000
1000
1000
1000
1000
1000
1000
1000
1000
1000
1000
1000
1000
1000
1000
1000
1000
1000
1000
1000
1000
1000
1000
1000
1000
1000
1000
1000
1000
1000
1000
1000
1000
1000
1000
1000
1000
1000
1000
1000
1000
1000
1000
1000
1000
1000
1000
1000
1000
1000
1000
1000
1000
1000
1000
1000
1000
1000
1000
1000
1000
1000
1000
1000
1000
1000
1000
1000
1000
1000
1000
1000
1000
1000
1000
1000
1000
1000
1000
1000
1000
1000
1000
1000
1000
999.999
999.999
999.998
999.998
1000
1000
1000
1000
1000
999.999
999.998
999.998
1000
1000
1000
1000
1000
999.999
999.999
999.998
1000
1000
1000
1000
1000
999.999
999.999
999.997
1000
1000
1000
1000
1000
999.999
999.999
999.998
1000
1000
1000
1000
999.999
999.999
999.998
999.998
1000
1000
1000
1000
999.999
999.999
999.998
999.997
1000
1000
1000
1000
1000
1000
1000
1000
1000
1000
1000
1000
1000
1000
1000
1000
1000
1000
1000
1000
1000
1000
1000
1000
1000
1000
1000
1000
1000
1000
1000
1000
1000
1000
1000
1000
1000
1000
1000
1000
1000
1000
1000
1000
1000
1000
1000
1000
1000
1000
1000
1000
1000
1000
1000
1000
1000
1000
1000
1000
1000
1000
1000
1000
1000
1000
1000
1000
1000
1000
1000
1000
1000
1000
1000
1000
1000
1000
1000
1000
1000
1000
1000
1000
1000
1000
1000
1000
1000
1000
1000
1000
1000
1000
1000
1000
1000
1000
1000
1000
1000
1000
1000
1000
1000
1000
1000
1000
1000
1000
1000
1000
1000
1000
1000
1000
1000
1000
1000
1000
1000
1000
1000
1000
1000
1000
1000
1000
1000
1000
1000
1000
1000
1000
1000
1000
1000
1000
1000
1000
1000
1000
1000
1000
1000
1000
1000
1000
1000
1000
1000
1000
1000
1000
1000
1000
1000
1000
1000
1000
1000
1000
1000
1000
1000
1000
1000
1000
1000
1000
1000
1000
1000
1000
1000
1000
1000
1000
1000
1000
1000
1000
1000
1000
1000
1000
1000
1000
1000
1000
1000
1000
1000
1000
1000
1000
1000
1000
1000
1000
1000
1000
1000
1000
1000
1000
1000
1000
1000
1000
1000
1000
1000
1000
1000
1000
1000
1000
1000
1000
1000
1000
1000
1000
1000
1000
1000
1000
1000
1000
1000
1000
1000
1000
1000
1000
1000
1000
1000
1000
1000
1000
1000
1000
1000
1000
1000
1000
1000
1000
1000
1000
1000
1000
1000
1000
1000
1000
1000
1000
1000
1000
1000
1000
1000
1000
1000
1000
1000
1000
1000
1000
1000
1000
1000
1000
1000
1000
1000
1000
1000
1000
1000
1000
1000
999.999
999.999
999.999
1000
1000
1000
1000
1000
1000
1000
999.999
1000
1000
1000
1000
1000
1000
1000
999.999
1000
1000
1000
1000
1000
1000
1000
999.999
1000
1000
1000
1000
1000
1000
1000
999.999
1000
1000
1000
1000
1000
1000
1000
999.999
1000
1000
1000
1000
1000
999.999
1000
999.999
1000
1000
1000
1000
1000
1000
1000
1000
1000
1000
1000
1000
1000
1000
1000
1000
1000
1000
1000
1000
1000
1000
1000
1000
1000
1000
1000
1000
1000
1000
1000
1000
1000
1000
1000
1000
1000
1000
1000
1000
1000
1000
1000
1000
1000
1000
1000
1000
1000
1000
1000
1000
1000
1000
1000
1000
1000
1000
1000
1000
1000
1000
1000
1000
1000
1000
1000
1000
1000
1000
1000
1000
1000
1000
1000
1000
1000
1000
1000
1000
1000
1000
1000
1000
1000
1000
1000
1000
1000
1000
1000
1000
1000
1000
1000
1000
1000
1000
1000
1000
1000
1000
1000
1000
1000
1000
1000
1000
1000
1000
1000
1000
1000
1000
1000
1000
1000
1000
1000
1000
1000
1000
1000
1000
1000
1000
1000
1000
1000
1000
1000
1000
1000
1000
1000
1000
1000
1000
1000
1000
1000
1000
1000
1000
1000
1000
1000
1000
1000
1000
1000
1000
1000
1000
1000
1000
1000
1000
1000
1000
1000
1000
1000
1000
1000
1000
1000
1000
1000
1000
1000
1000
1000
1000
1000
1000
1000
1000
1000
1000
1000
1000
1000
1000
1000
1000
1000
1000
1000
1000
1000
1000
1000
1000
1000
1000
1000
1000
1000
1000
1000
1000
1000
1000
1000
1000
1000
1000
1000
1000
1000
1000
1000
1000
1000
1000
1000
1000
1000
1000
1000
1000
1000
1000
1000
1000
1000
1000
1000
1000
1000
1000
1000
1000
1000
1000
1000
1000
1000
1000
1000
1000
1000
1000
1000
1000
1000
1000
1000
1000
1000
1000
1000
1000
1000
1000
1000
1000
1000
1000
1000
1000
1000
1000
1000
1000
1000
1000
1000
1000
1000
1000
1000
1000
1000
1000
1000
1000
1000
1000
1000
1000
1000
1000
1000
999.999
999.999
999.999
1000
1000
1000
1000
1000
999.999
999.999
999.999
1000
1000
1000
1000
1000
999.999
999.999
999.999
1000
1000
1000
1000
1000
999.999
999.999
999.999
1000
1000
1000
1000
1000
999.999
999.999
999.999
1000
1000
1000
1000
1000
999.999
999.999
999.998
1000
1000
1000
1000
999.999
999.999
999.999
999.998
1000
1000
1000
1000
1000
1000
1000
1000
1000
1000
1000
1000
1000
1000
1000
1000
1000
1000
1000
1000
1000
1000
1000
1000
1000
1000
1000
1000
1000
1000
1000
1000
1000
1000
1000
1000
1000
1000
1000
1000
1000
1000
1000
1000
1000
1000
1000
1000
1000
1000
1000
1000
1000
1000
1000
1000
1000
1000
1000
1000
1000
1000
1000
1000
1000
1000
1000
1000
1000
1000
1000
1000
1000
1000
1000
1000
1000
1000
1000
1000
1000
1000
1000
1000
1000
1000
1000
1000
1000
1000
1000
1000
1000
1000
1000
1000
1000
1000
1000
1000
1000
1000
1000
1000
1000
1000
1000
1000
1000
1000
1000
1000
1000
1000
1000
1000
1000
1000
1000
1000
1000
1000
1000
1000
1000
1000
1000
1000
1000
1000
1000
1000
1000
1000
1000
1000
1000
1000
1000
1000
1000
1000
1000
1000
1000
1000
1000
1000
1000
1000
1000
1000
1000
1000
1000
1000
1000
1000
1000
1000
1000
1000
1000
1000
1000
1000
1000
1000
1000
1000
1000
1000
1000
1000
1000
1000
1000
1000
1000
1000
1000
1000
1000
1000
1000
1000
1000
1000
1000
1000
1000
1000
1000
1000
1000
1000
1000
1000
1000
1000
1000
1000
1000
1000
1000
1000
1000
1000
1000
1000
1000
1000
1000
1000
1000
1000
1000
1000
1000
1000
1000
1000
1000
1000
1000
1000
1000
1000
1000
1000
1000
1000
1000
1000
1000
1000
1000
1000
1000
1000
1000
1000
1000
1000
1000
1000
1000
1000
1000
1000
1000
1000
1000
1000
1000
1000
1000
1000
1000
1000
1000
1000
1000
1000
1000
1000
1000
1000
1000
1000
1000
1000
1000
1000
1000
1000
1000
1000
1000
1000
1000
1000
1000
1000
999.999
999.999
999.998
999.998
1000
1000
1000
1000
1000
999.999
999.999
999.998
1000
1000
1000
1000
1000
999.999
999.999
999.998
1000
1000
1000
1000
1000
999.999
999.999
999.998
1000
1000
1000
1000
1000
999.999
999.999
999.998
1000
1000
1000
1000
1000
999.999
999.999
999.998
1000
1000
1000
1000
1000
999.999
999.999
999.998
1000
1000
1000
1000
1000
1000
1000
1000
1000
1000
1000
1000
1000
1000
1000
1000
1000
1000
1000
1000
1000
1000
1000
1000
1000
1000
1000
1000
1000
1000
1000
1000
1000
1000
1000
1000
1000
1000
1000
1000
1000
1000
1000
1000
1000
1000
1000
1000
1000
1000
1000
1000
1000
1000
1000
1000
1000
1000
1000
1000
1000
1000
1000
1000
1000
1000
1000
1000
1000
1000
1000
1000
1000
1000
1000
1000
1000
1000
1000
1000
1000
1000
1000
1000
1000
1000
1000
1000
1000
1000
1000
1000
1000
1000
1000
1000
1000
1000
1000
1000
1000
1000
1000
1000
1000
1000
1000
1000
1000
1000
1000
1000
1000
1000
1000
1000
1000
1000
1000
1000
1000
1000
1000
1000
1000
1000
1000
1000
1000
1000
1000
1000
1000
1000
1000
1000
1000
1000
1000
1000
1000
1000
1000
1000
1000
1000
1000
1000
1000
1000
1000
1000
1000
1000
1000
1000
1000
1000
1000
1000
1000
1000
1000
1000
1000
1000
1000
1000
1000
1000
1000
1000
1000
1000
1000
1000
1000
1000
1000
1000
1000
1000
1000
1000
1000
1000
1000
1000
1000
1000
1000
1000
1000
1000
1000
1000
1000
1000
1000
1000
1000
1000
1000
1000
1000
1000
1000
1000
1000
1000
1000
1000
1000
1000
1000
1000
1000
1000
1000
1000
1000
1000
1000
1000
1000
1000
1000
1000
1000
1000
1000
1000
1000
1000
1000
1000
1000
1000
1000
1000
1000
1000
1000
1000
1000
1000
1000
1000
1000
1000
1000
1000
1000
1000
1000
1000
1000
1000
1000
1000
1000
1000
1000
1000
1000
1000
1000
1000
1000
1000
1000
1000
1000
1000
1000
1000
1000
1000
1000
1000
1000
1000
1000
999.998
999.998
999.997
999.998
999.998
996.666
998.404
999.999
999.999
999.997
999.997
999.998
997.352
996.03
999.186
999.999
999.997
999.997
999.998
999.998
994.596
996.357
999.946
999.999
999.997
999.997
999.998
998.134
995.342
997.478
999.999
999.999
999.997
999.997
999.998
998.679
993.411
996.369
999.999
999.999
999.998
999.996
999.998
999.998
992.585
994.39
999.993
999.999
999.998
999.997
999.997
999.998
997.212
994.701
999.136
999.998
1000
1000
1000
1000
1000
1000
1000
1000
1000
1000
1000
1000
1000
1000
1000
1000
1000
1000
1000
1000
1000
1000
1000
1000
1000
1000
1000
1000
1000
1000
1000
1000
1000
1000
1000
1000
1000
1000
1000
1000
1000
1000
1000
1000
1000
1000
1000
1000
1000
1000
1000
1000
1000
1000
1000
1000
1000
1000
1000
1000
1000
1000
1000
1000
1000
1000
1000
1000
1000
1000
1000
1000
1000
1000
1000
1000
1000
1000
1000
1000
1000
1000
1000
1000
1000
1000
1000
1000
1000
1000
1000
1000
1000
1000
1000
1000
1000
1000
1000
1000
1000
1000
1000
1000
1000
1000
1000
1000
1000
1000
1000
1000
1000
1000
1000
1000
1000
1000
1000
1000
1000
1000
1000
1000
1000
1000
1000
1000
1000
1000
1000
1000
1000
1000
1000
1000
1000
1000
1000
1000
1000
1000
1000
1000
1000
1000
1000
1000
1000
1000
1000
1000
1000
1000
1000
1000
1000
1000
1000
1000
1000
1000
1000
1000
1000
1000
1000
1000
1000
1000
1000
1000
1000
1000
1000
1000
1000
1000
1000
1000
1000
1000
1000
1000
1000
1000
1000
1000
1000
1000
1000
1000
1000
1000
1000
1000
1000
1000
1000
1000
1000
1000
1000
1000
1000
1000
1000
1000
1000
1000
1000
1000
1000
1000
1000
1000
1000
1000
1000
1000
1000
1000
1000
1000
1000
1000
1000
1000
1000
1000
1000
1000
1000
1000
1000
1000
1000
1000
1000
1000
1000
1000
1000
1000
1000
1000
1000
1000
1000
1000
1000
1000
1000
1000
1000
1000
1000
1000
1000
1000
1000
1000
1000
1000
1000
1000
1000
1000
1000
1000
1000
1000
1000
1000
1000
1000
1000
1000
1000
1000
999.998
999.998
999.998
999.996
999.997
999.423
996.663
999.819
999.998
999.998
999.998
999.996
999.997
999.998
996.266
999.53
999.998
999.998
999.998
999.996
999.997
999.998
995.567
999.207
999.998
999.998
999.998
999.996
999.997
999.998
995.22
999.091
999.998
999.998
999.998
999.996
999.997
999.998
995.417
999.154
999.998
999.998
999.998
999.996
999.997
999.998
995.935
999.317
999.998
999.998
999.998
999.996
999.997
999.998
996.648
999.543
1000
1000
1000
1000
1000
1000
1000
1000
1000
1000
1000
1000
1000
1000
1000
1000
1000
1000
1000
1000
1000
1000
1000
1000
1000
1000
1000
1000
1000
1000
1000
1000
1000
1000
1000
1000
1000
1000
1000
1000
1000
1000
1000
1000
1000
1000
1000
1000
1000
1000
1000
1000
1000
1000
1000
1000
1000
1000
1000
1000
1000
1000
1000
1000
1000
1000
1000
1000
1000
1000
1000
1000
1000
1000
1000
1000
1000
1000
1000
1000
1000
1000
1000
1000
1000
1000
1000
1000
1000
1000
1000
1000
1000
1000
1000
1000
1000
1000
1000
1000
1000
1000
1000
1000
1000
1000
1000
1000
1000
1000
1000
1000
1000
1000
1000
1000
1000
1000
1000
1000
1000
1000
1000
1000
1000
1000
1000
1000
1000
1000
1000
1000
1000
1000
1000
1000
1000
1000
1000
1000
1000
1000
1000
1000
1000
1000
1000
1000
1000
1000
1000
1000
1000
1000
1000
1000
1000
1000
1000
1000
1000
1000
1000
1000
1000
1000
1000
1000
1000
1000
1000
1000
1000
1000
1000
1000
1000
1000
1000
1000
1000
1000
1000
1000
1000
1000
1000
1000
1000
1000
1000
1000
1000
1000
1000
1000
1000
1000
1000
1000
1000
1000
1000
1000
1000
1000
1000
1000
1000
1000
1000
1000
1000
1000
1000
1000
1000
1000
1000
1000
1000
1000
1000
1000
1000
1000
1000
1000
1000
1000
1000
1000
1000
1000
1000
1000
1000
1000
1000
1000
1000
1000
1000
1000
1000
1000
1000
1000
1000
1000
1000
1000
1000
1000
1000
1000
1000
1000
1000
1000
1000
1000
1000
1000
1000
1000
1000
1000
1000
1000
1000
1000
1000
1000
1000
1000
1000
1000
1000
1000
999.998
999.998
999.998
999.996
999.997
999.998
997.29
999.748
999.998
999.998
999.998
999.997
999.997
999.998
997.6
999.834
999.998
999.998
999.997
999.997
999.997
999.998
998.99
999.999
999.998
999.997
999.997
999.998
999.997
999.98
999.35
999.999
999.998
999.997
999.997
999.998
999.783
999.847
999.486
999.999
999.998
999.997
999.997
999.998
998.227
999.509
999.649
999.999
999.998
999.997
999.997
999.998
999.3
998.005
999.084
999.999
1000
1000
1000
1000
1000
1000
1000
1000
1000
1000
1000
1000
1000
1000
1000
1000
1000
1000
1000
1000
1000
1000
1000
1000
1000
1000
1000
1000
1000
1000
1000
1000
1000
1000
1000
1000
1000
1000
1000
1000
1000
1000
1000
1000
1000
1000
1000
1000
1000
1000
1000
1000
1000
1000
1000
1000
1000
1000
1000
1000
1000
1000
1000
1000
1000
1000
1000
1000
1000
1000
1000
1000
1000
1000
1000
1000
1000
1000
1000
1000
1000
1000
1000
1000
1000
1000
1000
1000
1000
1000
1000
1000
1000
1000
1000
1000
1000
1000
1000
1000
1000
1000
1000
1000
1000
1000
1000
1000
1000
1000
1000
1000
1000
1000
1000
1000
1000
1000
1000
1000
1000
1000
1000
1000
1000
1000
1000
1000
1000
1000
1000
1000
1000
1000
1000
1000
1000
1000
1000
1000
1000
1000
1000
1000
1000
1000
1000
1000
1000
1000
1000
1000
1000
1000
1000
1000
1000
1000
1000
1000
1000
1000
1000
1000
1000
1000
1000
1000
1000
1000
1000
1000
1000
1000
1000
1000
1000
1000
1000
1000
1000
1000
1000
1000
1000
1000
1000
1000
1000
1000
1000
1000
1000
1000
1000
1000
1000
1000
1000
1000
1000
1000
1000
1000
1000
1000
1000
1000
1000
1000
1000
1000
1000
1000
1000
1000
1000
1000
1000
1000
1000
1000
1000
1000
1000
1000
1000
1000
1000
1000
1000
1000
1000
1000
1000
1000
1000
1000
1000
1000
1000
1000
1000
1000
1000
1000
1000
1000
1000
1000
1000
1000
1000
1000
1000
1000
1000
1000
1000
1000
1000
1000
1000
1000
1000
1000
1000
1000
1000
1000
1000
1000
1000
1000
1000
1000
1000
1000
1000
1000
1000
1000
1000
999.998
999.996
999.997
999.998
993.574
994.417
999.737
999.998
999.997
999.997
999.998
999.998
993.093
995.572
999.871
999.998
999.997
999.997
999.998
999.998
995.182
995.985
999.389
999.998
999.997
999.997
999.998
999.998
996.555
996.33
999.017
999.998
999.997
999.997
999.997
999.998
998.614
996.92
998.593
999.998
999.997
999.997
999.997
999.997
999.997
997.299
997.693
999.998
999.997
999.998
999.997
999.997
999.997
997.566
997.068
999.999
999.748
996.675
982.363
974.079
979.191
991.839
999.358
997.378
903.649
728.95
707.738
748.201
884.611
982.886
989.082
719.249
291.823
256.238
345.427
727.694
955.908
983.461
736.217
381.385
250.942
281.898
692.837
939.138
987.23
711.737
310.482
251.331
345.777
761.364
954.754
997.958
898.952
649.996
521.883
676.193
862.519
990.768
999.653
994.742
963.675
931.379
959.029
989.426
999.611
999.504
983.345
950.894
937.654
948.548
977.42
999.109
983.478
844.332
742.048
748.623
711.566
788.271
961.86
960.358
745.288
499.366
406.889
425.861
658.045
907.039
952.947
870.611
690.177
251.346
356.166
646.88
875.312
958.332
764.307
527.842
374.358
587.713
717.715
890.771
983.202
842.673
691.878
626.005
686.243
775.283
963.393
999.44
973.523
918.292
882.593
903.645
968.778
999.735
994.732
898.238
788
774.492
823.582
950.768
999.719
858.971
502.841
456.48
477.04
404.193
527.986
944.291
714.974
449.64
419.244
342.478
289.163
362.994
818.648
701.557
552.92
639.117
452.619
307.486
361.811
765.938
705.242
448.433
393.449
528.022
542.336
385.773
723.415
821.83
459.26
400.38
445.094
418.754
471.92
887.564
981.221
821.772
690.886
671.912
686.833
879.896
999.317
986.766
787.377
581.43
564.558
668.032
889.684
993.11
782.344
268.645
150.262
204.406
240.545
509.153
939.599
575.12
146.654
110.724
214.749
219.268
372.514
845.59
534.226
167.578
263.706
516.656
354.594
402.358
792.617
558.106
148.278
137.338
488.465
223.183
251.843
696.307
758.219
274.099
191.612
288.083
237.034
341.897
802.187
983.586
813.776
669.03
645.174
654.833
802.594
970.013
198.58
221.406
236.055
213.532
218.563
187.345
106.932
372.828
207.646
105.949
150.734
245.598
342.273
275.122
373.432
93.8768
41.1935
176.541
244.76
391.939
374.901
304.364
72.1715
74.2892
346.787
267.482
373.908
370.024
322.032
79.0333
52.9086
159.13
115.94
294.727
346.964
426.642
235.647
143.387
166.557
183.026
247.355
218.036
448.972
420.508
356.682
323.971
310.486
203.629
99.2952
1
1
1
1
1
1
1
1
1
0.99999
1
1
1
1
1
0.999989
1.38659
1
1
1.00003
1
1
0.999594
1.38472
1.04278
1
1
1
1
0.99999
1.23471
0.998298
1.19337
0.999998
1
1
1
0.99999
0.999933
0.999998
1
1
1
1
1
1
1
1
1
1
1
1
1
1
1
1
1
1
1
1
1
1
1
1
1
1
1
1
1
1
1
1
1
1
1
1
1
1
1
1
1
1
1
1
1
1
1
1
1
1
1
1
1
1
1
1
1
1
1
1
1
1
1
1
1
1
1
1
1
1
1
1
1
1
1
1
1
1
1
1
1
1
1
1
1
1
1
1
1
1
1
1
1
1
1
1
1
1
1
1
1
1
1
1
1
1
1
1
1
1
1
1
1
1
1
1
1
1
1
1
1
1
1
1
1
1
1
1
1
1
1
1
1
1
1
1
1
1
1
1
1
1
1
1
1
1
1
1
1
1
1
1
1
1
1
1
1
1
1
1
1
1
1
1
1
1
1
1
1
1
1
1
1
1
1
1
1
1
1
1
1
1
1
1
1
1
1
1
1
1
1
1
1
1
1
1
1
1
1
1
1
1
1
1
1
1000
1000
1000
1000
1000
1000
1000
1000
999.996
1000
1000
1000
1000
1000
1000
1000
999.993
1000
1000
1000
1000
1000
1000
1000
999.99
1000
1000
1000
1000
1000
1000
1000
999.983
1000
1000
1000
1000
1000
1000
1000
999.997
1000
1000
1000
1000
1000
1000
1000
1000
1000
1000
1000
1000
1000
1000
1000
999.999
1000
1000
1000
1000
1000
1000
1000.01
999.988
999.999
1000
1000
1000
1000
1000
1000.01
999.981
999.999
1000
1000
1000
1000
1000
1000.01
999.981
999.999
1000
1000
1000
1000
1000
1000.01
999.996
999.999
1000
1000
1000
1000
1000
1000.01
999.99
999.999
1000
1000
1000
1000
1000
1000.01
999.999
1000
1000
1000
1000
1000
1000
1000.01
999.984
999.998
1000
1000
994.346
996.08
1000
990.89
999.874
999.989
999.999
1000
999.952
999.657
996.136
976.081
999.725
999.979
999.998
1000
999.916
997.884
991.744
968.376
999.682
999.976
999.998
1000
999.848
997.07
990.17
966.405
999.613
999.97
999.998
1000
999.842
996.896
990.133
968.022
999.779
999.982
999.999
1000
1000
998.909
993.851
974.48
999.975
999.999
1000
999.068
997.363
999.797
998.989
987.61
951.218
707.096
272.316
183.552
274.011
469.964
628.507
481.671
938.141
723.868
523.232
576.837
600.992
570.886
498.243
328.855
932.604
815.595
733.621
681.533
602.169
499.473
420.37
272.278
930.111
843.098
759.145
688.776
591.777
476.964
399.834
260.427
921.948
853.695
771.442
696.567
596.767
476.725
401.375
268.822
871.209
708.658
607.029
637.132
624.832
548.75
458.143
310.283
910.139
596.074
194.653
224.344
415.613
621.908
599.889
435.325
92.9592
121.779
71.1394
0.675349
0.98616
0.999702
0.999987
1.00002
138.018
91.7126
30.3135
0.955434
0.998063
0.999948
1.00002
1.00005
240.327
111.748
0.818602
0.991506
0.999788
1.00001
1.00004
1.00008
258.811
101.74
0.808372
0.995678
0.999888
1.00001
1.00004
1.00007
250.771
108.792
0.837577
0.99384
0.999827
1.00001
1.00004
1.00005
153.218
102.371
12.4056
0.980769
0.999107
0.999992
1.00003
1.00004
148.609
194.812
72.1678
0.595052
0.990106
0.999612
1.00002
1.00006
1
1
1
1
1
1
1
1.00001
1
1
1
1
1
1
1.00001
1.00003
1
1
1
1
1
1
1.00001
1.00007
1
1
1
1
1
1
1.00001
1.00005
1
1
1
1
1
1
1.00001
1.00003
1
1
1
1
1
1.00001
1.00003
1.00004
1
1
1
1
0.999999
1
1.00002
1.00004
1
1
1
1
1
1
1.00019
1.00088
1
1
1
1
1
1.00024
1.00115
1.00145
1
1
1
1
0.999999
1.0004
1.00136
1.00144
1
1
1
1
1
1.00032
1.00116
1.00141
1
1
1
1
1
1.00041
1.00126
1.00135
1
1
1
1
1.00015
1.00047
1.0004
1.00004
1
1
1
1
1
1.00043
1.00144
1.00144
1
1
1
1
1
1.00002
1.00016
1.00026
1
1
1
1
1
1.00001
1.00008
1.0002
1
1
1
1
1
1
1.00005
1.00015
1
1
1
1
1
1
1.00008
1.00028
1
1
1
1
1
1
1.00004
1.00017
1
1
1
1
1
1
1
1.00005
1
1
1
1
1
1.00001
1.00021
1.00038
1
1
1
1
1
1
1
1
1
1
1
1
1
1
1
1
1
1
1
1
1
1
1
1
1
1
1
1
1
1
1
1
1
1
1
1
1
1
1
1
1
1
1
1
1
1
1
1
1
1
1
1
1
1
1
1
1
1
1
1
1
1
1
1
1
1
1
1
1
1
1
1
1
1
1
1
1
1
1
1
1
1
1
1
1
1
1
1
1
1
1
1
1
1
1
1
1
1
1
1
1
1
1
1
1
1
1
1
1
1
1
1
1000
1000
1000
1000
1000
1000
1000
1000
999.997
1000
1000
1000
1000
1000
1000
1000
999.985
1000
1000
1000
1000
1000
1000
1000
999.98
1000
1000
1000
1000
1000
1000
1000
999.989
1000
1000
1000
1000
1000
1000
1000
999.998
1000
1000
1000
1000
1000
1000
1000
1000
1000
1000
1000
1000
1000
1000
1000
999.999
1000
1000
1000
1000
1000
1000
1000.01
999.991
1000
1000
1000
1000
1000
1000
1000.01
999.98
1000
1000
1000
1000
1000
1000
1000.01
999.98
1000
1000
1000
1000
1000
1000
1000.01
999.981
1000
1000
1000
1000
1000
1000
1000.01
999.993
1000
1000
1000
1000
1000
1000
1000.01
1000
1000
1000
1000
1000
1000
1000
1000
999.99
999.999
1000
1000
989.582
967.366
979.168
999.409
999.755
999.99
999.999
1000
995.783
985.072
992.858
991.606
996.709
999.981
999.999
1000
998
994.25
994.892
985.421
988.607
999.982
999.999
1000
999.208
997.902
996.01
982.817
997.981
999.983
999.999
1000
998.037
992.85
995.073
987.892
999.771
999.99
999.999
1000
996.635
977.93
985.649
992.342
999.981
999.999
1000
1000
993.15
977.78
989.231
999.969
998.422
998.952
917.875
434.174
37.4837
74.8516
342.052
654.152
997.577
999.341
953.498
583.214
189.352
225.039
463.746
481.007
996.297
999.486
962.759
627.375
315.689
353.882
463.314
407.096
991.758
999.347
955.215
642.167
408.486
438.662
470.887
386.688
997.186
999.522
965.418
641.451
305.616
329.909
469.698
423.388
995.753
988.675
957.928
730.409
252.97
129.546
369.981
495.542
995.631
962.387
753.308
349.501
97.6816
147.357
466.877
670.579
324.936
112.927
16.5825
42.7749
35.6992
1.30383
0.996602
0.999812
362.749
173.895
27.0411
0.783456
0.992961
0.999904
0.999981
1.00004
359.665
198.028
30.3419
0.881165
0.995654
0.999941
1.00001
1.00006
356.642
206.862
40.2411
0.894692
0.997304
0.999946
1
1.00005
369.84
189.553
25.5766
0.893305
0.996687
0.99993
1
1.00005
312.633
144.595
7.2954
0.900411
0.989709
0.999717
0.999999
1.00002
97.0211
111.118
82.2523
6.43599
0.873715
0.994106
0.99994
1.00001
1
1
1
1
1
1
0.999995
1
1
1
1
1
1
1
1
1.00001
1
1
1
1
1
1
1
1.00001
1
1
1
1
1
1
1
1.00001
1
1
1
1
1
1
1
1.00001
1
1
1
1
1
1
1
1
1
1
1
1
1
1
1
1
1
1
1
1
1.00001
1
1.00014
1.00223
1
1
1
1
1.00001
1
1.00004
1.00208
1
1
1
1
1
1
1.00018
1.00254
1
1
1
1
1
1
1.00011
1.00229
1
1
1
1
1
1
1.00004
1.00204
1
1
1
1
1.00001
1
1
1.00063
1
1
1
1
1
1
1
1.00027
1
1
1
1
1
1
1
1.00014
1
1
1
1
1
1
1
1.0001
1
1
1
1
1
1
1
1.00023
1
1
1
1
1
1
1
1.00026
1
1
1
1
1
1
1
1.00023
1
1
1
1
1
1
1
1.00014
1
1
1
1
1
1
1
1.00015
1
1
1
1
1
1
1
1
1
1
1
1
1
1
1
1
1
1
1
1
1
1
1
1
1
1
1
1
1
1
1
1
1
1
1
1
1
1
1
1
1
1
1
1
1
1
1
1
1
1
1
1
1
1
1
1
1
1
1
1
1
1
1
1
1
1
1
1
1
1
1
1
1
1
1
1
1
1
1
1
1
1
1
1
1
1
1
1
1
1
1
1
1
1
1
1
1
1
1
1
1
1
1
1
1
1
1
1
1
1
1
1
1000
1000
1000
1000
1000
1000
1000
1000
999.998
1000
1000
1000
1000
1000
1000
1000
999.991
1000
1000
1000
1000
1000
1000
1000
999.987
1000
1000
1000
1000
1000
1000
1000
999.992
1000
1000
1000
1000
1000
1000
1000
999.997
1000
1000
1000
1000
1000
1000
1000
1000
1000
1000
1000
1000
1000
1000
1000
1000
1000
1000
1000
1000
1000
1000
1000
999.995
1000
1000
1000
1000
1000
1000
1000.01
999.993
1000
1000
1000
1000
1000
1000
1000.01
999.995
999.999
1000
1000
1000
1000
1000
1000.01
999.987
999.999
1000
1000
1000
1000
1000
1000.01
999.989
999.999
1000
1000
1000
1000
1000
1000.01
999.998
1000
1000
1000
1000
1000
1000
1000.01
999.98
999.999
1000
1000
989.279
980.096
993.858
999.634
999.802
999.988
999.999
1000
998.706
999.496
999.067
988.533
999.667
999.975
999.999
1000
999.943
998.374
992.275
972.748
999.659
999.974
999.999
1000
999.979
998.057
991.157
970.066
999.691
999.976
999.999
1000
999.979
999.111
994.037
974.797
999.865
999.988
999.999
1000
999.24
999.408
998.311
983.533
999.983
999.998
1000
1000
993.509
992.437
999.379
991.841
998.114
923.306
575.204
151.576
94.3157
205.504
574.479
662.091
981.802
893.431
536.095
364.692
448.463
561.468
559.756
426.296
950.154
897.71
740.939
665.739
603.244
510.521
429.12
294.403
928.4
894.867
804.493
725.998
628.951
506.697
413.805
277.404
944.288
852.521
655.151
629.838
602.476
533.441
453.751
309.003
942.202
805.756
469.496
408.085
473.675
539.379
528.79
387.208
954.637
753.25
343.08
164.644
215.922
373.919
614.446
489.972
14.1544
1
190.929
160.329
9.49953
0.939827
0.998124
0.999965
130.914
167.566
151.466
21.4052
0.951067
0.998056
0.999916
1.00003
228.584
177.985
62.9751
0.904045
0.996734
0.999877
1.00002
1.00007
209.361
157.875
48.6355
0.9393
0.998182
0.999955
1.00002
1.00007
130.313
83.2218
41.7923
0.930921
0.998674
0.999966
1.00002
1.00006
54.3019
33.5768
26.0187
0.95379
0.998996
0.999973
1
1.00002
73.0306
66.5755
24.7359
0.882476
0.99645
0.999949
0.999998
1.00001
0.999998
1
1
1
1
1
0.999999
1
1
1
1
1
1
0.999999
1
1.00001
1
1
1
1
1
1
1
1.00004
1
1
1
1
1
1
1
1.00004
1
1
1
1
1
1
1
1.00003
1
1
1
1
1
1
1
1
1
1
1
1
1
1
1
1
1
1
1
1
1
1
1
1.00066
1
1
1
1
1
0.999999
1.00087
1.00179
1
1
1
1
1
1.00003
1.00101
1.00177
1
1
1
1
1
1.00003
1.00106
1.00175
1
1
1
1
1
1.00001
1.00103
1.00172
1
1
1
1
1
1
1.00003
1.00103
1
1
1
1
1
1
1
1.00047
1
1
1
1
1
1
1
1.00023
1
1
1
1
1
1
1
1.00028
1
1
1
1
1
1
1
1.0003
1
1
1
1
1
1
1.00002
1.00032
1
1
1
1
1
1
1.00006
1.0002
1
1
1
1
1
1
1.00008
1.00016
1
1
1
1
1
1
1.00011
1.00019
1
1
1
1
1
1
1
1
1
1
1
1
1
1
1
1
1
1
1
1
1
1
1
1
1
1
1
1
1
1
1
1
1
1
1
1
1
1
1
1
1
1
1
1
1
1
1
1
1
1
1
1
1
1
1
1
1
1
1
1
1
1
1
1
1
1
1
1
1
1
1
1
1
1
1
1
1
1
1
1
1
1
1
1
1
1
1
1
1
1
1
1
1
1
1
1
1
1
1
1
1
1
1
1
1
1
1
1
1
1
1
1
1000
1000
1000
1000
1000
1000
1000
1000
999.996
1000
1000
1000
1000
1000
1000
1000
999.981
1000
1000
1000
1000
1000
1000
1000
999.966
1000
1000
1000
1000
1000
1000
1000
999.982
1000
1000
1000
1000
1000
1000
1000
999.997
1000
1000
1000
1000
1000
1000
1000
1000
1000
1000
1000
1000
1000
1000
1000
999.999
1000
1000
1000
1000
1000
1000
1000.01
999.991
1000
1000
1000
1000
1000
1000
1000.01
999.965
1000
1000
1000
1000
1000
1000
1000.01
999.961
1000
1000
1000
1000
1000
1000
1000.01
999.971
1000
1000
1000
1000
1000
1000
1000.01
999.991
1000
1000
1000
1000
1000
1000
1000.01
999.999
1000
1000
1000
1000
1000
1000
1000.01
999.975
999.999
1000
999.956
997.449
999.538
997.531
984.043
999.779
999.982
999.999
1000
997.827
993.889
993.098
982.987
997.797
999.967
999.998
1000
999.103
996.57
991.678
975.486
994.868
999.967
999.998
1000
999.695
998.024
990.928
970.363
998.303
999.972
999.999
1000
999.352
998.274
993.485
975.259
999.81
999.989
999.999
1000
995.495
993.931
998.532
989.891
1000
999.999
1000
1000
987.053
966.905
980.39
999.579
926.069
688.461
297.026
231.566
386.526
586.776
566.86
406.814
966.137
925.526
749.852
482.01
347.216
372.413
449.717
380.895
987.535
979.242
808.88
545.419
431.584
426.491
423.001
328.699
985.266
983.426
819.256
605.775
511.705
471.756
417.455
297.18
990.326
995.722
831.339
536.65
456.438
471.375
451.569
334.241
997.635
999.696
841.429
389.529
262.218
393.947
555.035
459.13
998.77
999.94
856.536
305.176
25.4368
90.7909
366.249
657.418
108.671
87.7416
12.2023
0.949484
0.998579
0.999976
1.00005
1.00006
105.464
29.7682
0.932953
0.994064
0.999861
1.00001
1.00005
1.00004
242.9
109.545
10.9697
0.981833
0.999586
1
1.00007
1.0001
280.432
139.338
20.1526
0.968558
0.999295
0.999991
1.00006
1.00015
306.537
140.672
23.9641
0.964107
0.998035
0.99997
1.00003
1.00012
311.509
109.387
27.8829
2.40333
0.994025
0.999894
1
1.00008
306.493
92.0003
3.4974
20.4003
21.081
1.45424
0.998896
0.999968
1
1
1
1
1
1
1.00003
1.00004
1
1
1
1
1
1
1.00002
1.00004
1
1
1
1
1
1
1.00001
1.00007
1
1
1
1
1
1
1.00001
1.00011
1
1
1
1
1
1
1
1.00007
1
1
1
1
1
1
1
1.00004
1
1
1
1
1
1
0.999999
1.00001
1
1
1
1
1
1.00056
1.00144
1.00144
1
1
1
1
0.999999
1.00051
1.00117
1.00004
1
1
1
1
1
1.00028
1.00243
1.00277
1
1
1
1
1
1.00011
1.0021
1.00279
1
1
1
1
1
1
1.00138
1.0028
1
1
1
1
1.00001
1
1.00063
1.00281
1
1
1
1
1.00001
1
1.00012
1.0022
1
1
1
1
1
1
1.00017
1.00042
1
1
1
1
1
1
1
1.00004
1
1
1
1
1
1
1.00005
1.00035
1
1
1
1
1
1
1.00001
1.00052
1
1
1
1
1
1
1
1.00044
1
1
1
1
1
1
1
1.00034
1
1
1
1
1
1
1
1.00007
1
1
1
1
1
1
1
1
1
1
1
1
1
1
1
1
1
1
1
1
1
1
1
1
1
1
1
1
1
1
1
1
1
1
1
1
1
1
1
1
1
1
1
1
1
1
1
1
1
1
1
1
1
1
1
1
1
1
1
1
1
1
1
1
1
1
1
1
1
1
1
1
1
1
1
1
1
1
1
1
1
1
1
1
1
1
1
1
1
1
1
1
1
1
1
1
1
1
1
1
1
1
1
1
1
1
1
1
1
1
1
1
1000
1000
1000
1000
1000
1000
1000
1000
1000
1000
1000
1000
1000
1000
943.284
925.057
917.435
915.699
918.84
925.721
941.927
94.5903
23.4525
14.2792
14.871
21.3511
31.9588
87.4157
0.999834
1.00015
1.00015
1.00014
1.00013
1.00006
0.999945
1.00003
1.0002
1.00041
1.00042
1.00043
1.00007
1.00008
1.00141
1.00146
1.00145
1.00035
1.00069
1.00004
1.00143
1.00022
1.00025
1.00018
1.00036
1.00022
1.00011
1.00032
1
1
1
1
1
1
1
1
1
1
1
1
1
1
1000
1000
1000
1000
1000
1000
1000
1000
1000
1000
1000
1000
1000
1000
990.174
969.581
956.714
949.446
959.197
969.244
984.15
487.947
294.686
210.777
168.415
210.597
267.392
390.229
1.00007
1.00011
1.00004
1.00003
1.00004
1.00007
1.00003
1.00008
1.0001
1.00018
1.00016
1.00016
1.00009
1.00001
1.00281
1.00281
1.00281
1.0028
1.00279
1.00277
1.00205
1.00119
1.00097
1.00099
1.00087
1.00083
1.00069
1.00053
1
1
1
1
1
1
1
1
1
1
1
1
1
1
1000
1000
1000
1000
1000
1000
1000
1000
1000
1000
1000
1000
1000
1000
980.535
941.943
923.984
920.877
925.912
934.504
946.178
352.059
95.0526
36.5485
29.0129
36.6981
55.7587
106.813
1.00003
0.999527
1.00011
1.00013
1.00011
1.00011
1.00009
1.00002
1.00005
1.00009
1.00012
1.00011
1.00015
1.00013
1.00184
1.00187
1.00181
1.00177
1.00175
1.00171
1.00117
1.00068
1.00075
1.0007
1.00055
1.00027
1.00017
1.00017
1
1
1
1
1
1
1
1
1
1
1
1
1
1
1000
1000
1000
1000
1000
1000
1000
1000
1000
1000
1000
1000
1000
1000
939.887
945.943
935.357
927.636
933.222
954.247
990.906
82.5076
126.113
93.0967
71.4048
95.0486
187.404
494.306
1.00018
1.00006
1.00016
1.00023
1.00022
1.00016
1.00009
1.00031
1.00007
1.00041
1.00032
1.00026
1.00015
1.00008
1.00122
1.00005
1.00269
1.0028
1.00281
1.00281
1.00281
1.00043
1.00018
1.00048
1.00094
1.00149
1.00169
1.00132
1
1.00001
1
1
1
1
1.00001
1
1
1
1
1
1
1
1000
1000
999.992
999.987
992.871
984.885
974.01
948.798
1000
1000
999.993
999.988
994.558
987.505
973.428
953.811
1000
1000
999.994
999.989
995.182
988.639
975.192
952.196
1000
1000
999.994
999.989
995.103
989.146
977.145
936.276
1000
1000
999.993
999.988
995.054
988.901
976.616
940.895
1000
1000
999.992
999.987
994.389
987.854
972.759
953.376
1000
1000
999.991
999.985
992.834
986.148
972.401
943.198
999.995
971.252
899.701
850.994
675.115
581.703
569.374
575.188
999.993
975.321
918.307
868.629
689.791
598.674
562.525
571.936
999.992
977.08
923.132
873.552
696.27
605.939
557.998
574.112
999.992
977.261
924.72
874.64
694.378
607.024
559.899
577.541
999.992
977.174
922.078
870.973
690.965
605.027
558.832
575.609
999.992
975.753
915.693
863.443
680.721
598.511
555.656
567.128
999.993
975.516
903.244
849.994
665.713
585.639
561.928
563.197
829.857
482.249
132.288
208.68
328.253
380.787
416.647
417.611
806.893
468.192
141.057
225.792
332.278
385.92
421.856
420.267
795.385
476.472
154.709
238.941
334.889
387.033
424.942
422.059
793.141
477.236
156.855
240.567
334.799
386.962
426.194
422.4
797.121
476.711
152.461
234.497
332.398
386.769
427.273
423.628
807.844
472.763
139.466
218.407
328.405
385.675
427.466
424.363
832.195
501.718
138.087
204.041
322.727
380.36
425.151
423.992
0.993697
1.00753
1.20097
1.18513
19.2385
22.8234
18.8043
18.4517
0.998513
1.00364
1.17903
1.16907
17.3845
21.2449
14.6502
13.9971
0.999241
1.0025
1.1704
1.16319
16.261
20.3441
11.065
10.3032
0.999251
1.00228
1.16771
1.16107
15.9768
19.9065
9.54225
9.20003
0.999038
1.00257
1.16921
1.16334
16.2826
20.1286
9.81748
9.64153
0.998316
1.00342
1.1753
1.16983
17.6556
21.0205
12.3204
12.0698
0.995002
1.00613
1.19003
1.18597
19.6426
22.3562
15.4699
15.3766
1.00004
1.00024
1.00779
1.0108
1.00007
1.00002
1
1
1.00015
1.00022
1.00363
1.00973
1.00021
1.00003
1
1
1.00018
1.0002
1.00253
1.00933
1.00039
1.00002
1.00017
1
1.00018
1.0002
1.00235
1.00917
1.00045
1.00001
1.00022
0.999999
1.00018
1.00019
1.00262
1.00933
1.00041
1.00002
1.00018
1
1.00016
1.0002
1.00341
1.00973
1.00024
1.00003
1
1
1.00009
1.00032
1.00638
1.01082
1.00016
1.00006
1
1
1.00011
1.00069
1.00092
1.00051
1.00005
1.00005
1
1
1.0003
1.00227
1.00104
1.00046
1.00003
1.00002
1
1
1.00038
1.00367
1.00103
1.00042
1.00001
1.00001
1
1
1.00035
1.00397
1.001
1.00041
1.00001
1
1
1
1.00036
1.00384
1.001
1.00042
1.00002
1.00001
1
1
1.00031
1.00221
1.00098
1.00045
1.00003
1.00004
1
1
1.00031
1.00038
1.00056
1.00052
1.00006
1.00009
1
1
1.00156
1.00018
1.00003
1.00002
1.00001
1
1
1
1.0015
1.00113
1.00003
1.00002
1
1
1
1
1.00111
1.0016
1.00002
1.00002
1
1
1
1
1.00173
1.00205
1.00002
1.00002
1
1
1
1
1.00152
1.00159
1.00002
1.00002
1
1
1
1
1.00095
1.00203
1.00002
1.00002
1
1
1
1
1.0002
1.00015
1.00002
1.00002
1.00001
1.00003
1
1
1.00018
1
1
1
1
1
1
1
1.00016
1.00001
1
1
1
1
1
1
1.0001
1
1
1
1
1
1
1
1.00011
1
1
1
1
1
1
1
1.00013
1
1
1
1
1
1
1
1.00015
1.00013
1
1
1
1
1
1
1.00009
1
1
1
1
1
1
1
1
1
1
1
1
1
1
1
1
1
1
1
1
1.00001
1
1
1
1
1
1
1
1.00001
1
1
1
1
1
1
1
1.00001
1
1
1
1
1
1
1
1.00001
1
1
1
1
1
1
1
1
1
1
1
1
1
1
1
1
1
1
1
1
1
1
1
1
1
1
1
1
1
1
1
1
1
1
1
1
1
1
1
1
1
1
1
1
1
1
1
1
1
1
1
1
1
1
1
1
1
1
1
1
1
1
1
1
1
1
1
1
1
1
1
1
1
1
1000
1000
999.994
999.988
999.979
994.116
993.433
973.435
1000
1000
999.994
999.988
999.981
995.068
995.133
978.286
1000
1000
999.994
999.988
999.982
995.885
996.475
981.517
1000
1000
999.995
999.989
999.983
996.214
997.02
983.134
1000
1000
999.996
999.99
999.984
995.841
996.704
983.709
1000
1000
999.997
999.99
999.985
995.061
995.86
983.243
1000
1000
999.996
999.99
999.984
993.455
994.234
981.561
999.991
999.431
930.807
866.135
728.015
613.275
642.05
592.779
999.99
998.214
927.01
869.171
733.858
622.7
653.028
601.414
999.989
996.947
924.975
871.234
735.634
630.864
662.641
608.086
999.988
995.657
924.936
873.365
738.364
634.509
667.211
612.891
999.99
994.06
922.88
875.098
744.679
631.572
664.27
614.853
999.992
993.276
925.409
877.98
751.529
626.057
656.853
613.236
999.994
991.03
921.194
865.901
738.258
612.151
647.045
609.226
870.634
621.457
239.773
152.251
293.919
334.373
386.761
419.868
858.995
607.462
222.389
149.324
294.511
333.015
384.25
417.392
852.547
594.366
207.451
149.538
297.228
332.173
382.185
415.379
843.928
580.988
197.653
153.605
300.444
331.835
380.252
413.371
849.364
576.689
187.299
156.31
302.283
332.455
379.471
411.959
836.942
554.058
191.534
160.214
304.403
334.322
379.977
411.169
846.599
531.916
168.618
162.125
304.593
336.733
381.698
410.951
13.4204
0.993269
1.02303
1.19835
6.87959
20.9946
22.2914
22.8897
0.984608
0.994775
1.03123
1.18931
5.90481
20.0015
22.1961
23.5047
0.990173
0.995576
1.03858
1.1835
5.3562
19.304
22.2009
23.9302
0.99232
0.996405
1.04735
1.18119
5.31371
19.1649
22.567
24.5424
0.988998
0.995878
1.06385
1.18407
5.63271
19.6363
23.2477
25.3548
0.988534
0.994843
1.0593
1.18637
6.24674
20.4823
23.966
25.9789
0.964013
0.995721
1.08436
1.18866
6.95911
21.6337
24.7664
26.6653
0.999835
1.00002
1.00011
1.01269
1.00964
1.00156
0.999999
1
0.999981
1.00003
0.999879
1.01181
1.00901
1.00165
0.999999
1
1.00001
1.00004
0.999902
1.01147
1.00869
1.00184
0.999999
1
1.00001
1.00004
0.999899
1.01135
1.00874
1.00205
0.999999
1
1.00001
1.00004
0.999816
1.01165
1.00904
1.00215
0.999999
1
1.00001
1.00003
0.999742
1.01182
1.00946
1.00221
0.999999
1
1.00005
1.00005
1.00281
1.01283
1.00971
1.00198
0.999999
1
1.00015
1.00018
1.00016
1.00075
1.00038
1.00004
1
1
1.0004
1.00034
1.00021
1.0007
1.00037
1.00004
1
1.00001
1.00047
1.0004
1.00021
1.00068
1.00037
1.00005
1
1.00002
1.00046
1.00041
1.00025
1.00068
1.00038
1.00005
1
1.00002
1.00044
1.00041
1.00034
1.00071
1.0004
1.00005
1
1.00003
1.00027
1.00024
1.00024
1.00073
1.00041
1.00006
1
1.00003
1.0003
1.00026
1.00025
1.00076
1.00041
1.00005
1
1.00003
1.00281
1.00219
1.00001
1.00003
1.00002
1
1
1
1.00281
1.00243
1.00001
1.00003
1.00002
1
1
1
1.0028
1.00199
1
1.00003
1.00001
1
1
1
1.00279
1.00131
1.00001
1.00003
1.00001
1
1
1
1.00279
1.00113
1.00001
1.00003
1.00002
1
1
1
1.00275
1.0008
1.00001
1.00003
1.00002
1
1
1
1.00269
1.0004
1.00001
1.00003
1.00002
1
1
1
1.00217
1.0014
1
1
1
1
1
1
1.00173
1.00139
1
1
1
1
1
1
1.00148
1.00076
1
1
1
1
1
1
1.0012
1.00052
1
1
1
1
1
1
1.00116
1.00052
1
1
1
1
1
1
1.00104
1.00051
1
1
1
1
1
1
1.00074
1.00035
1
1
1
1
1
1
1.00003
1.00007
1
1
1
1
1
1
1.00001
1.00003
1
1
1
1
1
1
1
1
1
1
1
1
1
1
1
1
1
1
1
1
1
1
1
1.00001
1
1
1
1
1
1
1
1.00002
1
1
1
1
1
1
1
1.00002
1
1
1
1
1
1
1
1
1
1
1
1
1
1
1
1
1
1
1
1
1
1
1
1
1
1
1
1
1
1
1
1
1
1
1
1
1
1
1
1
1
1
1
1
1
1
1
1
1
1
1
1
1
1
1
1
1
1
1
1
1
1
1000
1000
999.994
999.99
999.548
992.088
993.18
980.043
1000
1000
999.995
999.991
999.312
992.419
993.12
978.476
1000
1000
999.995
999.991
998.657
992.588
992.052
975.445
1000
1000
999.995
999.991
998.167
992.747
990.024
972.979
1000
1000
999.994
999.99
997.966
992.398
986.709
969.848
1000
1000
999.993
999.989
996.306
989.962
981.61
965.125
1000
1000
999.992
999.987
993.627
985.982
976.027
958.072
999.994
989.524
917.516
865.447
735.052
606.571
643.317
605.243
999.993
986.771
919.945
882.927
748.53
614.447
645.486
600.547
999.992
984.135
921.063
885.012
742.194
617.728
642.41
592.86
999.992
982.963
921.885
883.984
734.517
618.798
633.663
587.489
999.992
981.835
920.946
878.279
725.46
616.439
617.964
583.879
999.994
975.931
914.262
867.37
701.163
603.485
595.533
580.753
999.996
972.981
900.253
848.443
675.789
584.108
576.696
578.227
845.424
530.048
161.867
166.565
310.952
339.833
383.648
410.66
816.77
526.982
161.723
177.315
319.615
344.298
386.108
411.3
803.081
509.769
156.122
188.196
325.441
348.911
390.497
413.269
799.966
504.148
157.043
197.869
325.81
353.738
395.471
413.226
805.373
499.577
154.688
204.464
322.484
361.131
402.587
413.344
815.144
470.464
131.82
200.384
323.241
370.589
410.262
415.386
831.36
488.456
132.49
202.36
323.649
375.786
413.008
416.635
0.977482
0.999404
1.10829
1.19651
8.44397
21.5713
24.3545
26.0273
0.996107
1.00108
1.12447
1.19999
9.14223
20.2702
22.4141
23.7069
0.998833
1.00096
1.1375
1.19892
9.24401
19.2965
20.275
21.2584
0.998981
1.00126
1.14518
1.19484
10.7911
19.4215
18.812
19.8977
0.998381
1.00212
1.15467
1.1898
13.3357
20.5173
18.022
19.5526
0.996468
1.00418
1.17532
1.18283
16.2327
21.84
18.4266
19.8299
0.992557
1.0073
1.20104
1.19194
18.7714
22.8325
19.5886
19.9234
0.998958
1.00027
1.00523
1.01346
1.0096
1.00196
0.999999
1
1.0001
1.00043
1.00269
1.01369
1.00914
1.00199
0.999999
1
1.00015
1.00024
1.00155
1.01351
1.00866
1.00185
0.999998
1
1.00017
1.00022
1.00167
1.01284
1.00752
1.0014
0.999996
1
1.00016
1.00021
1.00239
1.01211
1.00601
1.00077
0.999996
1
1.00014
1.00019
1.00434
1.01148
1.00436
1.0002
0.999998
1
1.00006
1.00015
1.00755
1.01149
1.0002
1.00005
1
1
1.00015
1.0002
1.00023
1.0008
1.0004
1.00005
1
1.00003
1.00036
1.00046
1.00047
1.00083
1.0004
1.00005
1
1.00003
1.00048
1.00134
1.00087
1.00082
1.00039
1.00005
1
1.00004
1.00047
1.00184
1.00093
1.00075
1.00031
1.00003
1
1.00005
1.00034
1.00187
1.00095
1.00067
1.00022
1.00002
1
1.00004
1.00018
1.0013
1.00096
1.00062
1.00015
1.00001
1
1.00002
1.00012
1.00067
1.00089
1.00054
1.00005
1.00004
1
1
1.00262
1.00017
1.00001
1.00003
1.00002
1
1
1
1.00155
1.00014
1.00002
1.00004
1.00002
1
1
1
1.00174
1.00054
1.00002
1.00004
1.00001
1
1
1
1.0017
1.00048
1.00002
1.00003
1.00001
1
1
1
1.00152
1.00034
1.00002
1.00003
1.00001
1
1
1
1.00169
1.0003
1.00002
1.00002
1
1
1
1
1.00162
1.00002
1.00003
1.00002
1
1
1
1
1.00092
1.00022
1
1
1
1
1
1
1.00094
1.00008
1
1
1
1
1
1
1.00077
1.00006
1
1
1
1
1
1
1.0004
1.00001
1
1
1
1
1
1
1.00019
1
1
1
1
1
1
1
1.00018
1
1
1
1
1
1.00001
1.00001
1.00014
1
1
1
1
1
1
1
1
1.00003
1
1
1
1
1
1
1.00001
1.00001
1
1
1
1
1
1
1
1
1
1
1
1
1
1
1
1
1
1
1
1
1
1
1
1
1
1
1
1
1
1
1
1
1
1
1
1
1.00001
1
1
1
1
1
1
1
1
1
1
1
1
1
1
1
1
1
1
1
1
1
1
1
1
1
1
1
1
1
1
1
1
1
1
1
1
1
1
1
1
1
1
1
1
1
1
1
1
1
1
1
1
1
1
1
1
1
1
1
1
1
1
1
1
1
1000
1000
999.991
999.985
993.843
987.293
974.566
954.545
1000
1000
999.992
999.987
995.911
990.463
981.39
959.773
1000
1000
999.993
999.989
997.691
992.702
986.451
964.358
1000
1000
999.993
999.989
998.244
993.421
989.475
967.696
1000
1000
999.993
999.989
998.301
993.313
991.151
968.359
1000
1000
999.993
999.988
998.281
992.151
991.815
970.334
1000
1000
999.993
999.987
999.84
993.066
992.099
970.066
999.993
978.39
905.612
851.249
670.217
589.592
566.304
561.978
999.992
980.853
916.876
868.852
691.88
605.535
590.612
560.928
999.991
987.085
924.003
879.101
715.733
617.992
613.479
560.87
999.99
989.398
926.276
884.223
725.783
621.55
627.994
564.927
999.99
991.895
926.961
883.468
724.852
618.944
636.902
570.86
999.991
993.265
921.933
875.445
719.264
607.93
637.902
579.414
999.992
998.521
924.122
860.364
722.491
606.284
635.782
585.119
833.806
513.085
141.824
196.393
318.565
375.022
424.721
426.404
830.987
502.236
142.898
195.029
320.854
368.007
422.738
431.175
821.843
530.073
169.719
199.775
321.659
359.434
416.358
434.225
816.689
540.026
178.423
195.344
323.163
353.919
410.531
434.833
824.712
558.106
186.735
185.58
321.896
350.06
404.623
432.59
846.014
581.339
189.096
168.559
314.437
345.439
398.437
428.359
875.102
622.245
227.737
155.248
297.208
337.998
391.062
423.032
0.99519
1.00502
1.18083
1.19042
19.5805
22.9011
15.7307
15.4444
0.994559
1.00441
1.15949
1.18061
17.9668
22.8104
14.9114
13.6783
0.99698
1.00206
1.12717
1.18383
15.9726
22.1566
15.2473
12.1987
0.997885
1.00085
1.10889
1.18333
14.4394
21.4337
16.6134
12.9001
0.997071
0.999885
1.09317
1.18662
12.9347
20.8386
18.2866
15.3286
0.993117
0.997728
1.08719
1.1932
10.7157
20.7806
20.1007
18.7316
16.0993
0.991584
1.04389
1.20505
8.2531
21.2637
21.7328
21.634
1.00016
1.00021
1.00516
1.01131
1.0003
1.00012
1
1
1.0002
1.00022
1.00494
1.01063
1.00024
1.00003
1
1
1.00019
1.00024
1.00277
1.01118
1.00426
1.00024
1.00001
1
1.00019
1.00025
1.00166
1.01122
1.00499
1.00054
1
1
1.00021
1.00027
1.00131
1.01172
1.00604
1.00083
0.999999
1
1.00016
1.00029
1.00106
1.01265
1.00765
1.00108
0.999999
1
1.00012
1.00012
1.00001
1.0131
1.00948
1.00135
1
1
1.00037
1.00015
1.00034
1.00056
1.00009
1.0002
1
1
1.00059
1.00089
1.00071
1.00049
1.00004
1.00003
1
1.00001
1.00115
1.00136
1.00064
1.00058
1.00015
1
1
1.00002
1.00132
1.00108
1.00057
1.00059
1.00018
1.00001
1
1.00003
1.00072
1.00078
1.00048
1.00063
1.00023
1.00002
1
1.00002
1.00047
1.00028
1.00029
1.00071
1.00029
1.00002
1
1.00001
1.00015
1.00022
1.00025
1.00079
1.00036
1.00002
1
1
1.00009
1.00011
1.00003
1.00002
1.00001
1.00006
1
1
1.00047
1.00097
1.00002
1.00002
1.00001
1.00002
1
1
1.00035
1.00012
1.00001
1.00002
1
1
1
1
1.00197
1.00005
1.00001
1.00002
1.00001
1
1
1
1.0028
1.0009
1.00001
1.00002
1.00001
1
1
1
1.00281
1.00118
1.00001
1.00003
1.00001
1
1
1
1.00281
1.0021
1.00001
1.00003
1.00002
1
1
1
1.00009
1.00001
1
1
1
1
1
1
1.00025
1.00006
1
1
1
1
1
1
1.00035
1.00001
1
1
1
1
1
1
1.00085
1.00005
1
1
1
1
1
1
1.00202
1.00027
1
1
1
1
1
1
1.00266
1.00045
1
1
1
1
1
1
1.00268
1.00201
1.00001
1
1
1
1
1
1.00001
1.00001
1
1
1
1
1
1
1.00001
1
1
1
1
1
1
1
1.00001
1.00001
1
1
1
1
1
1
1.00001
1.00003
1
1
1
1
1
1
1.00001
1.00001
1
1
1
1
1
1
1.00004
1.00005
1
1
1
1
1
1
1.00014
1.00029
1.00001
1
1
1
1
1
1
1
1
1
1
1
1
1
1
1
1
1
1
1
1
1
1
1
1
1
1
1
1
1
1
1
1
1
1
1
1
1
1
1
1
1
1
1
1
1
1
1
1
1
1
1
1
1
1
1
1
1
1.00001
1.00001
1
1
952.351
924.407
868.297
919.383
914.647
843.434
877.932
905.655
941.186
884.259
900.548
939.467
877.117
840.603
888.634
906.861
899.544
901.894
942.84
923.777
829.479
855.728
893.63
909.156
904.701
934.144
946.947
885.065
831.515
864.359
893.083
912.406
898.371
925.863
953.423
901.896
821.055
862.439
896.813
913.157
915.938
883.804
932.362
948.141
837.981
851.922
904.176
914.066
944.41
907.388
894.928
935.744
884.274
837.938
897.937
916.896
641.496
709.837
674.927
674.068
725.288
754.56
752.687
735.445
657.652
704.136
654.892
685.469
742.157
753.259
746.216
733.892
670.428
680.223
653.036
712.355
751.513
750.476
742.39
734.889
664.764
672.066
668.429
725.934
751.709
748.246
742.371
734.895
665.123
674.015
662.545
723.994
756.814
750.287
742.497
736.618
669.123
695.555
648.649
700.137
753.639
753.838
741.84
738.653
647.614
713.303
666.674
685.689
745.732
756.683
748.26
738.254
415.073
394.668
407.529
405.521
390.894
381.512
375.934
374.794
407.392
394.592
406.324
396.735
382.403
374.021
369.291
367.153
404.186
394.824
398.31
386.107
374.799
367.921
363.334
360.38
401.5
390.012
391.58
380.95
371.39
365.069
360.269
357.013
402.946
391.2
392.894
381.926
371.747
365.664
361.083
357.783
404.236
392.777
401.436
389.95
377.031
369.578
365.072
361.603
408.785
388.577
403.041
397.184
382.72
374.741
369.612
366.904
12.4719
13.6952
6.46095
2.06731
2.19565
1
1
1
11.439
11.0725
3.39682
1
1
1
1
1
10.0382
8.93535
2.64975
1
1
1
1
1
10.0528
9.32802
3.02669
1
1
1
1
1
10.3763
9.73499
3.54415
1
1
1
1
1
11.8758
11.161
3.97162
1.28992
1
1
1
1
12.8767
13.9683
5.83503
1.47231
1.12383
1
1
1
1
1
1
1
1
1
1
1
1
1
1
1
1
1
1
1
1
1
1
1
1
1
1
1
1
1
1
1
1
1
1
1
1
1
1
1
1
1
1
1
1
1
1
1
1
1
1
1
1
1
1
1
1
1
1
1
1
1
1
1
1
1
1
1
1
1
1
1
1
1
1
1
1
1
1
1
1
1
1
1
1
1
1
1
1
1
1
1
1
1
1
1
1
1
1
1
1
1
1
1
1
1
1
1
1
1
1
1
1
1
1
1
1
1
1
1
1
1
1
1
1
1
1
1
1
1
1
1
1
1
1
1
1
1
1
1
1
1
1
1
1
1
1
1
1
1
1
1
1
1
1
1
1
1
1
1
1
1
1
1
1
1
1
1
1
1
1
1
1
1
1
1
1
1
1
1
1
1
1
1
1
1
1
1
1
1
1
1
1
1
1
1
1
1
1
1
1
1
1
1
1
1
1
1
1
1
1
1
1
1
1
1
1
1
1
1
1
1
1
1
1
1
1
1
1
1
1
1
1
1
1
1
1
1
1
1
1
1
1
1
1
1
1
1
1
1
1
1
1
1
1
1
1
1
1
1
1
1
1
1
1
1
1
1
1
1
1
1
1
1
1
1
1
1
1
1
1
1
1
1
1
1
1
1
1
1
1
1
1
1
1
1
1
1
1
1
1
1
1
1
1
1
1
1
1
1
1
1
1
1
1
1
1
1
1
1
1
1
1
1
1
1
1
1
1
1
1
1
1
1
1
1
1
1
1
1
945.887
957.239
938.533
898.321
916.549
892.098
857.103
899.043
949.377
958.135
944.753
892.219
918.988
908
854.52
897.957
952.462
958.12
946.991
893.162
922.694
918.782
853.807
895.999
954.791
958.729
947.71
893.236
926.702
927.987
855.328
893.547
956.032
958.31
947.901
894.961
927.425
931.785
858.018
891.066
955.829
957.659
947.342
895.294
926.381
933.088
861.253
889.164
954.005
956.71
946.064
892.812
923.216
931.709
864.182
888.002
601.745
697.059
717.634
688.287
712.968
760.328
775.023
763.923
603.873
691.213
722.786
693.71
704.673
753.196
775.899
764.526
603.922
684.999
724.303
694.673
697.209
746.062
777.067
763.98
601.473
678.87
727.019
694.173
689.534
737.798
776.816
762.366
599.839
673.734
726.66
693.526
685.307
731.218
774.769
760.713
599.731
671.795
724.48
692.929
683.061
725.964
771.815
759.461
599.885
673.632
722.54
691.538
683.546
722.857
768.393
758.534
428.252
418.229
411.376
424.06
419.071
406.091
399.5
397.224
427.136
423.552
413.731
426.814
424.783
411.557
403.466
401.134
426.055
428.134
416.378
429.127
428.719
415.327
404.984
403.123
424.463
430.734
417.276
430.294
431.246
417.922
405.091
403.742
423.352
432.343
418.1
430.563
432.297
419.504
404.977
403.624
422.583
431.819
417.489
429.484
431.539
419.297
403.61
401.819
422.213
430.12
416.054
428.035
429.644
417.754
401.682
399.018
18.2181
15.7823
15.25
9.40498
6.7718
6.94681
6.23916
6.28632
19.8422
15.5705
16.029
10.6702
7.93298
8.17276
7.94597
7.92099
21.3047
15.5455
16.4315
11.6522
8.88609
9.09961
9.62556
9.40247
22.6699
15.924
17.0063
12.6024
9.75753
9.87154
11.1458
10.8175
23.8718
16.6161
17.5161
13.4458
10.4935
10.4538
12.1678
12.0319
24.4244
17.123
17.7819
13.7334
10.6535
10.5397
12.5496
12.8308
24.7557
17.3711
17.8055
13.4455
10.1728
10.0108
12.1451
12.8384
1
1
1
1
1
1
1
1
1
1
1
1
1
1
1
1
1
1
1
1
1
1
1
1
1
1
1
1
1
1
1
1
1
1
1
1
1
1
1
1
1
1
1
1
1
1
1
1
1
1
1
1
1
1
1
1
1
1
1
1
1
1
1
1
1
1
1
1
1
1
1
1
1
1
1
1
1
1
1
1
1
1
1
1
1
1
1
1
1
1
1
1
1
1
1
1
1
1
1
1
1
1
1
1
1
1
1
1
1
1
1
1
1
1
1
1
1
1
1
1
1
1
1
1
1
1
1
1
1
1
1
1
1
1
1
1
1
1
1
1
1
1
1
1
1
1
1
1
1
1
1
1
1
1
1
1
1
1
1
1
1
1
1
1
1
1
1
1
1
1
1
1
1
1
1
1
1
1
1
1
1
1
1
1
1
1
1
1
1
1
1
1
1
1
1
1
1
1
1
1
1
1
1
1
1
1
1
1
1
1
1
1
1
1
1
1
1
1
1
1
1
1
1
1
1
1
1
1
1
1
1
1
1
1
1
1
1
1
1
1
1
1
1
1
1
1
1
1
1
1
1
1
1
1
1
1
1
1
1
1
1
1
1
1
1
1
1
1
1
1
1
1
1
1
1
1
1
1
1
1
1
1
1
1
1
1
1
1
1
1
1
1
1
1
1
1
1
1
1
1
1
1
1
1
1
1
1
1
1
1
1
1
1
1
1
1
1
1
1
1
1
1
1
1
1
1
1
1
1
1
1
1
1
1
1
1
952.306
955.296
940.908
890.614
922.016
927.918
865.263
887.91
950.615
951.638
931.118
894.211
920.341
918.945
864.258
888.579
953.074
937.481
914.592
919.097
912.648
889.403
870.285
889.239
951.672
919.707
916.737
928.135
897.636
879.112
874.754
890.7
945.766
910.443
924.156
933.926
876.043
874.345
877.4
892.682
939.938
906.951
930.121
934.833
859.832
874.226
879.946
895.717
948.741
904.233
903.274
934.373
884.724
853.424
878.516
900.138
601.003
677.684
718.645
688.845
683.88
722.665
765.452
756.629
603.673
683.441
710.451
684.908
687.09
727.298
764.529
754.608
609.854
694.178
694.332
677.625
704.01
738.467
759.56
750.94
617.133
703.269
684.93
678.184
714.907
742.201
757.31
748.557
625.483
701.677
673.325
683.422
725.304
744.51
755.97
746.809
632.305
694.109
664.239
690.095
731.174
743.856
754.09
744.527
635.768
702.385
664.736
679.64
732.17
753.092
754.248
740.657
421.684
427.09
413.997
425.493
425.961
413.583
397.914
394.836
421.494
422.633
412.292
421.623
419.602
406.279
391.606
388.731
422.104
418.098
412.584
417.574
410.652
398.735
387.463
384.401
421.062
412.226
410.408
412.94
404.138
393.335
383.12
380.513
421.175
409.129
409.899
409.186
399.841
390.296
380.852
378.697
423.322
408.274
410.141
406.447
397.548
389.032
380.049
378.358
422.849
403.102
410.927
406.99
393.924
384.9
378.592
377.892
23.5546
16.1015
16.538
11.878
8.5853
8.5904
10.6948
11.5189
20.1478
13.542
13.7248
9.084
6.14737
6.4794
8.53548
9.23378
16.3316
11.492
10.749
6.57634
4.29823
4.36224
5.96559
6.64687
13.8235
10.7504
8.99233
4.83797
2.9233
2.86016
4.42862
4.83279
12.6263
11.1368
8.31825
4.30835
2.40412
2.09804
3.63839
3.75876
12.2024
12.1225
8.48902
4.64829
2.50543
1.93567
3.39376
3.16083
11.692
13.2233
7.72664
3.80819
3.05464
2.18327
2.5568
2.0004
1
1
1
1
1
1
1
1
1
1
1
1
1
1
1
1
1
1
1
1
1
1
1
1
1
1
1
1
1
1
1
1
1
1
1
1
1
1
1
1
1
1
1
1
1
1
1
1
1
1
1
1
1
1
1
1
1
1
1
1
1
1
1
1
1
1
1
1
1
1
1
1
1
1
1
1
1
1
1
1
1.00001
1.00001
1
1
1
1
1
1
1
1.00001
1
1
1
1
1
1
1
1
1
1
1
1
1
1
1
1
1
1
1
1
1
1
1
1
1
1
1
1
1
1
1
1
1
1
1
1
1
1
1
1
1
1
1
1
1
1
1
1
1
1
1
1
1
1
1
1
1
1
1
1
1
1
1
1
1
1
1
1
1
1
1
1
1
1
1
1
1
1
1
1
1
1
1
1
1
1
1
1
1
1
1
1
1
1
1
1
1
1
1
1
1
1
1
1
1
1
1
1
1
1
1
1
1
1
1
1
1
1
1
1
1
1
1
1
1
1
1
1
1
1
1
1
1
1
1
1
1
1
1
1
1
1
1
1
1
1
1
1
1
1
1
1
1
1
1
1
1
1
1
1
1
1
1
1
1
1
1
1
1
1
1
1
1
1
1
1
1
1
1
1
1
1
1
1
1
1
1
1
1
1
1
1
1
1
1
1
1
1
1
1
1
1
1
1
1
1
1
1
1
1
1
1
1
1
1
1
1
1
1
1
1
1
1
1
1
1
1
1
1
1
1
1
1
1
1
1
1
1
1
1
1
1
1
1
1
1
925.969
892.105
929.12
951.747
852.103
848.012
901.85
916.89
904.475
907.002
954.062
942.247
831.585
859.482
896.279
915.597
911.155
910.736
947.436
940.015
848.13
853.383
891.237
914.769
921.039
915.339
940.593
938.261
861.262
851.173
887.44
912.59
936.816
923.298
932.605
932.005
877.296
851.574
881.993
908.987
934.321
941.487
940.905
920.327
892.322
855.97
872.38
904.896
942.336
952.653
931.512
909.71
913.921
870.054
865.264
901.193
645.354
701.315
654.774
692.128
751.422
756.993
747.569
741.764
629.771
689.898
661.242
702.947
752.643
757.132
749.647
745.078
615.508
695.165
668.478
695.404
747.694
760.472
752.373
744.913
607.902
698.817
674.815
689.227
743.781
761.826
754.945
746.355
601.797
701.419
685.413
683.436
739.08
763.537
759.96
750.745
600.362
699.663
695.186
681.25
732.861
766.96
767.26
756.866
599.659
701.853
708.988
680.141
722.354
766.176
772.362
761.245
416.896
396.792
404.904
396.888
384.634
376.918
371.821
368.621
424.984
401.026
401.51
395.468
385.453
377.18
371.758
368.171
427.967
401.348
402.043
399.507
387.955
378.436
372.758
369.494
429.451
403.811
404.698
404.734
392.768
382.602
376.559
373.389
430.048
407.004
407.26
410.789
399.394
388.79
382.423
379.374
429.874
410.829
408.944
416.554
406.012
395.052
389.587
386.906
429.093
413.88
410.306
421.663
412.71
400.391
394.605
392.41
11.6141
13.2872
6.87558
3.04503
1.21339
1
1
1
9.35864
12.4899
7.79653
3.18717
1
1
1
1
8.21828
12.5229
7.87363
2.38222
1
1
1
1
9.02979
12.8898
8.40396
2.50815
1
1
1
1
11.066
13.6766
9.73071
3.50201
1.19084
1
1
1
14.2046
14.9502
12.0171
5.43471
3.06774
2.35085
1.20934
1.22766
16.598
15.763
13.9328
7.62072
5.30869
5.1189
4.10749
4.11385
1
1
1
1
1
1
1
1
1
1
1
1
1
1
1
1
1
1
1
1
1
1
1
1
1
1
1
1
1
1
1
1
1
1
1
1
1
1
1
1
1
1
1
1
1
1
1
1
1
1
1
1
1
1
1
1
1
1
1
1
1
1
1
1
1
1
1
1
1
1
1
1
1
1
1
1
1
1
1
1
1
1
1
1
1
1
1
1
1
1
1
1
1
1
1
1
1
1
1
1
1
1
1
1
1
1
1
1
1
1
1
1
1
1
1
1
1
1
1
1
1
1
1
1
1
1
1
1
1
1
1
1
1
1
1
1
1
1
1
1
1
1
1
1
1
1
1
1
1
1
1
1
1
1
1
1
1
1
1
1
1
1
1
1
1
1
1
1
1
1
1
1
1
1
1
1
1
1
1
1
1
1
1
1
1
1
1
1
1
1
1
1
1
1
1
1
1
1
1
1
1
1
1
1
1
1
1
1
1
1
1
1
1
1
1
1
1
1
1
1
1
1
1
1
1
1
1
1
1
1
1
1
1
1
1
1
1
1
1
1
1
1
1
1
1
1
1
1
1
1
1
1
1
1
1
1
1
1
1
1
1
1
1
1
1
1
1
1
1
1
1
1
1
1
1
1
1
1
1
1
1
1
1
1
1
1
1
1
1
1
1
1
1
1
1
1
1
1
1
1
1
1
1
1
1
1
1
1
1
1
1
1
1
1
1
1
1
1
1
1
1
1
1
1
1
1
1
1
1
1
1
1
1
1
1
1
)
;

boundaryField
{
    base
    {
        type            calculated;
        value           nonuniform 0();
    }
    outlet
    {
        type            calculated;
        value           nonuniform List<scalar> 
749
(
1
1
1
1
1
1
1
1
1
1
1
1
1
1
1
1
1
1
1
1
1
1
1
1
1
1
1
1
1
1
1
1
1
1
1
1
1
1
1
1
1
1
1
1
1
1
1
1
1
1
1
1
1
1
1
1
1
1
1
1
1
1
1
1
1
1
1
1
1
1
1
1
1
1
1
1
1
1
1
1
1
1
1
1
1
1
1
1
1
1
1
1
1
1
1
1
1
1
1
1
1
1
1
1
1
1
1
1
1
1
1
1
1
1
1
1
1
1
1
1
1
1
1
1
1
1
1
1
1
1
1
1
1
1
1
1
1
1
1
1
1
1
1
1
1
1
1
1
1
1
1
1
1
1
1
1
1
1
1
1
1
1
1
1
1
1
1
1
1
1
1
1
1
1
1
1
1
1
1
1
1
1
1
1
1
1
1
1
1
1
1
1
1
1
1
1
1
1
1
1
1
1
1
1
1
1
1
1
1
1
1
1
1
1
1
1
1
1
1
1
1
1
1
1
1
1
1
1
1
1
1
1
1
1
1
1
1
1
1
1
1
1
1
1
1
1
1
1
1
1
1
1
1
1
1
1
1
1
1
1
1
1
1
1
1
1
1
1
1
1
1
1
1
1
1
1
1
1
1
1
1
1
1
1
1
1
1
1
1
1
1
1
1
1
1
1
1
1
1
1
1
1
1
1
1
1
1
1
1
1
1
1
1
1
1
1
1
1
1
1
1
1
1
1
1
1
1
1
1
1
1
1
1
1
1
1
1
1
1
1
1
1
1
1
1
1
1
1
1
1
1
1
1
1
1
1
1
1
1
1
1
1
1
1
1
1
1
1
1
1
1
1
1
1
1
1
1
1
1
1
1
1
1
1
1
1
1
1
1
1
1
1
1
1
1
1
1
1
1
1
1
1
1
1
1
1
1
1
1
1
1
1
1
1
1
1
1
1
1
1
1
1
1
1
1
1
1
1
1
1
1
1
1
1
1
1
1
1
1
1
1
1
1
1
1
1
1
1
1
1
1
1
1
1
1
1
1
1
1
1
1
1
1
1
1
1
1
1
1
1
1
1
1
1
1
1
1
1
1
1
1
1
1
1
1
1
1
1
1
1
1
1
1
1
1
1
1
1
1
1
1
1
1
1.00001
1
1
1
1
1
1
1.00001
1
1
1
1
1
1
1
1
1
1
1
1
1
1
1
1
1
1
1
1
1
1
1
1
1
1
1
1
1
1
1
1
1
1
1
1
1
1
1
1
1
1
1
1
1
1
1
1
1
1
1
1
1
1
1
1
1
1
1
1
1
1
1
1
1
1
1
1
1
1
1
1
1
1
1
1
1
1
1
1
1
1
1
1
1
1
1
1
1
1
1
1
1
1
1
1
1
1
1
1
1
1
1
1
1
1
1
1
1
1
1
1
1
1
1
1
1
1
1
1
1
1
1
1
1
1
1
1
1
1
1
1
1
1
1
1
1
1
1
1
1
1
1
1
1
1
1
1
1
1
1
1
1
1
1
1
1
1
1
1
1
1
1
1
1
1
1
1
1
1
1
1
1
1
1
1
1
1
1
1
1
1
1
1
1
1
1
1
1
1
1
1
1
1
1
1
1
1
1
1
1
1
1
1
1
1
1
1
1
1
1
1
1
1
1
1
1
1
1
1
1
1
1
1
1
1
1
1
1
1
1
1
1
1
1
1
1
1
)
;
    }
    walls
    {
        type            calculated;
        value           nonuniform List<scalar> 
816
(
1000
1000
1000
1000
1000
1000
1000
1000
1000
1000
1000
1000
1000
1000
1000
999.999
1000
1000
1000
1000
1000
999.999
999.999
1000
1000
1000
1000
1000
999.999
1000
1000
1000
1000
1000
1000
999.999
1000
1000
1000
1000
1000
1000
1000
1000
1000
1000
1000
1000
1000
1000
1000
1000
1000
1000
1000
1000
1000
1000
1000
1000
1000
1000
1000
1000
1000
1000
1000
1000
1000
1000
1000
1000
1000
1000
1000
1000
1000
1000
1000
1000
1000
1000
1000
1000
1000
1000
1000
1000
1000
1000
1000
1000
1000
1000
1000
1000
1000
1000
1000
1000
1000
1000
1000
1000
1000
1000
1000
1000
1000
1000
1000
1000
1000
1000
1000
1000
1000
1000
999.999
1000
1000
1000
1000
1000
1000
999.999
1000
1000
1000
1000
1000
1000
1000
1000
1000
1000
1000
1000
1000
1000
1000
1000
1000
1000
1000
1000
1000
1000
1000
1000
1000
1000
1000
1000
1000
1000
1000
1000
1000
1000
1000
1000
1000
1000
1000
1000
1000
1000
1000
1000
1000
1000
1000
1000
1000
1000
1000
1000
1000
1000
1000
1000
1000
1000
1000
1000
1000
1000
1000
1000
1000
1000
1000
1000
1000
1000
1000
1000
1000
1000
1000
1000
1000
1000
1000
1000
1000
1000
1000
1000
1000
1000
1000
1000
1000
1000
1000
1000
1000
1000
1000
1000
1000
1000
1000
1000
1000
1000
1000
1000
1000
1000
1000
1000
1000
1000
1000
1000
1000
1000
1000
1000
1000
1000
1000
1000
1000
1000
1000
1000
1000
1000
1000
1000
1000
1000
1000
1000
1000
1000
1000
1000
1000
1000
1000
1000
1000
1000
1000
1000
1000
1000
1000
1000
1000
1000
1000
1000
1000
1000
1000
1000
1000
1000
1000
1000
1000
1000
1000
1000
1000
1000
1000
1000
1000
1000
1000
1000
1000
1000
1000
1000
1000
1000
1000
1000
1000
1000
1000
1000
1000
1000
1000
1000
1000
1000
1000
1000
1000
1000
1000
1000
1000
1000
1000
1000
1000
1000
1000
1000
1000
1000
1000
1000
1000
1000
1000
1000
1000
1000
1000
1000
1000
1000
1000
1000
1000
1000
1000
1000
1000
1000
1000
1000
1000
1000
1000
1000
1000
1000
1000
1000
1000
1000
1000
1000
1000
1000
1000
1000
1000
1000
1000
999.999
999.999
999.999
999.999
999.999
999.999
999.998
1000
1000
1000
1000
1000
1000
1000
1000
1000
1000
1000
1000
1000
1000
1000
1000
1000
1000
1000
1000
1000
1000
1000
1000
1000
1000
1000
1000
1000
1000
1000
1000
1000
1000
1000
999.819
999.53
999.207
999.091
999.154
999.317
999.543
1000
1000
1000
1000
1000
1000
1000
1000
1000
1000
1000
1000
1000
1000
1000
1000
1000
1000
1000
1000
1000
1000
1000
1000
1000
1000
1000
1000
1000
1000
1000
1000
1000
1000
1000
999.748
999.834
999.999
999.999
999.999
999.999
999.999
1000
1000
1000
1000
1000
1000
1000
1000
1000
1000
1000
1000
1000
1000
1000
1000
1000
1000
1000
1000
1000
1000
1000
1000
1000
1000
1000
1000
1000
1000
1000
1000
1000
1000
1000
1000
1000
999.998
999.998
999.998
999.998
999.998
999.998
999.999
1000
1000
1000
1000
1000
1000
1000
1000
1000
1000
1000
1000
1000
1000
1000
1000
1000
1000
1000
1000
1000
1000
1000
1000
1000
1000
1000
1000
905.655
906.861
909.156
912.406
913.157
914.066
916.896
735.445
733.892
734.889
734.895
736.618
738.653
738.254
374.794
367.153
360.38
357.013
357.783
361.603
366.904
1
1
1
1
1
1
1
1
1
1
1
1
1
1
1
1
1
1
1
1
1
1
1
1
1
1
1
1
1
1
1
1
1
1
1
1
1
1
1
1
1
1
1
1
1
1
1
1
1
899.043
897.957
895.999
893.547
891.066
889.164
888.002
763.923
764.526
763.98
762.366
760.713
759.461
758.534
397.224
401.134
403.123
403.742
403.624
401.819
399.018
6.28632
7.92099
9.40247
10.8175
12.0319
12.8308
12.8384
1
1
1
1
1
1
1
1
1
1
1
1
1
1
1
1
1
1
1
1
1
1
1
1
1
1
1
1
1
1
1
1
1
1
1
1
1
1
1
1
1
1
887.91
888.579
889.239
890.7
892.682
895.717
900.138
756.629
754.608
750.94
748.557
746.809
744.527
740.657
394.836
388.731
384.401
380.513
378.697
378.358
377.892
11.5189
9.23378
6.64687
4.83279
3.75876
3.16083
2.0004
1
1
1
1
1
1
1
1
1
1
1
1
1
1
1
1
1
1
1
1
1
1
1
1
1
1
1
1
1
1
1
1
1
1
1
1
1
1
1
1
1
1
916.89
915.597
914.769
912.59
908.987
904.896
901.193
741.764
745.078
744.913
746.355
750.745
756.866
761.245
368.621
368.171
369.494
373.389
379.374
386.906
392.41
1
1
1
1
1
1.22766
4.11385
1
1
1
1
1
1
1
1
1
1
1
1
1
1
1
1
1
1
1
1
1
1
1
1
1
1
1
1
1
1
1
1
1
1
1
1
1
1
1
1
1
1
)
;
    }
    inlet
    {
        type            calculated;
        value           nonuniform 0();
    }
    procBoundary3to2
    {
        type            processor;
        value           nonuniform List<scalar> 
729
(
999.989
998.994
995.56
987.457
988.892
998.947
999.934
998.309
969
897.302
855.081
916.75
992.238
999.986
993.35
927.328
771.515
468.492
504.849
944.903
995.594
999.616
947.663
598.795
369.874
406.916
940.237
999.578
998.664
985.502
722.997
554.994
694.279
989.266
996.131
996.438
999.991
988.609
969.107
989.283
999.987
999.955
999.993
999.996
999.999
999.967
999.999
999.993
1000
1000
1000
1000
1000
1000
1000
1000
1000
1000
1000
1000
1000
1000
1000
1000
1000
1000
1000
1000
1000
1000
1000
1000
1000
999.999
1000
1000
1000
1000
1000
1000
1000
1000
1000
1000
1000
1000
1000
1000
1000
1000
1000
1000
1000
1000
1000
1000
1000
1000
1000
1000
1000
1000
1000
1000
1000
1000
1000
1000
1000
1000
1000
1000
1000
1000
1000
1000
1000
1000
1000
1000
1000
1000
1000
1000
1000
1000
1000
1000
1000
999.998
1000
1000
1000
1000
1000
1000
1000
1000
1000
1000
1000
1000
1000
1000
1000
1000
1000
1000
1000
1000
1000
1000
1000
1000
1000
1000
1000
1000
1000
1000
1000
1000
1000
1000
1000
1000
1000
1000
1000
1000
1000
1000
1000
1000
1000
1000
1000
1000
1000
1000
1000
1000
1000
1000
1000
1000
1000
1000
1000
1000
1000
1000
1000
1000
1000
1000
1000
1000
1000
1000
1000
1000
1000
1000
1000
1000
1000
1000
1000
1000
1000
1000
1000
1000
1000
1000
1000
1000
1000
1000
1000
1000
1000
1000
1000
1000
1000
1000
1000
1000
1000
1000
1000
1000
1000
1000
1000
1000
1000
1000
1000
1000
1000
1000
1000
1000
1000
1000
1000
1000
1000
1000
1000
1000
1000
1000
1000
1000
1000
1000
1000
1000
1000
1000
1000
1000
1000
1000
1000
1000
1000
1000
1000
1000
1000
1000
1000
1000
1000
1000
1000
1000
1000
1000
1000
1000
1000
1000
1000
1000
1000
1000
1000
1000
1000
1000
1000
1000
1000
1000
1000
1000
1000
1000
1000
1000
1000
1000
1000
1000
1000
1000
1000
1000
1000
1000
1000
1000
1000
1000
1000
1000
1000
1000
1000
1000
1000
1000
1000
1000
1000
1000
1000
1000
1000
1000
1000
1000
1000
1000
1000
1000
1000
1000
1000
1000
1000
1000
1000
1000
1000
1000
1000
1000
1000
1000
1000
1000
1000
1000
1000
1000
1000
1000
1000
1000
1000
1000
1000
1000
1000
1000
1000
1000
1000
1000
1000
1000
1000
1000
1000
1000
1000
1000
1000
1000
1000
1000
1000
1000
1000
1000
1000
1000
1000
1000
1000
1000
1000
1000
1000
1000
1000
1000
1000
1000
1000
1000
1000
1000
1000
1000
1000
1000
1000
1000
1000
1000
1000
1000
1000
1000
1000
1000
1000
1000
1000
1000
1000
1000
1000
1000
1000
1000
1000
1000
1000
1000
1000
1000
1000
1000
1000
1000
1000
1000
1000
1000
1000
1000
1000
1000
1000
1000
1000
1000
1000
1000
1000
1000
1000
1000
1000
1000
1000
1000
1000
1000
1000
1000
1000
1000
1000
1000
1000
1000
1000
1000
1000
1000
1000
1000
1000
1000
1000
1000
1000
1000
1000
1000
1000
1000
1000
1000
1000
1000
1000
1000
1000
1000
1000
1000
1000
1000
1000
1000
1000
1000
1000
1000
1000
1000
1000
1000
1000
1000
1000
1000
1000
1000
1000
1000
1000
1000
1000
1000
1000
1000
1000
1000
1000
1000
1000
1000
1000
1000
1000
1000
1000
1000
1000
1000
1000
1000
1000
1000
1000
1000
1000
1000
1000
1000
1000
1000
1000
1000
1000
1000
1000
1000
1000
1000
1000
1000
1000
1000
1000
1000
1000
1000
1000
1000
1000
1000
1000
1000
1000
1000
1000
1000
1000
1000
1000
1000
1000
1000
1000
1000
1000
1000
1000
1000
1000
1000
1000
1000
1000
1000
1000
1000
1000
1000
1000
1000
1000
1000
1000
1000
1000
1000
1000
1000
1000
1000
1000
1000
1000
1000
1000
1000
1000
1000
1000
1000
1000
1000
1000
1000
1000
1000
1000
1000
1000
1000
1000
1000
1000
1000
1000
1000
1000
1000
1000
1000
1000
1000
1000
1000
1000
1000
1000
1000
1000
1000
1000
1000
1000
1000
1000
1000
1000
1000
1000
1000
1000
1000
1000
1000
1000
1000
1000
1000
1000
1000
1000
1000
1000
1000
1000
1000
1000
1000
1000
1000
1000
1000
1000
1000
1000
1000
1000
1000
1000
1000
1000
1000
1000
1000
1000
1000
1000
1000
1000
1000
1000
1000
1000
1000
1000
1000
1000
1000
1000
1000
1000
1000
1000
1000
1000
1000
1000
1000
1000
1000
1000
1000
1000
1000
1000
)
;
    }
}


// ************************************************************************* //
