/*--------------------------------*- C++ -*----------------------------------*\
| =========                 |                                                 |
| \\      /  F ield         | OpenFOAM: The Open Source CFD Toolbox           |
|  \\    /   O peration     | Version:  plus.master.MPPICInterFoam            |
|   \\  /    A nd           | Web:      www.OpenFOAM.com                      |
|    \\/     M anipulation  |                                                 |
\*---------------------------------------------------------------------------*/
FoamFile
{
    version     2.0;
    format      ascii;
    class       Cloud<basicKinematicMPPICParcel>;
    location    "3.8/lagrangian/kinematicCloud";
    object      positions;
}
// * * * * * * * * * * * * * * * * * * * * * * * * * * * * * * * * * * * * * //

1595
(
(-0.0142655 -0.0278509 0.577005) 6012
(-0.016889 -0.0280442 0.576104) 6012
(-0.0253383 -0.0288002 0.573661) 8518
(-0.0173238 -0.0273389 0.575867) 6012
(-0.0268825 -0.0311216 0.569857) 8462
(-0.0291619 -0.0321693 0.566567) 8462
(-0.0283656 -0.0326042 0.567519) 8462
(-0.0247148 -0.0247835 0.574887) 6005
(-0.0304241 -0.0279172 0.569323) 7950
(-0.0395173 -0.0293107 0.561471) 7952
(-0.0341364 -0.0302685 0.564607) 7951
(-0.0370878 -0.0272942 0.564009) 7951
(-0.0250386 -0.0246869 0.575009) 5493
(-0.0437052 -0.00921587 0.566369) 7935
(-0.0226783 -0.0265858 0.574767) 6005
(-0.0212965 -0.0269382 0.575432) 6005
(-0.0388663 -0.0203478 0.566586) 7943
(-0.0355293 -0.0250622 0.566343) 7950
(-0.0199667 -0.0272871 0.575983) 6005
(-0.0437727 0.00104127 0.566278) 7927
(-0.0413199 -0.00753741 0.569076) 7934
(-0.0419571 -0.00894314 0.568513) 7934
(-0.0240924 -0.0241139 0.576066) 6004
(-0.0321963 -0.0221525 0.571931) 8006
(-0.0338328 -0.0232118 0.570591) 7950
(-0.0240067 -0.0243069 0.576115) 6005
(-0.0400897 -0.0214301 0.564909) 7943
(-0.0409191 0.00159947 0.570906) 7982
(-0.0399164 0.00163923 0.571545) 7982
(-0.023338 -0.0240146 0.575274) 6004
(-0.036644 0.00246361 0.573842) 7142
(-0.0187892 -0.0270044 0.576191) 6004
(-0.0344611 0.00444558 0.574997) 5461
(-0.0392257 0.00162879 0.572135) 7982
(-0.0386975 -0.00786256 0.571883) 7990
(-0.0299926 -0.0252189 0.572514) 8006
(-0.0380537 -0.0171439 0.569536) 7942
(-0.0184055 -0.0263474 0.575745) 6004
(-0.036335 0.0066132 0.573678) 7141
(-0.0400557 -0.0172809 0.56647) 7943
(-0.0232239 -0.0242378 0.575538) 6004
(-0.0294634 -0.0201244 0.574754) 5493
(-0.0387797 0.000758528 0.572005) 7982
(-0.0306252 -0.0202091 0.574339) 7145
(-0.0326105 -0.025679 0.569836) 7950
(-0.039515 -0.000677649 0.571853) 7982
(-0.0392982 -0.00857891 0.571758) 7990
(-0.0167164 -0.0277673 0.576189) 6012
(-0.0373616 -0.000303042 0.573229) 7142
(-0.0369931 -0.0101079 0.573709) 7990
(-0.0396609 -0.0169164 0.567161) 7942
(-0.0346584 -0.0145502 0.573689) 7144
(-0.0117809 -0.0266621 0.576583) 6011
(-0.0330155 -0.0111753 0.575738) 5477
(-0.023275 -0.0238513 0.575371) 6004
(-0.0386143 -0.00752391 0.571901) 7990
(-0.0281611 -0.0211828 0.574753) 5493
(-0.0208968 -0.026866 0.576687) 6005
(-0.0136719 -0.0277322 0.577285) 6011
(-0.0362866 0.00248092 0.574393) 7142
(-0.0366214 0.00200532 0.573314) 7142
(-0.0245977 -0.0234267 0.575329) 5492
(-0.028122 -0.0190134 0.575235) 5493
(-0.0167275 -0.0272791 0.576754) 6012
(-0.0229648 -0.024494 0.575848) 6004
(-0.0370275 -0.00931738 0.574419) 7143
(-0.0309252 -0.0221889 0.573324) 7145
(-0.0205388 -0.0261766 0.576159) 6004
(-0.0277411 -0.0208674 0.574913) 5493
(-0.0292466 -0.0214675 0.574882) 7145
(-0.0286245 -0.0214942 0.57545) 5493
(-0.0374995 -0.00732312 0.574604) 7143
(-0.0298211 -0.0194466 0.574677) 5493
(-0.0389515 0.000101084 0.572625) 7982
(-0.0373243 0.00855216 0.573015) 7974
(-0.0332815 -0.00378916 0.575618) 5468
(-0.0321743 -0.0108385 0.576003) 5477
(-0.0365311 -0.0204327 0.568336) 7942
(-0.0278014 -0.0217505 0.574924) 5493
(-0.0268015 -0.0174454 0.575117) 5492
(-0.0134892 -0.0276399 0.577439) 6011
(-0.0352413 0.00247746 0.57462) 5469
(-0.0325361 0.00337585 0.575121) 5468
(-0.0356385 -0.0067402 0.574325) 7143
(-0.0192953 -0.0253779 0.576435) 6004
(-0.0333102 -0.00842843 0.575637) 5477
(-0.0306419 -0.0188053 0.574711) 5485
(-0.0289947 -0.0196923 0.574623) 5493
(-0.0374279 -0.00818833 0.57321) 7990
(-0.032169 -0.016385 0.575245) 7144
(-0.0228984 -0.0243519 0.576027) 6004
(-0.0323497 -0.00904528 0.576119) 5477
(-0.0329461 -0.00821533 0.576188) 5477
(-0.0312617 -0.00920585 0.576059) 5476
(-0.0322813 0.00322987 0.575158) 5468
(-0.022705 -0.0261814 0.576027) 6005
(-0.0212501 -0.0267423 0.576591) 6005
(-0.0323409 0.00472885 0.575138) 5460
(-0.0349052 -0.00613999 0.575354) 5477
(-0.0320944 0.00386257 0.575573) 5460
(-0.032512 -0.00489801 0.575688) 5476
(-0.0321819 -0.00387187 0.575816) 5476
(-0.0326104 0.00486276 0.575683) 5460
(-0.0324198 0.00451742 0.575405) 5460
(-0.0342575 0.00715121 0.574717) 5461
(-0.0259666 -0.0223834 0.575196) 5493
(-0.0378324 -0.0162863 0.569994) 7942
(-0.0362928 -0.00039069 0.574064) 7142
(-0.0296169 -0.0161375 0.575635) 5485
(-0.0238923 -0.02292 0.575758) 5492
(-0.0257129 0.0198595 0.576556) 5444
(-0.0187822 -0.0249031 0.576641) 6003
(-0.0271736 -0.0210376 0.575564) 5493
(-0.0325315 -0.0058251 0.575852) 5476
(-0.0322856 -0.00918919 0.57633) 5477
(-0.0332202 0.001852 0.57636) 5468
(-0.0339197 -0.0132287 0.574946) 7144
(-0.0365288 0.0076003 0.573509) 7141
(-0.0227562 -0.0259793 0.575774) 6005
(-0.0312161 0.0126192 0.575459) 5453
(-0.0212248 -0.0263935 0.576167) 6005
(-0.0329782 -0.0147328 0.575267) 7144
(-0.0344275 -0.00890907 0.575398) 5477
(-0.0117283 -0.027148 0.577335) 6011
(-0.0335947 -0.00887451 0.575895) 5477
(-0.0330229 -0.00932224 0.575442) 5477
(-0.0295944 -0.011087 0.575908) 5484
(-0.0332169 -0.00841545 0.575398) 5477
(-0.029734 -0.012777 0.576309) 5484
(-0.0342372 -0.00616825 0.575517) 5477
(-0.0260213 -0.0224985 0.575363) 5493
(-0.0227618 -0.0254973 0.575477) 6005
(-0.0315423 -0.00469848 0.575759) 5476
(-0.0330263 -0.00567366 0.575364) 5477
(-0.0330248 -0.00563405 0.575336) 5477
(-0.0343175 0.00230847 0.575364) 5469
(-0.0342676 -0.00703482 0.5754) 5477
(-0.0326617 -0.00855408 0.575482) 5477
(-0.0329524 -0.00844021 0.575408) 5477
(-0.0329256 -0.00887757 0.575628) 5477
(-0.0322602 -0.00969433 0.576199) 5477
(-0.0333841 -0.00610917 0.575489) 5477
(-0.0295307 0.0043133 0.576723) 5459
(-0.0227991 -0.0257965 0.575742) 6005
(-0.0187676 -0.0257737 0.576002) 6004
(-0.0270655 -0.0189441 0.575997) 5492
(-0.0112993 -0.0265668 0.577163) 6011
(-0.0204555 -0.0247224 0.576838) 6004
(-0.03075 -0.00379862 0.575999) 5476
(-0.0331248 -0.00567522 0.575185) 5477
(-0.0295874 -0.0109147 0.575585) 5484
(-0.0332128 0.00522976 0.575316) 5461
(-0.0311351 0.0021327 0.576418) 5468
(-0.0299203 -0.00385174 0.575957) 5475
(-0.0319508 -0.00798417 0.575892) 5476
(-0.029189 -0.0116124 0.576514) 5484
(-0.029802 0.00245852 0.577043) 5467
(-0.0365318 -0.0070679 0.573854) 7143
(-0.0361023 -0.000405045 0.57428) 7142
(-0.0353077 0.00828246 0.573769) 7141
(-0.0272202 -0.0211621 0.575556) 5493
(-0.00776374 -0.0266004 0.577834) 6018
(-0.0295413 0.00121176 0.577296) 5467
(-0.0214381 -0.0233051 0.576843) 6003
(-0.0305198 0.00342332 0.576099) 5467
(-0.0325218 -0.00522912 0.576335) 5476
(-0.0330652 -0.00617156 0.576466) 5477
(-0.0284645 -0.0192404 0.574456) 5493
(-0.022844 -0.02398 0.575301) 6004
(-0.0270507 -0.0207617 0.575356) 5493
(-0.0180258 -0.0256366 0.576194) 6003
(-0.0339873 -0.0104724 0.575014) 5477
(-0.020369 -0.0257608 0.576358) 6004
(-0.0159881 -0.0259757 0.576132) 6011
(-0.032309 0.00954755 0.575419) 5461
(-0.0324804 0.00830294 0.575408) 5461
(-0.0286217 -0.0116134 0.576616) 5483
(-0.029826 -0.00408226 0.576694) 5475
(-0.0300256 -0.0102528 0.5765) 5476
(-0.0306299 -0.00889781 0.576685) 5476
(-0.0262921 -0.0187744 0.576057) 5492
(-0.029544 -1.44248e-05 0.577569) 5467
(-0.0313841 0.00179264 0.576865) 5468
(-0.0160979 -0.0258864 0.57644) 6011
(-0.0344969 -0.00655378 0.57521) 5477
(-0.0174293 0.0206555 0.577747) 6610
(-0.0292665 -0.0159632 0.575624) 5484
(-0.0321456 -0.00926831 0.576417) 5477
(-0.0289112 -0.00341216 0.576592) 5475
(-0.0166208 -0.0236265 0.57764) 6002
(-0.0255384 -0.0179297 0.576195) 5491
(-0.0240357 -0.0210795 0.57587) 5492
(-0.0303517 -0.00794635 0.577156) 5476
(-0.0191567 -0.0250786 0.576042) 6004
(-0.015809 -0.0254954 0.57586) 6011
(-0.0351608 -0.00743934 0.5751) 5477
(-0.023596 -0.0225157 0.576064) 5492
(-0.0327887 0.00759414 0.57573) 5461
(-0.0305098 -0.0102827 0.5758) 5476
(-0.0307817 -0.0102478 0.575814) 5476
(-0.0334925 0.00159943 0.575601) 5469
(-0.0340489 0.000962071 0.575258) 5469
(-0.0273585 0.0130422 0.577039) 5451
(-0.0160239 -0.0233665 0.577922) 6002
(-0.0290086 0.00935776 0.576644) 5459
(-0.0298728 -0.00497089 0.577531) 5475
(-0.0300668 -0.00493311 0.577469) 5475
(-0.0302883 0.00193826 0.576934) 5467
(-0.0306489 -0.00672721 0.577065) 5476
(-0.0274301 0.00268449 0.577518) 5466
(-0.0345788 -0.00215682 0.57506) 5469
(-0.034125 -0.00661384 0.574956) 5477
(-0.0130473 -0.025244 0.577961) 6010
(-0.0244977 -0.0215839 0.576677) 5492
(-0.0208991 -0.0226033 0.576684) 6003
(-0.00760328 -0.0256688 0.577663) 6018
(-0.0294948 -0.000697374 0.577159) 5467
(-0.0294799 -0.0044594 0.577375) 5475
(-0.0311689 -0.00801963 0.577065) 5476
(-0.0289029 -0.00460079 0.577096) 5475
(-0.0264615 -0.0103616 0.577926) 5483
(-0.0270627 0.00202919 0.578339) 5466
(-0.015751 -0.0251763 0.575821) 6011
(-0.0306402 -0.00930062 0.576349) 5476
(-0.00592785 -0.0251534 0.577961) 6018
(-0.0302921 -0.00772127 0.576672) 5476
(-0.0300138 -0.00815561 0.576894) 5476
(-0.0296405 -0.00495771 0.577659) 5475
(-0.0264073 0.0100776 0.576697) 5451
(-0.0281043 0.00879981 0.577141) 5459
(-0.0207923 -0.0253341 0.575993) 6004
(-0.021937 -0.0253856 0.57586) 6004
(-0.0279513 -0.0164274 0.576004) 5484
(-0.032182 -0.00866209 0.575754) 5476
(-0.0321645 -0.0087348 0.576359) 5476
(-0.0242069 -0.0144741 0.577285) 5482
(-0.0304309 -0.00490567 0.577661) 5476
(-0.0290029 -0.00413917 0.576999) 5475
(-0.0296728 -0.00491747 0.577402) 5475
(-0.0283703 0.000638822 0.57819) 5467
(-0.0265151 -0.0199427 0.575691) 5492
(-0.0244402 -0.020036 0.576851) 5492
(-0.0296147 0.0092658 0.576063) 5460
(-0.0170157 0.0194697 0.577922) 6609
(-0.0297559 -0.00871699 0.576503) 5476
(-0.0286784 -0.0113967 0.576629) 5483
(-0.0203677 -0.0205681 0.577029) 6002
(-0.0234321 -0.0202336 0.576947) 5491
(-0.0266531 -0.00898631 0.577797) 5475
(-0.0249124 -0.00860096 0.578506) 5474
(-0.0299638 -6.5624e-05 0.577865) 5467
(-0.0306266 -0.013648 0.575465) 5484
(-0.032476 -0.0084302 0.575799) 5477
(-0.0302294 0.00673017 0.576342) 5460
(-0.0309398 -0.00433082 0.575362) 5476
(-0.0298664 -0.00836242 0.576504) 5476
(-0.00389769 -0.0240044 0.578634) 6017
(-0.0196959 -0.0214971 0.577204) 6002
(-0.0297984 0.00235876 0.576331) 5467
(-0.0243187 -0.0170267 0.576847) 5491
(-0.00272119 -0.0238906 0.578696) 6025
(-0.0298103 -0.00278135 0.576516) 5467
(-0.0291045 -0.00485701 0.577605) 5475
(-0.0288402 -0.00783985 0.577417) 5475
(-0.0316969 -0.00378237 0.575298) 5476
(-0.0324445 -0.0085191 0.575334) 5477
(-0.0209226 -0.0247832 0.575892) 6004
(-0.0292226 -0.00917324 0.576589) 5475
(-0.0278671 -0.00973789 0.576621) 5475
(-0.0253379 0.0114172 0.577536) 5450
(-0.0295366 -0.00733389 0.577636) 5475
(-0.0259573 -0.0137396 0.57796) 5483
(-0.0294196 -0.0048783 0.577547) 5475
(-0.0134903 -0.0234348 0.577803) 6010
(-0.0294378 -0.000937908 0.577227) 5467
(-0.0253668 0.00654544 0.577883) 5458
(-0.0279424 0.00399531 0.57656) 5459
(-0.014217 -0.0244073 0.577607) 6010
(-0.0253954 0.00126644 0.578431) 5466
(-0.0260678 -0.000486997 0.578601) 5466
(-0.0302743 0.00577295 0.575955) 5460
(-0.0214223 -0.0241589 0.575469) 6004
(-0.0260128 -0.0204536 0.575794) 5492
(-0.011856 0.0196769 0.578153) 6600
(-0.0246782 -0.0179626 0.576581) 5491
(-0.00549341 -0.0244146 0.577902) 6018
(-0.00437004 -0.0241923 0.578776) 6017
(-0.0296632 -0.0067186 0.577221) 5475
(-0.0293525 -0.00789163 0.577317) 5475
(-0.0168497 0.0186526 0.577754) 6609
(-0.0262157 -0.00961959 0.576583) 5482
(-0.0192231 -0.020654 0.57728) 6002
(-0.0261349 0.00982799 0.576453) 5450
(-0.0212828 -0.0194632 0.577593) 5490
(-0.0280953 0.0021428 0.577479) 5467
(-0.0252092 -0.00698206 0.579355) 5474
(-0.0328318 -0.00976075 0.57409) 5477
(-0.0120966 0.0191924 0.577782) 6600
(-0.0195862 -0.0214115 0.576784) 6002
(-0.0231503 0.0124477 0.578049) 5450
(-0.0233844 -0.0153192 0.576723) 5490
(-0.026566 0.0109448 0.576069) 5451
(-0.0298103 -0.00640367 0.57695) 5475
(-0.0276469 -0.00879652 0.577045) 5475
(-0.0130898 -0.0242498 0.577769) 6010
(-0.025474 -0.00583733 0.579273) 5474
(-0.0156516 -0.0243095 0.575896) 6011
(-0.0155351 -0.022462 0.577446) 6002
(-0.0209854 0.0146208 0.577059) 5441
(-0.0287057 -0.00629037 0.576973) 5475
(-0.0291756 -0.00722085 0.577177) 5475
(-0.0283087 -0.00627313 0.576931) 5475
(-0.0274219 -0.00375587 0.576621) 5474
(-0.0295631 -0.00443109 0.577132) 5475
(-0.00270458 -0.0234854 0.578037) 6025
(-0.0260847 -0.0109365 0.576946) 5483
(-0.0272213 -0.00680488 0.577892) 5475
(-0.0322427 -0.0036685 0.573303) 5468
(-0.0185059 -0.0231677 0.576168) 6003
(-0.0114536 0.0189182 0.578079) 6600
(-0.0254118 -0.0187074 0.575316) 5492
(-0.0144829 -0.0231922 0.576417) 6010
(-0.0245736 -0.0187239 0.575957) 5491
(-0.0280692 -0.0110779 0.575716) 5483
(-0.0288317 0.00684344 0.576347) 5459
(-0.00209681 -0.0236871 0.578215) 6025
(-0.00558205 -0.0245033 0.578593) 6018
(-0.0226497 -0.0140937 0.577085) 5482
(-0.0273841 -0.00656111 0.577595) 5475
(-0.0259329 0.00397993 0.57678) 5458
(-0.0269095 -0.00577912 0.577963) 5474
(-0.0140652 -0.02315 0.577208) 6010
(-0.0158925 -0.0219727 0.577968) 6002
(-0.0264163 -0.00530722 0.57817) 5474
(-0.0303736 -0.0115021 0.572494) 5484
(-0.0142307 -0.0228773 0.576239) 6010
(-0.015939 -0.0213313 0.578061) 6002
(-0.0208618 0.0149438 0.576717) 5441
(-0.0120541 -0.0233337 0.577936) 6010
(-0.022332 -0.0161317 0.577119) 5490
(-0.0206085 0.0143307 0.576444) 5441
(-0.0290689 -0.00751989 0.576771) 5475
(-0.0283694 -0.00590172 0.576667) 5475
(-0.00267718 -0.0232376 0.577605) 6025
(-0.0238394 -0.00664336 0.579008) 5473
(-0.0287304 -0.0110927 0.5741) 5483
(-0.0311062 -0.00396241 0.573435) 5476
(-0.0300433 -0.00887691 0.572929) 5476
(-0.022064 0.01223 0.577049) 5449
(-0.0297861 -0.00749664 0.573885) 5476
(-0.0236434 -0.0173876 0.575843) 5491
(-0.0289907 -0.00691184 0.57536) 5475
(-0.022422 -0.0161248 0.577059) 5490
(-0.0220039 -0.0151476 0.576688) 5490
(-0.0252434 0.0111947 0.576113) 5450
(-0.00489294 -0.0234445 0.578357) 6017
(-0.0285495 -0.00393427 0.575503) 5475
(-0.0269616 -0.00761751 0.576921) 5475
(-0.0280421 3.52151e-05 0.576785) 5467
(-0.0203402 -0.0181027 0.577784) 5490
(-0.0189418 -0.0198432 0.576691) 6002
(-0.0206837 -0.0177526 0.577425) 5490
(-0.0306032 0.000689061 0.57243) 5468
(-0.0288141 0.00343467 0.573873) 5459
(-0.0246033 0.0107029 0.575512) 5450
(-0.014035 -0.0230672 0.576009) 6010
(-0.0137834 -0.0232635 0.576228) 6010
(-0.0295822 -0.00354555 0.574111) 5475
(-0.0154957 -0.0197838 0.577415) 6001
(-0.0114395 -0.022222 0.578076) 6009
(-0.0103843 -0.0222429 0.577935) 6009
(-0.0108631 -0.0224281 0.577923) 6009
(-0.0212066 -0.0171793 0.576915) 5490
(-0.0079818 -0.0239384 0.576887) 6017
(-0.00309539 -0.022928 0.577463) 6017
(-0.0175632 0.0159921 0.577305) 5440
(-0.0254277 0.0102061 0.575407) 5450
(-0.00356762 -0.0227839 0.577589) 6017
(-0.0120535 -0.023087 0.577483) 6010
(-0.0265097 -0.00500301 0.577793) 5474
(-0.0256082 -0.00629387 0.577879) 5474
(-0.0243887 0.00098404 0.578467) 5465
(-0.0240874 -0.00743719 0.578912) 5473
(-0.0105996 0.0173024 0.577692) 6599
(-0.0182416 -0.0214737 0.57525) 6002
(-0.0272109 -0.00979128 0.573758) 5475
(-0.0138001 -0.0228822 0.57604) 6010
(-0.0118412 -0.0220798 0.577662) 6009
(-0.0109544 -0.0219086 0.577766) 6009
(-0.0186178 -0.0192359 0.576143) 6001
(-0.0270863 -0.010037 0.571018) 5483
(-0.0280042 -0.00614 0.572261) 5475
(-0.0283647 -0.00624348 0.572831) 5475
(-0.0108858 -0.0214607 0.576598) 6009
(-0.00343423 -0.0222548 0.577291) 6017
(-0.0196812 0.01164 0.576224) 5448
(-0.0256222 -0.00467846 0.576283) 5474
(-0.0267617 -0.00460852 0.576269) 5474
(-0.0224696 -0.0119648 0.577612) 5481
(-0.0246673 0.00558365 0.576644) 5458
(-0.0240569 0.00337108 0.576511) 5457
(-0.0236072 -0.00601424 0.57873) 5473
(-0.0255551 -0.00272011 0.576591) 5466
(-0.0253528 -0.00385299 0.577645) 5474
(-0.0243767 -0.00199492 0.577897) 5465
(-0.0245649 -0.00150654 0.577903) 5465
(-0.0204598 0.0110087 0.573159) 5449
(-0.0254058 -0.0109553 0.573406) 5482
(-0.00908025 -0.0221697 0.576349) 6009
(-0.0151898 -0.0191581 0.576199) 6001
(-0.0190606 -0.0158369 0.576174) 5489
(-0.0276645 -0.000986109 0.573144) 5466
(-0.02757 -0.00253384 0.572169) 5466
(-0.0204433 -0.0157554 0.576338) 5489
(-0.0199062 -0.0132743 0.575979) 5489
(-0.0121453 -0.0214532 0.576221) 6009
(-0.0251041 0.00729796 0.572937) 5458
(-0.0267015 -0.00293603 0.573386) 5466
(-0.026042 0.00486481 0.57409) 5458
(-0.0037963 -0.0218807 0.576765) 6017
(-0.00351484 -0.0220182 0.576854) 6017
(-0.012627 -0.0221175 0.57662) 6009
(-0.0142536 -0.0197175 0.575813) 6001
(-0.0223305 0.00797731 0.575858) 5457
(-0.023829 -0.00526944 0.578029) 5473
(-0.0234559 -0.00646067 0.577784) 5473
(-0.0241199 -0.00315966 0.576373) 5473
(-0.0282615 0.00201395 0.567358) 5411
(-0.0207323 -0.0124072 0.575148) 5481
(-0.016455 -0.0203177 0.573474) 6001
(-0.00895494 0.0162481 0.576962) 6599
(-0.027281 -0.000735795 0.57122) 5466
(-0.0086322 -0.0219721 0.575238) 6009
(-0.0139563 -0.0203318 0.574459) 6001
(-0.027075 -0.00180682 0.571503) 5466
(-0.0117917 -0.0207615 0.575467) 6009
(-0.0216028 -0.010901 0.576626) 5481
(-0.024098 -0.00546751 0.575878) 5473
(-0.014389 -0.0203582 0.576132) 6001
(-0.0232544 -0.00527299 0.577472) 5473
(-0.0282375 -0.00555063 0.564439) 5419
(-0.0094767 -0.0204928 0.573218) 6008
(-0.00963472 0.0156409 0.575145) 6599
(-0.0277093 -0.000117277 0.566808) 5411
(-0.019059 0.011779 0.570737) 5392
(-0.0210018 -0.0148151 0.572355) 5489
(-0.0158704 -0.0191249 0.571356) 6001
(-0.0122137 0.0158257 0.575555) 6607
(-0.0264684 -0.00201819 0.570627) 5410
(-0.0256344 -0.0023588 0.569692) 5410
(-0.0266628 -0.00346029 0.570817) 5418
(-0.026081 -0.00298604 0.570704) 5410
(-0.0252843 -0.00552406 0.571023) 5474
(-0.0218608 -0.0114609 0.573065) 5481
(-0.00454831 -0.0215946 0.575464) 6016
(-0.0037793 -0.021474 0.575399) 6016
(-0.0244997 -0.00676774 0.573942) 5474
(-0.0245036 -0.00679388 0.573876) 5474
(-0.0180771 0.0114305 0.573187) 5448
(-0.00222389 -0.0216829 0.574771) 6024
(-0.0185039 -0.0163349 0.575205) 5489
(-0.022806 -0.00452989 0.57712) 5473
(-0.0231211 -0.00445058 0.577321) 5473
(-0.0285673 -0.000757551 0.562943) 5411
(-0.0249454 -0.0093667 0.567898) 5426
(-0.0103472 -0.0209762 0.571356) 6009
(-0.0158979 0.0144065 0.571991) 5439
(-0.0261398 -0.0041358 0.567437) 5418
(-0.0202089 -0.0150735 0.573286) 5489
(-0.0166332 0.0137867 0.57228) 5439
(-0.0196261 -0.0139906 0.57315) 5489
(-0.00402645 -0.0213737 0.574504) 6016
(-0.00401355 -0.0213238 0.57443) 6016
(-0.00310959 -0.0214073 0.574502) 6016
(-0.00494781 -0.0212809 0.574335) 6016
(-0.0234373 -0.00513097 0.572466) 5473
(-0.0227728 -0.00542136 0.575194) 5473
(-0.018317 -0.0152986 0.573989) 5488
(-0.0223241 -0.00269568 0.573756) 5465
(-0.00905336 -0.0210902 0.5724) 6009
(-0.00853894 -0.0214556 0.573689) 6009
(-0.0215102 -0.00608229 0.575088) 5473
(-0.022425 -0.00325247 0.574992) 5473
(-0.0223628 0.00141569 0.576533) 5465
(-0.0261336 0.00314219 0.565435) 5402
(-0.0231032 0.00780763 0.567907) 5401
(-0.00288544 -0.021369 0.573458) 6016
(-0.0167814 -0.0168084 0.571441) 6000
(-0.00375639 -0.0212512 0.573332) 6016
(-0.00248885 -0.021357 0.573315) 6024
(-0.0234994 -0.00539339 0.571451) 5473
(-0.0120462 -0.0206449 0.572306) 6009
(-0.0139303 -0.0184302 0.573382) 6000
(-0.00862269 -0.0210222 0.571961) 6009
(-0.0120983 -0.0206768 0.572356) 6009
(-0.0213045 -0.00706888 0.575081) 5473
(-0.0220436 -0.00417576 0.576159) 5473
(-0.0219033 -0.00444653 0.576219) 5473
(-0.00817267 0.0151973 0.572803) 6598
(-0.0124438 0.0149769 0.570846) 6551
(-0.00832752 -0.0207782 0.57065) 5952
(-0.00951402 -0.0206401 0.570415) 5952
(-0.0216789 -9.13571e-05 0.574693) 5464
(-0.0218692 -0.00342655 0.57414) 5473
(-0.0215571 4.49772e-05 0.575344) 5464
(-0.0245305 -0.00775769 0.564743) 5418
(-0.00946796 -0.0205169 0.569535) 5952
(-0.0139091 -0.0171858 0.571503) 6000
(-0.0144883 -0.0163722 0.570897) 5943
(-0.0230162 -0.00612965 0.569802) 5417
(-0.0187094 0.0108547 0.568543) 5392
(-0.0179056 0.012859 0.569218) 5384
(-0.00974873 -0.0205184 0.56952) 5952
(-0.0209389 -0.00784166 0.573495) 5472
(0.0167031 -0.00796151 0.549902) 527
(0.0158079 -0.00710733 0.553509) 583
(-0.0253737 -0.000810942 0.562249) 5410
(-0.0254645 -0.00280558 0.563261) 5410
(-0.0152121 -0.0171875 0.5676) 5944
(-0.00336839 -0.0209757 0.571314) 6016
(-0.0240107 -0.00495075 0.565644) 5417
(-0.0181819 -0.0123706 0.570318) 5432
(-0.00295054 -0.0208938 0.571227) 6016
(-0.0236449 -0.00397098 0.567422) 5417
(-0.0200117 -0.00948001 0.571651) 5480
(-0.0224907 0.00189373 0.569141) 5409
(-0.00995916 -0.0204413 0.568264) 5952
(-0.0211336 0.00246635 0.571538) 5464
(-0.0215991 -0.00162908 0.574237) 5464
(-0.0255466 0.0059153 0.559019) 930
(-0.0262208 -0.00478158 0.559699) 946
(-0.0251444 -0.0028737 0.562279) 5410
(-0.022492 -0.00961369 0.564392) 5425
(-0.0251123 -0.0014173 0.562597) 5410
(-0.0236084 -0.00878588 0.564174) 5425
(-0.0256371 -0.00288151 0.561715) 5410
(-0.0104959 -0.0195435 0.568512) 5952
(-0.012855 -0.0166552 0.568169) 5943
(-0.0140649 -0.015764 0.568178) 5943
(-0.00703168 -0.0200975 0.568613) 5960
(-0.0028679 -0.0201079 0.568844) 5960
(-0.0182158 0.0113898 0.564369) 5392
(-0.0029337 -0.0201399 0.568839) 5960
(-0.0216885 -0.00715121 0.566848) 5417
(-0.0235599 -0.00498778 0.565422) 5417
(-0.010221 -0.0203061 0.566252) 5952
(-0.0221811 0.00325473 0.56773) 5401
(-0.0102471 -0.0195745 0.568598) 5952
(-0.0102891 -0.0202679 0.566231) 5952
(-0.0212421 -0.00334568 0.572383) 5472
(-0.0263221 0.000493452 0.558762) 938
(-0.00662914 0.0146964 0.567234) 6542
(-0.0185799 -0.0118384 0.565475) 5424
(-0.0186342 -0.0117704 0.565122) 5424
(-0.00973591 -0.0186179 0.567264) 5952
(-0.0146339 -0.015431 0.566481) 5943
(-0.0136994 -0.0159679 0.568175) 5943
(-0.0143355 -0.0156017 0.567495) 5943
(-0.0127711 -0.0192373 0.566169) 5952
(-0.0102613 -0.0186089 0.567644) 5952
(-0.0240281 -0.00143854 0.563853) 5409
(-0.0212546 -0.00700345 0.565557) 5416
(-0.0113667 -0.0183557 0.567535) 5952
(-0.0185713 -0.0133466 0.566121) 5432
(-0.017823 0.0123442 0.56411) 5384
(-0.0172085 -0.0124121 0.567472) 5431
(-0.0158623 -0.0154099 0.568317) 5431
(-0.0202458 -0.00351377 0.571079) 5472
(-0.0268171 1.34568e-05 0.555096) 938
(-0.021557 0.00915163 0.558177) 921
(-0.0254118 0.00489831 0.556691) 930
(-0.010261 -0.0201828 0.561742) 5952
(-0.014277 -0.0153388 0.565525) 5943
(-0.00911256 -0.0193498 0.565103) 5952
(-0.0177688 -0.0120553 0.565605) 5432
(-0.00948158 -0.0184105 0.566515) 5952
(-0.014154 -0.0153031 0.565257) 5943
(-0.00936675 -0.0179306 0.565432) 5951
(-0.0163574 -0.0133211 0.564864) 5431
(-0.0219903 -0.0069036 0.562132) 5417
(-0.00350523 -0.0184707 0.56587) 5959
(-0.0141092 -0.0153264 0.56418) 5943
(-0.00277097 -0.0192475 0.566998) 5960
(-0.00343855 -0.0186991 0.566505) 5959
(-0.0149073 0.0143835 0.562643) 5383
(-0.0209404 0.00713528 0.562271) 5400
(-0.00438873 -0.018537 0.565661) 5959
(-0.0222513 -0.0031312 0.564538) 5417
(-0.00977958 -0.0191627 0.565728) 5952
(-0.0165244 -0.01313 0.565196) 5431
(-0.0117832 -0.0171213 0.565993) 5943
(-0.0198159 -0.00475893 0.570453) 5416
(-0.0267977 -0.000116381 0.55508) 938
(-0.0103103 0.0148736 0.562424) 6542
(-0.0135974 -0.016885 0.560864) 1247
(-0.0108394 -0.0204683 0.559307) 1257
(-0.0181724 0.0113051 0.557629) 920
(-0.0170978 -0.0133304 0.562535) 5432
(-0.0099597 -0.0197273 0.562368) 5952
(-0.0227071 -0.00860533 0.558395) 953
(-0.0245512 -0.00378932 0.557846) 945
(-0.00987573 -0.0199125 0.561145) 5952
(-0.0227788 -0.0051931 0.559893) 945
(-0.00989506 -0.0173599 0.564008) 5951
(-0.00941394 -0.0176218 0.564513) 5951
(0.0161205 -0.00598448 0.549685) 535
(-0.00248376 -0.0186562 0.563401) 5959
(-0.00238682 -0.018878 0.563526) 5967
(-0.00991711 -0.0179477 0.565588) 5952
(-0.0179772 0.0098954 0.561671) 5392
(-0.0168995 -0.0114516 0.563538) 5423
(-0.0202176 0.00628952 0.562384) 5400
(-0.00743058 -0.0193138 0.561909) 5960
(-0.0154182 -0.0143445 0.564536) 5431
(-0.0165422 -0.0121319 0.564104) 5431
(-0.0201024 -0.00199035 0.566909) 5408
(-0.0192888 0.000568628 0.567368) 5408
(-0.0286617 -0.000281539 0.549337) 883
(0.0185655 -0.00657019 0.542397) 536
(-0.0274951 -0.00116839 0.550482) 882
(0.0172505 -0.00615778 0.546183) 535
(0.0173698 -0.00606014 0.545063) 535
(-0.0108121 -0.0201345 0.557279) 1256
(-0.00998829 -0.0198584 0.560679) 1256
(-0.00994201 -0.0197309 0.56033) 1256
(-0.0106738 -0.0169361 0.56298) 5951
(-0.00444868 -0.0180501 0.562976) 5959
(-0.00892575 -0.0172067 0.562003) 5951
(-0.0220882 -0.00553401 0.559751) 945
(-0.0236566 -0.00157629 0.556458) 937
(-0.0240508 -0.00422463 0.556679) 945
(-0.00314832 -0.0181529 0.562077) 5959
(-0.00344293 -0.0180599 0.563418) 5959
(-0.0206763 -0.00691688 0.561966) 5416
(-0.00252548 -0.018509 0.56194) 5959
(-0.0185342 -0.00706302 0.565884) 5416
(-0.0208472 -0.00254078 0.563169) 5408
(-0.0203292 -0.00386231 0.564059) 5416
(-0.0204803 -0.00235292 0.563494) 5408
(-0.0190606 -0.00181496 0.566497) 5408
(-0.0262932 -0.000226391 0.551413) 938
(-0.0108499 -0.0200119 0.556784) 1256
(-0.0103355 -0.0167406 0.561185) 5951
(-0.0194486 0.0101187 0.555469) 920
(-0.0170972 -0.0134078 0.559649) 960
(-0.0236269 -0.00138835 0.555804) 937
(-0.00388992 -0.0179606 0.561467) 5959
(-0.0204419 -0.00616124 0.560644) 944
(-0.0205401 -0.00589812 0.560193) 944
(-0.0142112 -0.016867 0.557273) 1248
(-0.020521 -0.00569662 0.560747) 944
(-0.0188815 0.0101042 0.556776) 920
(-0.0167426 0.0121791 0.557429) 911
(-0.0182064 -0.00945893 0.560963) 952
(-0.0205075 -0.00769246 0.558986) 944
(-0.0120954 -0.0164672 0.55936) 1247
(-0.0148853 0.0122549 0.558645) 910
(-0.0192424 -0.00891657 0.561519) 5424
(-0.0202529 -0.00328032 0.562734) 5416
(-0.0200903 -0.000531956 0.562941) 5408
(-0.0192982 -0.00023847 0.56448) 5408
(-0.0200481 -0.00318136 0.56193) 5416
(-0.0199509 -0.000370746 0.562358) 5408
(-0.0274282 -0.00341832 0.547664) 890
(-0.00870554 0.0147546 0.557798) 1622
(0.0156389 -0.00557701 0.546965) 534
(-0.0168772 -0.0142164 0.555462) 960
(-0.0231622 -0.00641395 0.552397) 945
(-0.0246397 0.000250004 0.552338) 937
(-0.00973592 -0.0196533 0.556709) 1256
(-0.0164972 -0.0123372 0.558871) 959
(-0.0136039 -0.0155334 0.558773) 1247
(-0.0207269 -0.00689094 0.557411) 944
(-0.0189483 0.0122725 0.550854) 864
(-0.0231314 -0.00326297 0.5561) 945
(-0.0145383 -0.0147561 0.559192) 1247
(-0.00887745 -0.0168794 0.559257) 1255
(-0.0102855 -0.0194144 0.554811) 1256
(-0.0102207 -0.019418 0.555281) 1256
(-0.0211595 0.00287455 0.556549) 928
(-0.0202716 -0.00385991 0.559413) 944
(-0.0199424 0.00165901 0.560305) 936
(-0.0197159 -6.34601e-05 0.560603) 936
(0.0197733 -0.00587063 0.53538) 480
(-0.0288369 -0.00229993 0.543666) 883
(-0.0264601 0.00133031 0.546809) 882
(0.0155506 -0.00553948 0.545819) 534
(-0.0248228 0.00823567 0.547167) 874
(-0.0262893 -0.00311754 0.547357) 882
(-0.0248112 0.00603014 0.548665) 874
(0.0156647 -0.00564172 0.545625) 534
(-0.0219166 -0.00827426 0.552495) 953
(-0.0250975 -0.000384378 0.548727) 882
(-0.0248665 -0.000362614 0.549092) 882
(-0.0248383 -0.00365345 0.549582) 890
(-0.014503 -0.0145111 0.556542) 1246
(-0.00375401 -0.0176542 0.557375) 1263
(-0.019266 0.0123057 0.54901) 864
(-0.0097271 -0.0192976 0.553088) 1256
(-0.0147399 -0.0144474 0.556161) 959
(-0.0029448 -0.0180703 0.556738) 1263
(-0.0236641 0.00163309 0.551669) 937
(-0.0173012 0.0110334 0.554803) 919
(-0.0178961 -0.00898873 0.558729) 951
(-0.0193575 0.00692818 0.555929) 928
(-0.0121026 -0.016558 0.555738) 1247
(-0.019251 0.000365562 0.559539) 936
(-0.0194293 0.000448456 0.559866) 936
(-0.0189279 0.0010366 0.560209) 936
(0.0198532 -0.00569096 0.53499) 480
(-0.0254832 0.00145831 0.545893) 882
(-0.0139864 0.014603 0.552559) 1630
(-0.0102634 -0.0161449 0.554876) 1255
(-0.0146441 -0.0150205 0.555283) 1247
(-0.0139613 0.0146904 0.552195) 1631
(-0.0163034 -0.0119073 0.554495) 959
(-0.0136409 -0.0152979 0.555874) 1247
(-0.00306574 -0.0179268 0.554804) 1263
(-0.00721306 -0.0185483 0.552727) 1264
(-0.0099823 -0.0161741 0.555076) 1255
(-0.0177165 -0.00914104 0.556236) 951
(-0.0100896 -0.0161756 0.555187) 1255
(-0.0184005 -0.0130238 0.551786) 960
(-0.0202403 0.00659371 0.553048) 928
(-0.0198962 -0.00741929 0.555586) 944
(-0.0207745 -0.000343923 0.554888) 936
(-0.0185912 -0.00498234 0.557928) 943
(-0.0201736 -0.00319694 0.55671) 944
(-0.0200479 -0.000500347 0.557256) 936
(-0.0190402 3.31248e-06 0.558973) 936
(-0.0162703 -0.0120305 0.554925) 959
(-0.0188131 -0.00390258 0.557934) 944
(0.0162974 -0.00464841 0.540004) 479
(-0.0114659 0.0144774 0.550737) 1574
(-0.00705275 0.0149032 0.554036) 1622
(-0.0176316 0.0145216 0.546557) 856
(-0.0253957 0.000304126 0.545031) 882
(0.016013 -0.00510636 0.541685) 535
(0.0162094 -0.00497174 0.540941) 479
(-0.00932879 -0.019124 0.549736) 1200
(-0.0160122 -0.0159931 0.549045) 903
(-0.018368 -0.0112535 0.55128) 952
(-0.0223612 -0.0054021 0.548599) 889
(-0.015894 -0.0125938 0.552295) 959
(-0.0117747 -0.0164777 0.552799) 1247
(-0.00850983 -0.0172813 0.553024) 1255
(-0.00994772 -0.0160029 0.553296) 1255
(-0.00994777 -0.0160189 0.553514) 1255
(-0.0237353 -0.00395182 0.547306) 889
(-0.0101014 -0.0159968 0.553636) 1255
(-0.012031 -0.0162267 0.551753) 1247
(-0.0101729 -0.016079 0.554061) 1255
(-0.0103191 -0.0159697 0.553216) 1255
(-0.0204695 0.006615 0.550427) 872
(-0.0199019 -0.00677967 0.553309) 944
(-0.0196219 -0.00732409 0.554396) 944
(-0.0100553 -0.0160518 0.553881) 1255
(-0.0166223 -0.0108257 0.553482) 951
(-0.0146299 -0.0132457 0.555063) 958
(-0.0197727 -0.00401 0.553512) 944
(-0.0204004 0.000796939 0.552961) 936
(-0.0187316 -0.00425386 0.557144) 944
(-0.0201535 -0.00210625 0.553866) 936
(-0.018973 -0.000784678 0.555805) 936
(-0.0194288 0.00196066 0.555295) 936
(0.0198662 -0.00468813 0.533228) 480
(0.0162573 -0.00472753 0.539602) 479
(-0.0253368 3.80267e-05 0.542992) 882
(0.0160394 -0.00466993 0.539705) 479
(-0.00507575 0.0150149 0.552315) 1614
(-0.0252254 -0.00146641 0.544565) 882
(-0.0251335 -0.000815138 0.544729) 882
(-0.0236458 0.00127264 0.546848) 881
(-0.0185464 -0.0137825 0.546798) 904
(-0.00945743 -0.0160118 0.552759) 1255
(-0.00310548 -0.0178074 0.551336) 1263
(-0.00937674 0.0150523 0.55053) 1566
(-0.00959468 -0.0160724 0.550798) 1199
(-0.0182877 -0.0113179 0.548961) 896
(-0.0113675 -0.0165652 0.550095) 1191
(-0.0188514 0.0106832 0.54733) 864
(-0.021316 -0.000102911 0.550233) 880
(-0.021352 -0.00108453 0.550717) 880
(-0.0205672 -0.00104442 0.550766) 880
(-0.00964734 -0.0159405 0.552121) 1255
(-0.0199321 -0.00376576 0.553523) 944
(-0.0198334 -0.00615555 0.551757) 944
(-0.0199853 -0.00285153 0.552766) 944
(-0.0163956 -0.011394 0.552434) 959
(-0.028836 0.00118952 0.53794) 827
(0.0160227 -0.00463102 0.539315) 479
(0.0156454 -0.00481104 0.539684) 478
(-0.0239837 0.0108672 0.540185) 810
(0.015992 -0.00465765 0.539246) 479
(-0.0263842 -0.00446755 0.540905) 834
(-0.0172632 -0.0150651 0.546681) 904
(-0.0145078 -0.0141577 0.550117) 902
(-0.0246503 -0.00348939 0.543001) 889
(-0.0202817 0.0130603 0.541737) 865
(-0.023898 -0.00372417 0.544012) 889
(-0.00558096 -0.017973 0.549913) 1207
(-0.00994925 -0.0157862 0.55086) 1199
(-0.00390807 -0.0174296 0.551281) 1263
(-0.0181047 -0.0082923 0.552096) 951
(-0.0206033 0.000834886 0.549436) 880
(-0.0097669 -0.0158457 0.551168) 1255
(-0.00962152 -0.0157887 0.55089) 1199
(-0.0101141 -0.0157164 0.550139) 1199
(-0.0161336 -0.0115909 0.551085) 903
(-0.0194609 -0.00144414 0.551518) 936
(-0.0199783 -0.00256194 0.550175) 888
(-0.00996549 -0.0158489 0.551239) 1255
(-0.0186947 -0.00395252 0.552156) 943
(-0.0270158 0.00120173 0.538807) 826
(0.0157367 -0.00442642 0.538722) 478
(-0.0255551 0.00227564 0.53927) 826
(-0.0253805 0.000628141 0.541027) 826
(-0.0251015 0.000428579 0.541342) 882
(-0.0100702 0.0152508 0.545948) 1567
(-0.0160218 0.0160341 0.541969) 1575
(-0.00978197 -0.0154524 0.548711) 1199
(-0.0035547 -0.0175294 0.549064) 1207
(-0.015942 -0.0122625 0.548386) 903
(-0.00346212 -0.0175731 0.548954) 1207
(-0.00264054 -0.0179571 0.548891) 1207
(-0.00300055 -0.0177848 0.548051) 1207
(-0.00306709 -0.0177504 0.547769) 1207
(-0.0194652 -0.00712191 0.547277) 888
(-0.00933334 -0.0156711 0.549563) 1199
(-0.0090754 -0.0158244 0.550113) 1199
(-0.020148 0.00078275 0.548541) 880
(-0.0187891 0.00109874 0.551311) 935
(0.0158826 -0.00425429 0.5374) 479
(0.0158954 -0.0042028 0.536794) 479
(-0.0211182 -0.00808294 0.542621) 896
(-0.00969537 -0.0155394 0.547175) 1199
(0.0158154 -0.00413577 0.537278) 479
(-0.00422723 -0.0173446 0.54815) 1207
(-0.0122041 0.0152294 0.542505) 1575
(-0.0165535 -0.0126701 0.544877) 903
(-0.00972455 -0.0155053 0.546739) 1199
(-0.0099818 -0.0156125 0.547207) 1199
(-0.00842918 -0.0164308 0.547216) 1199
(-0.00917764 -0.0154498 0.547889) 1199
(-0.0167887 0.0131901 0.543155) 855
(-0.00952134 -0.0153732 0.547795) 1199
(-0.00957195 -0.0156432 0.547408) 1199
(-0.00997929 -0.0154791 0.548035) 1199
(-0.0200582 0.000731948 0.546879) 880
(-0.0186704 -0.00372134 0.548081) 887
(0.015993 -0.00416939 0.53558) 479
(-0.0265455 -0.00408729 0.5372) 834
(-0.0250537 -0.00431995 0.537878) 834
(-0.00724513 -0.018636 0.543393) 1208
(-0.0135829 -0.0146318 0.545806) 1190
(-0.0200033 0.0128965 0.538083) 809
(-0.00342946 -0.0175864 0.54494) 1207
(-0.00943083 -0.0160436 0.545191) 1199
(0.0166898 -0.00459767 0.533757) 479
(-0.00320833 -0.0176914 0.544811) 1207
(-0.0147656 -0.0145389 0.545084) 903
(-0.00734565 -0.018776 0.543816) 1200
(-0.0207522 0.000260324 0.543804) 880
(-0.00963323 -0.0154745 0.546434) 1199
(-0.00965729 -0.01544 0.546253) 1199
(-0.0190258 0.00236631 0.546942) 880
(-0.0189107 0.00236027 0.546087) 880
(-0.0204195 0.00198428 0.545673) 880
(0.0160411 -0.00410084 0.534845) 479
(-0.00917574 0.0151585 0.543344) 1566
(-0.0234244 0.0109968 0.535438) 810
(-0.0256149 0.00307557 0.536269) 818
(-0.0256103 0.000682935 0.536471) 826
(-0.0209564 -0.00825374 0.539327) 840
(-0.00486511 0.0153564 0.544259) 1558
(0.0160489 -0.00408678 0.534581) 479
(-0.0159891 -0.0159417 0.54082) 847
(-0.0159364 -0.0122204 0.543924) 903
(-0.0172408 -0.0115772 0.542661) 895
(-0.00335331 -0.0176271 0.543431) 1207
(-0.015507 0.0147583 0.540453) 799
(-0.00466512 -0.017254 0.54364) 1207
(-0.0146117 -0.0146143 0.543867) 1191
(-0.0210034 -0.000261478 0.54218) 880
(-0.0210108 0.000210373 0.542621) 880
(-0.0100551 -0.015598 0.544667) 1199
(-0.0198581 -0.00206308 0.544278) 880
(0.0195085 -0.0048295 0.528574) 424
(0.0160751 -0.00403328 0.533845) 479
(-0.0157421 0.0165907 0.535473) 1520
(-0.00560465 0.0152043 0.540925) 1502
(-0.0255484 0.000919611 0.534854) 826
(-0.0253384 0.000561848 0.535378) 826
(-0.0262262 -0.00349782 0.534265) 834
(-0.0186938 -0.0127504 0.538256) 848
(-0.0244435 -0.00173641 0.536369) 825
(-0.0208844 -0.00848196 0.53935) 840
(-0.0203081 0.0122713 0.535498) 809
(-0.0179817 -0.0137637 0.538702) 848
(-0.00872999 0.0149979 0.541462) 1566
(-0.00959059 -0.0156183 0.543111) 1199
(-0.0127691 -0.0159004 0.540916) 1135
(-0.00367052 -0.0174666 0.541908) 1207
(-0.00832491 -0.0184903 0.539463) 1144
(-0.00280612 -0.0178521 0.541678) 1207
(-0.00278602 -0.0179161 0.542917) 1207
(-0.00555283 -0.0173395 0.54291) 1207
(-0.0195856 -0.00565618 0.542111) 888
(-0.0197157 -0.0082598 0.540247) 840
(-0.0160355 -0.0115015 0.542814) 903
(-0.0145961 -0.0131855 0.543622) 902
(-0.0209672 0.000291032 0.540741) 824
(-0.00990142 -0.0156537 0.543084) 1199
(-0.0202115 -0.00174585 0.541352) 880
(-0.0189761 -0.00504989 0.54421) 888
(-0.0187917 -0.00414324 0.543963) 888
(-0.0196649 0.00240429 0.542316) 880
(-0.0188873 0.00072025 0.543323) 879
(0.0197518 -0.00472466 0.526726) 424
(-0.0282932 -2.15454e-05 0.530471) 771
(-0.0249786 0.000893838 0.534246) 826
(-0.00511347 -0.017121 0.541017) 1151
(-0.0101412 -0.0156765 0.542027) 1199
(-0.0167696 -0.0124763 0.539009) 847
(-0.00324704 -0.0175474 0.540059) 1151
(-0.00356355 -0.0174585 0.540642) 1151
(-0.00583341 -0.0171688 0.541224) 1207
(-0.00399212 -0.0172886 0.541527) 1207
(-0.0129708 -0.0159049 0.540104) 1135
(-0.00867776 -0.0164942 0.541028) 1143
(-0.0231995 0.000154228 0.535739) 825
(-0.0220014 -0.00232886 0.538515) 825
(-0.0186286 0.00886527 0.538122) 808
(-0.0146274 0.0138648 0.539052) 798
(-0.0196034 -0.00839628 0.539643) 840
(-0.00995518 -0.0157607 0.540643) 1143
(-0.0209972 0.000342778 0.539523) 824
(-0.0207964 0.000461092 0.540007) 824
(-0.0188805 0.00054348 0.542147) 879
(0.0160864 -0.00299432 0.531141) 423
(-0.0262697 -0.00277517 0.53212) 826
(-0.0100542 0.0163651 0.535737) 1511
(0.016198 -0.00361161 0.530723) 423
(0.0161502 -0.00367218 0.530884) 423
(0.0159208 -0.00370663 0.532743) 479
(0.015945 -0.00334096 0.531988) 479
(-0.0243289 -0.00158388 0.534013) 825
(-0.00323164 -0.0175253 0.538837) 1151
(-0.0220804 0.0044774 0.53553) 817
(-0.0179689 0.0108648 0.536664) 808
(-0.0145296 -0.0145055 0.538971) 847
(-0.0176787 -0.0106787 0.53809) 839
(-0.0207894 0.000520512 0.537397) 824
(-0.0203499 0.00125149 0.538246) 824
(-0.0207118 -0.000264197 0.53853) 824
(-0.0207762 -0.000455778 0.538543) 824
(-0.00983762 -0.0157003 0.540103) 1143
(-0.0101406 -0.0156139 0.540982) 1143
(0.0208005 -0.00330785 0.523226) 424
(0.0201327 -0.00424019 0.524228) 424
(0.0164846 -0.00325789 0.529051) 423
(-0.0242627 0.000847831 0.533081) 825
(-0.0100479 -0.015347 0.539129) 1143
(-0.00321569 -0.017506 0.537657) 1151
(-0.00327714 -0.0173549 0.536898) 1151
(-0.00342592 -0.0172881 0.536872) 1151
(-0.0159626 -0.0122663 0.537298) 847
(-0.00980926 -0.0156333 0.539234) 1143
(-0.0155577 -0.0163882 0.533944) 1136
(-0.00280537 -0.017701 0.538035) 1151
(-0.00275234 -0.0176604 0.537152) 1151
(-0.00316022 -0.0175212 0.538049) 1151
(-0.00249673 -0.0179224 0.537837) 1151
(-0.0176604 -0.0107538 0.537468) 839
(-0.0150758 0.0146118 0.535484) 799
(-0.00709363 -0.0175216 0.538217) 1143
(-0.017737 0.0104092 0.536012) 807
(-0.00943292 -0.0157064 0.538274) 1143
(-0.0183301 -0.00707209 0.53767) 831
(-0.0205325 -0.00105039 0.537793) 824
(-0.0198237 0.000876204 0.537853) 824
(-0.0159697 -0.0117455 0.537264) 847
(-0.0236504 -0.00553417 0.530296) 777
(0.0162497 -0.00245618 0.529442) 423
(0.0157298 -0.0036078 0.529819) 422
(-0.00820528 0.0158457 0.533271) 1511
(-0.0129933 0.0166655 0.532532) 1519
(-0.00875986 -0.0170641 0.535238) 1143
(-0.0035771 -0.0170809 0.535815) 1151
(-0.0149404 -0.0136588 0.536022) 847
(-0.0184946 0.0123234 0.531524) 808
(-0.00966092 -0.015362 0.536642) 1143
(-0.00631572 -0.0165384 0.535875) 1151
(-0.021787 -0.000306063 0.532987) 824
(-0.0101093 -0.015123 0.537722) 1142
(-0.00808968 -0.0182971 0.534256) 1144
(-0.020815 -0.000229184 0.534525) 824
(-0.0208121 -0.0011336 0.533982) 824
(-0.018564 -0.00726704 0.535382) 840
(-0.0202921 0.000589634 0.536096) 824
(-0.0202043 0.00100306 0.536302) 824
(-0.0199152 0.00120898 0.535577) 824
(-0.0259685 0.00011844 0.527428) 770
(-0.00993901 -0.0158389 0.534705) 1143
(-0.0031167 -0.0172018 0.534439) 1151
(-0.00327378 -0.017072 0.533995) 1151
(-0.0208314 -0.00693147 0.531337) 832
(-0.0102965 -0.0153398 0.53467) 1143
(-0.00241951 -0.01773 0.533629) 1151
(-0.0010464 -0.0174733 0.534636) 1159
(-0.00503728 -0.0187859 0.532977) 1152
(-0.0221768 0.000783253 0.531447) 825
(-0.0194561 0.0043868 0.533912) 816
(-0.0155711 0.0134909 0.532468) 799
(-0.00653979 -0.0165128 0.534937) 1151
(-0.0164677 -0.0112027 0.534911) 839
(-0.0138439 -0.0168628 0.532163) 1135
(-0.01991 0.00197823 0.533849) 824
(-0.010194 -0.0153471 0.535096) 1143
(-0.0104769 -0.0149487 0.536203) 1134
(-0.0184999 0.00212324 0.534813) 823
(-0.0274957 -0.00252621 0.525874) 770
(0.0167213 -0.00271911 0.526469) 423
(0.0166591 -0.00260446 0.526311) 423
(-0.0260325 0.000377871 0.526439) 770
(-0.00570887 0.0162948 0.531434) 1503
(-0.0225267 -0.006662 0.528418) 777
(0.0166312 -0.00260526 0.526377) 423
(-0.0221529 0.0105039 0.527234) 753
(0.0157829 -0.00337225 0.528024) 422
(-0.0211665 -0.00811774 0.529591) 785
(-0.003288 -0.0168373 0.531911) 1151
(-0.00330822 -0.0169942 0.53278) 1151
(0.0168315 -0.00292699 0.52532) 423
(-0.00311439 -0.0169759 0.533101) 1151
(-0.00668968 -0.0199999 0.529224) 1096
(-0.0203236 0.00760106 0.52918) 760
(-0.0188755 0.0113421 0.52981) 752
(-0.0154373 -0.0147956 0.531164) 791
(-0.0163746 0.0134984 0.530432) 743
(-0.0124063 0.0158661 0.530527) 1463
(-0.0197462 -0.00867065 0.53015) 784
(-0.00597368 -0.0161024 0.533044) 1151
(-0.0206955 5.96873e-05 0.531169) 768
(-0.0200982 0.00241147 0.531733) 824
(-0.0202983 0.000492261 0.531498) 824
(-0.0145659 -0.013522 0.532499) 846
(-0.0200409 0.000504841 0.532022) 824
(-0.0162908 -0.0110632 0.532219) 839
(-0.0193131 0.000473473 0.533918) 824
(-0.0269548 0.00622464 0.523398) 762
(0.0169645 -0.00276298 0.524529) 423
(0.0168775 -0.00266511 0.524941) 423
(-0.0201646 -0.00984127 0.527825) 784
(-0.0068125 -0.020137 0.528078) 1096
(0.0170809 -0.00276097 0.52381) 423
(-0.0107464 -0.0154755 0.53235) 1135
(-0.00950823 -0.0178045 0.530383) 1087
(-0.0103936 -0.0151418 0.531771) 1142
(-0.020173 -0.000126776 0.531222) 768
(-0.0110984 0.0146088 0.53068) 1462
(-0.0199711 0.000102772 0.530231) 768
(-0.0292339 -0.00128524 0.521276) 715
(-0.0259997 -0.00312293 0.523621) 778
(-0.0182353 -0.0134575 0.526938) 792
(0.017088 -0.00272121 0.522076) 423
(-0.00658087 -0.02048 0.526653) 1096
(-0.0240422 0.00701937 0.524348) 761
(0.0166612 -0.00261244 0.523807) 423
(0.0156745 -0.00305948 0.525005) 422
(-0.0233416 0.00546027 0.525395) 761
(-0.00290824 -0.0175926 0.528288) 1095
(-0.00137825 -0.0173843 0.529766) 1103
(-0.00359952 -0.0165103 0.529538) 1095
(-0.0147016 -0.0144931 0.529127) 791
(-0.0180106 -0.00669937 0.528891) 775
(-0.0142332 -0.0160737 0.52752) 1079
(-0.0203264 0.000657298 0.529435) 768
(-0.0202542 0.00177612 0.528183) 768
(-0.0184377 0.00165295 0.5311) 767
(0.0192406 -0.00337084 0.519572) 368
(-0.0285334 0.00113866 0.521061) 715
(-0.0222324 0.0153404 0.520983) 690
(0.0170616 -0.00275251 0.521553) 423
(-0.0230641 0.0121981 0.522293) 754
(-0.00627605 -0.0204075 0.524848) 1096
(0.0156556 -0.00278872 0.523887) 422
(-0.00642573 -0.0204901 0.524892) 1096
(-0.0246868 -0.000971987 0.523379) 769
(-0.0234887 -0.00454234 0.523703) 777
(0.000242426 0.0150992 0.52812) 1438
(-0.0239208 -0.00242422 0.524899) 769
(-0.0227237 0.00541126 0.523993) 761
(-0.0029577 -0.0165801 0.528283) 1095
(-0.0021915 -0.0175204 0.526454) 1103
(-0.00686834 -0.0201028 0.524518) 1096
(-0.0176266 0.0104904 0.525947) 751
(-0.0163536 -0.0108319 0.527683) 783
(-0.0104432 -0.0149742 0.528846) 1078
(-0.0193777 -0.0061537 0.526761) 776
(-0.0204386 0.000371918 0.527203) 768
(-0.00979441 -0.0156484 0.528637) 1087
(-0.0192936 -0.00505359 0.526835) 776
(-0.0205084 0.000296984 0.52718) 768
(-0.0147243 -0.0122894 0.528611) 790
(-0.010894 -0.0156718 0.528608) 1079
(-0.0190358 -0.00475332 0.527296) 776
(-0.0198179 0.00185158 0.528121) 768
(-0.0188764 0.00142403 0.528375) 767
(-0.0258895 0.00884604 0.520231) 706
(0.0163056 -0.00246752 0.521078) 367
(-0.0218577 -0.00774381 0.523171) 777
(-0.0195499 -0.00963823 0.523717) 784
(-0.0243093 0.0020423 0.522467) 769
(-0.0240753 -0.00354766 0.522035) 777
(0.016758 -0.00251867 0.520617) 367
(-0.0066296 -0.0208428 0.522703) 1096
(0.0166618 -0.0024648 0.520282) 367
(0.0160184 -0.00225235 0.52218) 423
(-0.0181277 0.0145781 0.522899) 744
(-0.0191008 -0.0140071 0.521834) 792
(-0.0231861 -0.00234712 0.52356) 769
(-0.0051279 -0.020083 0.523398) 1096
(-0.00354399 -0.016311 0.526703) 1095
(-0.00298957 -0.0162717 0.525828) 1095
(-0.00163897 -0.0171436 0.526312) 1103
(-0.0133914 -0.0134681 0.526683) 1078
(-0.00198384 -0.0172664 0.526074) 1103
(-0.00349164 -0.0162576 0.525784) 1095
(-0.00621387 -0.0191651 0.52478) 1096
(-0.00648183 -0.0203251 0.523664) 1096
(-0.00992727 -0.0153342 0.527308) 1087
(-0.00804968 0.016519 0.523562) 1455
(-0.00625063 -0.0160593 0.526003) 1095
(-0.00977819 -0.0156549 0.525992) 1087
(-0.00977354 -0.015762 0.527175) 1087
(-0.00976435 -0.0158725 0.525376) 1087
(-0.0132542 -0.0162088 0.525468) 1079
(-0.00950801 -0.0162777 0.525311) 1087
(-0.00872959 -0.0180976 0.52391) 1087
(-0.0148915 -0.0122805 0.525951) 790
(-0.0202939 0.00214187 0.524614) 768
(-0.0147268 0.0127827 0.526316) 742
(-0.0164268 -0.0104207 0.525541) 783
(-0.0182046 -0.00397232 0.526831) 775
(-0.0186077 0.000116497 0.526588) 767
(-0.0183169 -5.45732e-06 0.526586) 767
(-0.0199523 0.0163398 0.519186) 689
(0.000115678 0.0153638 0.524785) 1438
(-0.0219088 0.00950015 0.520467) 697
(-0.0188136 0.0136307 0.521518) 744
(-0.0243662 -0.00101922 0.521209) 713
(-0.00890692 0.0179685 0.521854) 1455
(-0.0011287 -0.0168587 0.524429) 1103
(-0.000537514 -0.0165036 0.524628) 1103
(-0.000629764 -0.0165415 0.525059) 1103
(-0.00103773 -0.0168345 0.525323) 1103
(-0.000715363 -0.0165101 0.525001) 1103
(-0.000994058 -0.0164294 0.523882) 1103
(-0.00249497 -0.016511 0.524952) 1095
(-0.0196225 -0.00765476 0.522669) 784
(-0.00614642 -0.0162742 0.524085) 1095
(-0.0187471 -0.00834727 0.523331) 784
(-0.00805961 0.0164832 0.522683) 1455
(-0.00755054 0.0166492 0.522478) 1455
(-0.0100183 -0.0151813 0.524827) 1086
(-0.0184392 -0.00701235 0.524764) 775
(-0.0125321 -0.0160384 0.523485) 1079
(-0.0102255 -0.0147155 0.525824) 1086
(-0.0192121 -0.000386077 0.523443) 768
(-0.0183447 0.00233213 0.525536) 767
(-0.0190701 0.00147779 0.524524) 768
(0.0171952 -0.00241141 0.517869) 367
(-0.0161621 0.0185409 0.518475) 1409
(0.0170583 -0.00243024 0.518038) 367
(-0.0169627 -0.0161698 0.520281) 736
(-0.0234945 -0.00527342 0.519744) 721
(-0.0172631 -0.0158886 0.520375) 736
(-0.0248158 -0.00131363 0.518903) 714
(-0.00726725 -0.0211173 0.519539) 1040
(0.0171868 -0.00247884 0.517635) 367
(-0.000882411 -0.0161831 0.523509) 1103
(-0.000558807 -0.0161006 0.523015) 1103
(-0.0141196 0.0160211 0.52016) 1407
(-0.000869535 -0.0160145 0.523103) 1103
(-0.0105282 -0.0142864 0.524078) 1078
(-0.0184889 -0.00557572 0.523176) 775
(-0.0201217 0.00143311 0.52245) 768
(-0.0136098 0.0140331 0.522539) 1462
(-0.0197754 0.00273703 0.522093) 760
(-0.0102461 -0.0145189 0.524136) 1078
(-0.0292958 0.003382 0.515475) 715
(0.0177377 -0.00251339 0.516098) 367
(-0.0262625 0.00178315 0.516748) 714
(-0.0172714 0.0175736 0.517437) 1408
(-0.0217538 0.0103583 0.518286) 697
(-0.0205515 -0.00889111 0.519142) 728
(0.0164881 -0.00227518 0.518072) 367
(-0.0241341 0.000279337 0.517485) 713
(-0.00281191 -0.0181544 0.519616) 1039
(-0.0009049 -0.0156502 0.522166) 1102
(-0.000959878 -0.015832 0.522576) 1102
(-0.00714957 -0.0212636 0.518078) 1040
(-0.000513675 -0.0159165 0.521159) 1047
(-0.000908496 -0.0158325 0.521564) 1102
(-0.000796649 -0.0159845 0.52156) 1103
(-0.00107782 -0.016058 0.521478) 1103
(-0.00167779 -0.0166238 0.521645) 1103
(-0.00198853 -0.0175589 0.521766) 1103
(-0.00296361 -0.0163794 0.521234) 1039
(-0.00531234 -0.0205286 0.51867) 1040
(-0.00986023 -0.0154579 0.520851) 1031
(-0.00982429 -0.0154269 0.521236) 1031
(-0.0100568 -0.0151475 0.522021) 1086
(-0.0200989 0.00125966 0.52141) 768
(-0.0087951 -0.0169451 0.5212) 1031
(-0.0166581 0.0103066 0.520057) 695
(-0.00996607 -0.0147059 0.521967) 1086
(-0.0102683 -0.0151443 0.52132) 1030
(-0.008885 -0.0161439 0.521545) 1087
(-0.0165164 0.00990364 0.520466) 695
(-0.0107096 -0.0138717 0.521259) 1022
(-0.0147781 -0.0133732 0.520438) 735
(-0.0117341 -0.0141418 0.522008) 1078
(-0.0155925 0.0107778 0.52155) 743
(-0.0154668 -0.0106891 0.521337) 735
(-0.018868 -0.00249788 0.522093) 775
(-0.0239958 0.014661 0.515054) 698
(-0.0266924 0.00303016 0.515788) 714
(-0.0041443 0.0163274 0.519811) 1391
(-0.0256409 -0.0048042 0.515733) 722
(-0.0141082 0.0185441 0.516283) 1408
(-0.0230204 -0.00665388 0.517335) 721
(-0.0203214 0.0121851 0.516718) 697
(0.0172783 -0.00236218 0.516017) 367
(-0.0191389 0.0118391 0.5176) 696
(-0.013477 -0.0165156 0.518938) 1023
(-0.0229958 -0.00497258 0.517826) 721
(-0.000933101 -0.0158129 0.521091) 1046
(1.80589e-05 -0.0160749 0.519489) 1047
(-0.00122941 -0.0155572 0.520126) 1046
(-0.000648396 -0.0155126 0.519865) 1046
(-0.0015976 -0.0159851 0.519499) 1047
(-0.00196605 -0.016274 0.519517) 1047
(0.000952452 -0.0162165 0.519663) 1047
(-0.00114237 -0.0159496 0.520153) 1047
(-0.00575769 -0.020773 0.516726) 1040
(-0.0217992 0.00130303 0.517564) 712
(-0.00625488 -0.0162707 0.519614) 1039
(-0.0195984 -0.00503114 0.518693) 720
(-0.0102313 -0.0151362 0.519847) 1030
(-0.00883502 -0.0166764 0.519043) 1031
(-0.0203622 0.00232578 0.519166) 712
(-0.0094853 -0.0157315 0.520392) 1031
(-0.00781207 -0.0170796 0.519793) 1031
(-0.0104937 -0.0143963 0.520083) 1022
(-0.0199532 0.0024298 0.518918) 712
(-0.0104207 -0.0143569 0.520038) 1022
(-0.0182012 0.00240413 0.52069) 703
(-0.0291275 -0.00116791 0.513579) 715
(-0.0139298 0.019065 0.515411) 1408
(0.0176899 -0.00247735 0.513916) 367
(0.0175689 -0.00243714 0.514395) 367
(-0.0135377 -0.0165378 0.517141) 1023
(0.0171193 -0.00236309 0.514711) 367
(-0.0126985 -0.0172728 0.517214) 1024
(-0.0212534 -0.00862202 0.516148) 729
(-0.0230794 0.00515565 0.516117) 705
(-0.00029128 -0.0157916 0.519052) 1046
(-0.00228188 -0.0157022 0.519023) 1038
(-0.0007793 -0.0154996 0.517974) 1046
(-0.0013192 -0.0157892 0.51907) 1046
(-0.00304348 -0.0160688 0.518849) 1039
(0.00157611 -0.0153054 0.518221) 1046
(-0.00143373 -0.0156763 0.518589) 1046
(-0.00154104 -0.0155407 0.518036) 1046
(-0.00159877 -0.0160046 0.519034) 1047
(-0.0192072 0.0077 0.51649) 696
(-0.00823779 -0.0183385 0.516238) 1032
(-0.00987694 -0.0148835 0.518623) 1030
(-0.0179163 -0.00998101 0.517132) 728
(-0.00911717 -0.0159132 0.518101) 1031
(-0.0198707 0.00151102 0.518176) 712
(-0.0108893 -0.0138807 0.519075) 1022
(-0.00986159 -0.0147121 0.518453) 1030
(-0.0104592 -0.0138978 0.518561) 1022
(-0.00977251 -0.0148839 0.518348) 1030
(-0.00992677 -0.014596 0.518605) 1030
(-0.0105283 -0.0138458 0.518545) 1022
(-0.00976954 -0.014944 0.518466) 1030
(-0.00879138 -0.0168329 0.517448) 1031
(-0.0164995 -0.0103509 0.517093) 727
(-0.0289523 0.00333639 0.512902) 715
(0.0198324 -0.00203133 0.51189) 376
(-0.0121637 0.0190929 0.513432) 1400
(-0.0194822 -0.0136811 0.514009) 736
(-0.0178537 -0.0145892 0.515127) 736
(0.0159443 -0.00177709 0.514583) 375
(-0.00554362 -0.0204372 0.514026) 1040
(-0.000452331 -0.0157103 0.515987) 1046
(-0.0232604 -0.000440868 0.515191) 713
(-0.00370498 -0.0197694 0.515414) 1040
(-0.00241716 -0.0186707 0.515012) 1039
(-0.00352608 -0.0165411 0.516619) 1039
(-0.00125582 -0.0155031 0.517847) 1046
(-0.00119889 -0.0155324 0.51792) 1046
(-0.00524359 -0.0202444 0.514911) 1040
(-0.00155599 -0.0157783 0.517357) 1046
(-0.0014099 -0.0156281 0.516683) 1046
(-0.00587396 -0.0205486 0.514717) 1040
(-0.0205094 0.00284448 0.516193) 704
(-0.0217414 0.000701196 0.515876) 712
(-0.0196152 -0.00443421 0.515276) 720
(-0.00896247 -0.0159632 0.515332) 1031
(-0.00974021 -0.0142522 0.516122) 1030
(-0.00770154 -0.0168555 0.516493) 1031
(-0.00780862 -0.0168861 0.515446) 1031
(-0.00913815 -0.0158335 0.516635) 1031
(-0.0147402 0.0121695 0.516265) 686
(-0.00993094 -0.014126 0.516148) 1022
(-0.0176289 -0.000967262 0.516412) 711
(0.0219607 -0.00255951 0.509356) 321
(-0.0261277 0.0081281 0.511138) 650
(-0.0257318 0.000128147 0.511997) 714
(0.0160001 -0.00160032 0.512614) 375
(0.0156938 -0.00171049 0.513656) 374
(-0.0240357 -0.00216163 0.512451) 713
(0.0166588 -0.00217862 0.511993) 375
(-0.0113576 -0.0176233 0.512865) 1032
(-0.0238753 -0.00111585 0.51288) 713
(0.0158543 -0.00172564 0.513132) 374
(-0.00713563 0.0171053 0.514145) 1399
(-0.00402362 -0.0199447 0.513399) 1040
(0.016417 -0.00207599 0.512519) 375
(-0.00346198 -0.0165836 0.515204) 1039
(-0.00077392 -0.0156649 0.515547) 1046
(-0.00010899 -0.0160506 0.514673) 1047
(0.000878525 -0.0154106 0.515595) 1046
(-0.00265167 -0.0194163 0.513022) 1040
(-0.00125296 -0.0158252 0.51583) 1046
(0.00080282 -0.0161638 0.514942) 1047
(-0.00132759 -0.015802 0.515118) 1046
(-0.0126969 -0.0142729 0.515411) 1022
(-0.00611302 -0.020485 0.512581) 1040
(-0.012254 0.0158458 0.51363) 1407
(-0.0218094 0.000244231 0.513975) 712
(-0.00941842 -0.0154592 0.515328) 1031
(-0.00993095 -0.0140617 0.516049) 1022
(-0.00968933 -0.0141156 0.51551) 1030
(-0.0121649 -0.0130425 0.515831) 1022
(-0.00929428 -0.0155761 0.514359) 1031
(-0.0178272 -0.000245979 0.51556) 711
(-0.0173811 -0.00151714 0.515318) 711
(-0.0239832 0.013352 0.510754) 642
(-0.0195349 -0.0137809 0.511028) 681
(-0.0251313 -0.00491244 0.510473) 666
(-0.0171683 -0.0157178 0.511499) 680
(0.0176454 -0.00237184 0.510797) 311
(0.015936 -0.00162193 0.511647) 375
(-0.0181127 -0.0116899 0.512146) 728
(0.0159244 -0.00159542 0.511919) 375
(-0.000394984 -0.0156646 0.513147) 1046
(-0.00313175 -0.0196098 0.511638) 1040
(-0.0135048 0.0169726 0.511285) 1351
(-0.00533117 -0.0201841 0.511673) 1040
(-0.00135907 -0.0161279 0.513205) 1047
(-0.0133336 -0.0142424 0.512755) 1022
(-0.0167407 0.0145649 0.511547) 688
(-0.0179737 0.0117894 0.512744) 696
(-0.00587783 -0.0163223 0.51283) 1039
(-0.00927431 -0.0155706 0.513873) 1031
(-0.00759712 -0.01632 0.512425) 1031
(-0.0150439 -0.0104225 0.514001) 734
(-0.00912657 -0.0137564 0.513212) 1030
(-0.015006 -0.0109172 0.512748) 734
(-0.00909949 -0.0153417 0.513844) 1030
(-0.00904564 -0.0153492 0.513561) 1030
(-0.00896558 -0.0154993 0.512657) 1031
(-0.0203253 0.0168278 0.509307) 633
(0.0174432 -0.00230709 0.510049) 311
(0.0156263 -0.00124724 0.50997) 318
(0.0171943 -0.00215657 0.509374) 319
(-0.0249214 -0.00116813 0.509559) 658
(-0.012796 0.0185594 0.510825) 1352
(-0.00517007 -0.0202097 0.511134) 984
(0.0166898 -0.00202136 0.509561) 319
(-0.0215177 0.00819468 0.510901) 641
(0.000704454 -0.0159408 0.512382) 1047
(-0.0231127 0.00292113 0.510241) 649
(0.000479226 -0.0151234 0.511303) 990
(-0.00250267 -0.0191365 0.510632) 984
(-0.0180921 -0.0117633 0.510279) 672
(-0.00267456 -0.0156487 0.511806) 1038
(-0.00273074 -0.0159829 0.511515) 1039
(-0.00135927 -0.0151616 0.512355) 1046
(-0.0223167 0.00191104 0.510195) 657
(-0.0218821 0.00148152 0.510838) 657
(-0.0215456 0.00179806 0.510306) 656
(-0.00974619 -0.0137815 0.511332) 966
(-0.0121754 -0.0152181 0.511977) 1023
(-0.0078413 -0.0161257 0.511963) 1031
(-0.0105521 -0.0140402 0.51264) 1022
(-0.0141538 -0.0103403 0.51209) 734
(-0.0127439 -0.0110839 0.512015) 49
(0.0197982 -0.00194695 0.507648) 320
(0.0174741 -0.00224688 0.508414) 319
(0.0166956 -0.00194355 0.508594) 319
(0.016817 -0.00200871 0.508158) 319
(-0.00731564 -0.0213262 0.508535) 985
(-0.00963767 -0.0189338 0.509621) 976
(0.017679 -0.00234086 0.50814) 311
(0.0171449 -0.00214281 0.509022) 319
(0.0169057 -0.00208789 0.508311) 319
(0.0164612 -0.00189713 0.508941) 319
(-0.00318339 -0.0197364 0.50953) 984
(0.0160146 -0.00137938 0.508358) 319
(-0.0067887 -0.0206436 0.508649) 984
(0.00248883 -0.0149059 0.510899) 998
(-0.000562014 -0.0156748 0.510277) 990
(-0.0064802 -0.0206074 0.508266) 984
(-0.00640084 -0.0205506 0.50872) 984
(-0.0145207 -0.0133689 0.51079) 678
(-0.012674 0.0159533 0.510004) 1351
(-0.0223957 0.00181466 0.508696) 657
(-0.0216837 0.00118914 0.509797) 656
(-0.0209719 0.00225059 0.509927) 656
(-0.020465 0.00182987 0.510451) 656
(-0.0205091 0.00146806 0.510107) 656
(-0.00905189 0.0158593 0.510288) 1343
(-0.0169343 0.0101108 0.51024) 639
(-0.00720436 -0.0159334 0.510618) 975
(-0.00920211 -0.0136675 0.51136) 974
(-0.00879779 -0.015451 0.510899) 975
(-0.019003 0.00397978 0.509632) 648
(-0.015068 -0.0111615 0.510873) 678
(-0.0175283 -0.00187076 0.510961) 655
(-0.0288802 -0.00122075 0.506446) 659
(-0.00659762 0.0191383 0.507572) 1336
(-0.0254989 -0.00812728 0.50718) 666
(-0.023725 0.012298 0.507131) 642
(0.0203541 -0.00229986 0.506345) 320
(0.0195962 -0.00200274 0.506957) 320
(-0.0253474 0.00602082 0.506908) 650
(-0.0145283 0.0194111 0.507207) 1353
(0.0164877 -0.00180964 0.507423) 319
(0.0208016 -0.00281463 0.505866) 312
(-0.0216418 0.0112192 0.508077) 641
(-0.0168117 -0.0162942 0.507974) 680
(0.0167536 -0.00198365 0.50712) 319
(-0.00286828 -0.0176494 0.508925) 983
(-0.00721729 0.0179098 0.507572) 1343
(-0.00369315 -0.0201144 0.50753) 984
(0.0155723 -0.00101059 0.508153) 318
(-0.00649771 -0.0196752 0.507475) 984
(-0.000934896 -0.0148489 0.508534) 990
(-0.000809751 -0.0150137 0.508361) 990
(-0.021842 0.00138254 0.508162) 656
(-0.000836506 -0.0149608 0.508487) 990
(-0.000919488 -0.0150144 0.508255) 990
(-0.0166218 0.0110844 0.507931) 639
(-0.0158153 0.0125396 0.508978) 631
(-0.0194627 0.0083026 0.508305) 640
(-0.0186869 0.00959347 0.507979) 640
(-0.0214417 0.00216163 0.507897) 656
(-0.00474769 -0.0160157 0.507881) 983
(-0.0207275 0.000922576 0.507594) 656
(-0.017106 -0.0104929 0.509047) 671
(-0.0208562 -2.99164e-05 0.50866) 656
(-0.0187511 -0.00458793 0.508875) 664
(-0.011021 -0.0137318 0.508935) 966
(-0.0105286 -0.0132422 0.508661) 966
(-0.00783295 -0.0162903 0.509077) 975
(-0.00864554 -0.0155598 0.507924) 975
(-0.00810273 -0.0159859 0.508032) 975
(-0.00800038 -0.015961 0.509103) 975
(-0.0079567 -0.0159195 0.508884) 975
(-0.0233473 -0.0104024 0.505618) 673
(0.0204521 -0.00240379 0.505455) 320
(0.0204526 -0.00238098 0.505823) 320
(-0.00758299 0.0191153 0.507097) 1344
(0.0197969 -0.002064 0.505033) 320
(-0.0153269 0.0193693 0.505906) 1353
(0.0161657 -0.00143421 0.506531) 319
(0.0158342 -0.00108689 0.50574) 318
(0.019824 -0.00189576 0.506) 320
(-0.0172278 -0.0156206 0.505938) 680
(-0.0088441 -0.0193093 0.506632) 976
(-0.0119323 -0.0179947 0.506583) 976
(-0.0239643 -0.00549637 0.505834) 665
(0.0171091 -0.00202616 0.505661) 319
(-0.00357772 -0.0200714 0.506221) 984
(-0.0138222 -0.0169309 0.506031) 968
(0.0154199 -0.000843124 0.505866) 318
(0.0153687 -0.000770237 0.506111) 318
(0.0159475 -0.00121686 0.506378) 319
(0.0158324 -0.00166025 0.505904) 318
(-0.000275586 -0.0153079 0.506896) 990
(-0.0023975 -0.0158253 0.506619) 982
(-0.00619721 -0.0206033 0.505952) 984
(-0.00650114 -0.0204233 0.505653) 984
(-0.00984517 0.0150417 0.50728) 1342
(-0.0216749 0.00210949 0.506249) 656
(-0.018387 -0.00810865 0.507545) 672
(-0.020134 0.0021629 0.507361) 656
(-0.0100106 -0.0133882 0.506707) 966
(-0.00874343 -0.0147216 0.507158) 974
(-0.00561859 -0.0147751 0.507117) 982
(-0.00765747 -0.0160217 0.507072) 975
(-0.0164757 -0.000966754 0.507156) 655
(-0.0164787 -0.000796138 0.507274) 655
(-0.0103268 0.020544 0.504632) 1344
(-0.00353061 0.0176994 0.505926) 1335
(0.0162987 -0.00142161 0.504416) 319
(0.0168124 -0.00195981 0.505047) 319
(0.0164422 -0.00157731 0.505448) 319
(-0.0231035 -0.0100432 0.504214) 673
(0.015429 -0.000679542 0.505261) 318
(0.0199021 -0.00199999 0.50468) 320
(0.00269073 0.0153152 0.505895) 1318
(0.0153794 -0.000693787 0.505782) 318
(-0.00504888 -0.0203275 0.505494) 984
(-0.0232153 -0.00512877 0.505102) 665
(0.0154812 -0.000793881 0.504866) 318
(-0.007491 -0.0200648 0.504684) 984
(0.016638 -0.00179434 0.504961) 319
(0.0021871 -0.0152984 0.504944) 998
(0.0153575 -0.000657133 0.505184) 318
(0.0153185 -0.000629361 0.504495) 318
(0.0153611 -0.000613345 0.504474) 318
(0.0153787 -0.000619266 0.504461) 318
(0.015354 -0.000622841 0.504491) 318
(-0.00180365 -0.0159484 0.505318) 991
(-0.0103403 0.0181628 0.504636) 1344
(0.0155888 -0.002185 0.504491) 310
(-0.00890243 0.0163604 0.50495) 1343
(-0.0222833 0.00228386 0.50511) 657
(-0.0215321 0.00373265 0.505056) 648
(-0.0140656 -0.0109763 0.505319) 678
(-0.00930019 -0.0187053 0.505299) 976
(-0.00660534 -0.0146953 0.50579) 974
(-0.0187463 -0.00191541 0.505749) 655
(-0.0181979 0.00316462 0.505536) 647
(-0.0186603 -0.00199183 0.506198) 655
(-0.00638304 -0.0145531 0.505947) 974
(-0.0175083 -0.00243148 0.505266) 663
(-0.0165065 0.000287616 0.505499) 655
(0.0156792 -0.000840403 0.50377) 318
(0.0153794 -0.00064795 0.504091) 318
(0.00373726 0.0149836 0.504229) 1318
(0.0154516 -0.000614605 0.504329) 318
(-0.018051 0.0145304 0.504292) 632
(0.0154556 -0.000706115 0.503499) 318
(0.0152705 -0.000516413 0.503065) 318
(0.0153389 -0.00056479 0.50379) 318
(0.0152727 -0.000514889 0.503197) 318
(0.0158009 -0.00193582 0.504248) 318
(-0.0223453 0.00262884 0.503132) 657
(-0.00474493 -0.01673 0.504084) 983
(-0.00203285 -0.0156077 0.503472) 990
(-0.0191796 -0.00651594 0.50323) 664
(-0.0179921 -0.00809923 0.503863) 671
(-0.0198417 0.000789065 0.504419) 656
(-0.0159014 -0.0109388 0.504124) 679
(-0.00510552 -0.0144671 0.504391) 982
(-0.019876 -0.000790459 0.503312) 656
(-0.00786817 -0.0162031 0.503682) 975
(-0.00786575 -0.0162952 0.503253) 975
(-0.0164131 -0.00101268 0.504137) 655
(-0.0175468 -0.0150799 0.501919) 680
(-0.0242528 0.00804731 0.502842) 650
(-0.00486979 -0.0204064 0.50285) 984
(0.0153773 -0.000502685 0.502555) 318
(0.0152253 -0.000409648 0.50179) 318
(0.0153126 -0.000506435 0.502964) 318
(0.015313 -0.000488365 0.50274) 318
(0.00238947 -0.0153149 0.502749) 998
(0.0152615 -0.000454446 0.50261) 318
(0.0152982 -0.000501904 0.502401) 318
(-0.00092848 -0.0163077 0.502977) 991
(-0.0225156 0.00213666 0.502202) 657
(0.000364439 -0.0154836 0.502638) 990
(-0.000196738 -0.0145576 0.50224) 990
(0.00179983 -0.0160734 0.501765) 991
(-0.0208029 0.000977629 0.502648) 656
(-0.0139606 -0.0167137 0.50283) 967
(-0.0145624 0.0125082 0.502955) 630
(-0.00533487 -0.0145181 0.502874) 982
(-0.0135127 -0.0158374 0.501731) 967
(-0.00776382 -0.016083 0.502767) 975
(-0.01992 -0.00159929 0.501853) 656
(-0.00681031 -0.0148257 0.502876) 974
(-0.0146509 -0.00968509 0.50304) 670
(-0.0176119 -0.00228783 0.501729) 655
(-0.0173344 0.0033444 0.501918) 647
(-0.0174039 0.00313875 0.501978) 647
)


// ************************************************************************* //
