/*--------------------------------*- C++ -*----------------------------------*\
| =========                 |                                                 |
| \\      /  F ield         | OpenFOAM: The Open Source CFD Toolbox           |
|  \\    /   O peration     | Version:  plus.master.MPPICInterFoam            |
|   \\  /    A nd           | Web:      www.OpenFOAM.com                      |
|    \\/     M anipulation  |                                                 |
\*---------------------------------------------------------------------------*/
FoamFile
{
    version     2.0;
    format      ascii;
    class       volScalarField;
    location    "11.2";
    object      rho;
}
// * * * * * * * * * * * * * * * * * * * * * * * * * * * * * * * * * * * * * //

dimensions      [1 -3 0 0 0 0 0];

internalField   nonuniform List<scalar> 
11821
(
1000
1000
1000
1000
1000
1000
1000
1000
1000
1000
1000
1000
1000
1000
1000
1000
1000
1000
1000
1000
1000
1000
1000
1000
1000
1000
1000
1000
1000
1000
1000
1000
1000
1000
1000
1000
1000
1000
1000
1000
1000
1000
1000
1000
1000
1000
1000
1000
1000
1000
1000
1000
1000
1000
1000
1000
1000
1000
1000
1000
1000
1000
1000
1000
1000
1000
1000
1000
1000
1000
1000
1000
1000
1000
1000
1000
1000
1000
1000
1000
1000
1000
1000
1000
1000
1000
1000
1000
1000
1000
1000
1000
1000
1000
1000
1000
1000
1000
1000
1000
1000
1000
1000
1000
1000
1000
1000
1000
1000
1000
1000
1000
1000
1000
1000
1000
1000
1000
1000
1000
1000
1000
1000
1000
1000
1000
1000
1000
1000
1000
1000
1000
1000
1000
1000
1000
1000
1000
1000
1000
1000
1000
1000
1000
1000
1000
1000
1000
1000
1000
1000
1000
1000
1000
1000
1000
1000
1000
1000
1000
1000
1000
1000
1000
1000
1000
1000
1000
1000
1000
1000
1000
1000
1000
1000
1000
1000
1000
1000
1000
1000
1000
1000
1000
1000
1000
1000
1000
1000
1000
1000
1000
1000
1000
1000
1000
1000
1000
1000
1000
1000
1000
1000
1000
1000
1000
1000
1000
1000
1000
1000
1000
1000
1000
1000
1000
1000
1000
1000
1000
1000
1000
1000
1000
1000
1000
1000
1000
1000
1000
1000
1000
1000
1000
1000
1000
1000
1000
1000
1000
1000
1000
1000
1000
1000
1000
1000
1000
1000
1000
1000
1000
1000
1000
1000
1000
1000
1000
1000
1000
1000
1000
1000
1000
1000
1000
1000
1000
1000
1000
1000
1000
1000
1000
1000
1000
1000
1000
1000
1000
1000
1000
1000
1000
1000
1000
1000
1000
1000
1000
1000
1000
1000
1000
1000
1000
1000
1000
1000
1000
1000
1000
1000
1000
1000
1000
1000
1000
1000
1000
1000
1000
1000
1000
1000
1000
1000
1000
1000
1000
1000
1000
1000
1000
1000
1000
1000
1000
1000
1000
1000
1000
1000
1000
1000
1000
1000
1000
1000
1000
1000
1000
1000
1000
1000
1000
1000
1000
1000
1000
1000
1000
1000
1000
1000
1000
1000
1000
1000
1000
1000
1000
1000
1000
1000
1000
1000
1000
1000
1000
1000
1000
1000
1000
1000
1000
1000
1000
1000
1000
1000
1000
1000
1000
1000
1000
1000
1000
1000
1000
1000
1000
1000
1000
1000
1000
1000
1000
1000
1000
1000
1000
1000
1000
1000
1000
1000
1000
1000
1000
1000
1000
1000
1000
1000
1000
1000
1000
1000
1000
1000
1000
1000
1000
1000
1000
1000
1000
1000
1000
1000
1000
1000
1000
1000
1000
1000
1000
1000
1000
1000
1000
1000
1000
1000
1000
1000
1000
1000
1000
1000
1000
1000
1000
1000
1000
1000
1000
1000
1000
1000
1000
1000
1000
1000
1000
1000
1000
1000
1000
1000
1000
1000
1000
1000
1000
1000
1000
1000
1000
1000
1000
1000
1000
1000
1000
1000
1000
1000
1000
1000
1000
1000
1000
1000
1000
1000
1000
1000
1000
1000
1000
1000
1000
1000
1000
1000
1000
1000
1000
1000
1000
1000
1000
1000
1000
1000
1000
1000
1000
1000
1000
1000
1000
1000
1000
1000
1000
1000
1000
1000
1000
1000
1000
1000
1000
1000
1000
1000
1000
1000
1000
1000
1000
1000
1000
1000
1000
1000
1000
1000
1000
1000
1000
1000
1000
1000
1000
1000
1000
1000
1000
1000
1000
1000
1000
1000
1000
1000
1000
1000
1000
1000
1000
1000
1000
1000
1000
1000
1000
1000
1000
1000
1000
1000
1000
1000
1000
1000
1000
1000
1000
1000
1000
1000
1000
1000
1000
1000
1000
1000
1000
1000
1000
1000
1000
1000
1000
1000
1000
1000
1000
1000
1000
1000
1000
1000
1000
1000
1000
1000
1000
1000
1000
1000
1000
1000
1000
1000
1000
1000
1000
1000
1000
1000
1000
1000
1000
1000
1000
1000
1000
1000
1000
1000
1000
1000
1000
1000
1000
1000
1000
1000
1000
1000
1000
1000
1000
1000
1000
1000
1000
1000
1000
1000
1000
1000
1000
1000
1000
1000
1000
1000
1000
1000
1000
1000
1000
1000
1000
1000
1000
1000
1000
1000
1000
1000
1000
1000
1000
1000
1000
1000
1000
1000
1000
1000
1000
1000
1000
1000
1000
1000
1000
1000
1000
1000
1000
1000
1000
1000
1000
1000
1000
1000
1000
1000
1000
1000
1000
1000
1000
1000
1000
1000
1000
1000
1000
1000
1000
1000
1000
1000
1000
1000
1000
1000
1000
1000
1000
1000
1000
1000
1000
1000
1000
1000
1000
1000
1000
1000
1000
1000
1000
1000
1000
1000
1000
1000
1000
1000
1000
1000
1000
1000
1000
1000
1000
1000
1000
1000
1000
1000
1000
1000
1000
1000
1000
1000
1000
1000
1000
1000
1000
1000
1000
1000
1000
1000
1000
1000
1000
1000
1000
1000
1000
1000
1000
1000
1000
1000
1000
1000
1000
1000
1000
1000
1000
1000
1000
1000
1000
1000
1000
1000
1000
1000
1000
1000
1000
1000
1000
1000
1000
1000
1000
1000
1000
1000
1000
1000
1000
1000
1000
1000
1000
1000
1000
1000
1000
1000
1000
1000
1000
1000
1000
1000
1000
1000
1000
1000
1000
1000
1000
1000
1000
1000
1000
1000
1000
1000
1000
1000
1000
1000
1000
1000
1000
1000
1000
1000
1000
1000
1000
1000
1000
1000
1000
1000
1000
1000
1000
1000
1000
1000
1000
1000
1000
1000
1000
1000
1000
1000
1000
1000
1000
1000
1000
1000
1000
1000
1000
1000
1000
1000
1000
1000
1000
1000
1000
1000
1000
1000
1000
1000
1000
1000
1000
1000
1000
1000
1000
1000
1000
1000
1000
1000
1000
1000
1000
1000
1000
1000
1000
1000
1000
1000
1000
1000
1000
1000
1000
1000
1000
1000
1000
1000
1000
1000
1000
1000
1000
1000
1000
1000
1000
1000
1000
1000
1000
1000
1000
1000
1000
1000
1000
1000
1000
1000
1000
1000
1000
1000
1000
1000
1000
1000
1000
1000
1000
1000
1000
1000
1000
1000
1000
1000
1000
1000
1000
1000
1000
1000
1000
1000
1000
1000
1000
1000
1000
1000
1000
1000
1000
1000
1000
1000
1000
1000
1000
1000
1000
1000
1000
1000
1000
1000
1000
1000
1000
1000
1000
1000
1000
1000
1000
1000
1000
1000
1000
1000
1000
1000
1000
1000
1000
1000
1000
1000
1000
1000
1000
1000
1000
1000
1000
1000
1000
1000
1000
1000
1000
1000
1000
1000
1000
1000
1000
1000
1000
1000
1000
1000
1000
1000
1000
1000
1000
1000
1000
1000
1000
1000
1000
1000
1000
1000
1000
1000
1000
1000
1000
1000
1000
1000
1000
1000
1000
1000
1000
1000
1000
1000
1000
1000
1000
1000
1000
1000
1000
1000
1000
1000
1000
1000
1000
1000
1000
1000
1000
1000
1000
1000
1000
1000
1000
1000
1000
1000
1000
1000
1000
1000
1000
1000
1000
1000
1000
1000
1000
1000
1000
1000
1000
1000
1000
1000
1000
1000
1000
1000
1000
1000
1000
1000
1000
1000
1000
1000
1000
1000
1000
1000
1000
1000
1000
1000
1000
1000
1000
1000
1000
1000
1000
1000
1000
1000
1000
1000
1000
1000
1000
1000
1000
1000
1000
1000
1000
1000
1000
1000
1000
1000
1000
1000
1000
1000
1000
1000
1000
1000
1000
1000
1000
1000
1000
1000
1000
1000
1000
1000
1000
1000
1000
1000
1000
1000
1000
1000
1000
1000
1000
1000
1000
1000
1000
1000
1000
1000
1000
1000
1000
1000
1000
1000
1000
1000
1000
1000
1000
1000
1000
1000
1000
1000
1000
1000
1000
1000
1000
1000
1000
1000
1000
1000
1000
1000
1000
1000
1000
1000
1000
1000
1000
1000
1000
1000
1000
1000
1000
1000
1000
1000
1000
1000
1000
1000
1000
1000
1000
1000
1000
1000
1000
1000
1000
1000
1000
1000
1000
1000
1000
1000
1000
1000
1000
1000
1000
1000
1000
1000
1000
1000
1000
1000
1000
1000
1000
1000
1000
1000
1000
1000
1000
1000
1000
1000
1000
1000
1000
1000
1000
1000
1000
1000
1000
1000
1000
1000
1000
1000
1000
1000
1000
1000
1000
1000
1000
1000
1000
1000
1000
1000
1000
1000
1000
1000
1000
1000
1000
1000
1000
1000
1000
1000
1000
1000
1000
1000
1000
1000
1000
1000
1000
1000
1000
1000
1000
1000
1000
1000
1000
1000
1000
1000
1000
1000
1000
1000
1000
1000
1000
1000
1000
1000
1000
1000
1000
1000
1000
1000
1000
1000
1000
1000
1000
1000
1000
1000
1000
1000
1000
1000
1000
1000
1000
1000
1000
1000
1000
1000
1000
1000
1000
1000
1000
1000
1000
1000
1000
1000
1000
1000
1000
1000
1000
1000
1000
1000
1000
1000
1000
1000
1000
1000
1000
1000
1000
1000
1000
1000
1000
1000
1000
1000
1000
1000
1000
1000
1000
1000
1000
1000
1000
1000
1000
1000
1000
1000
1000
1000
1000
1000
1000
1000
1000
1000
1000
1000
1000
1000
1000
1000
1000
1000
1000
1000
1000
1000
1000
1000
1000
1000
1000
1000
1000
1000
1000
1000
1000
1000
1000
1000
1000
1000
1000
1000
1000
1000
1000
1000
1000
1000
1000
1000
1000
1000
1000
1000
1000
1000
1000
1000
1000
1000
1000
1000
1000
1000
1000
1000
1000
1000
1000
1000
1000
1000
1000
1000
1000
1000
1000
1000
1000
1000
1000
1000
1000
1000
1000
1000
1000
1000
1000
1000
1000
1000
1000
1000
1000
1000
1000
1000
1000
1000
1000
1000
1000
1000
1000
1000
1000
1000
1000
1000
1000
1000
1000
1000
1000
1000
1000
1000
1000
1000
1000
1000
1000
1000
1000
1000
1000
1000
1000
1000
1000
1000
1000
1000
1000
1000
1000
1000
1000
1000
1000
1000
1000
1000
1000
1000
1000
1000
1000
1000
1000
1000
1000
1000
1000
1000
1000
1000
1000
1000
1000
1000
1000
1000
1000
1000
1000
1000
1000
1000
1000
1000
1000
1000
1000
1000
1000
1000
1000
1000
1000
1000
1000
1000
1000
1000
1000
1000
1000
1000
1000
1000
1000
1000
1000
1000
1000
1000
1000
1000
1000
1000
1000
1000
1000
1000
1000
1000
1000
1000
1000
1000
1000
1000
1000
1000
1000
1000
1000
1000
1000
1000
1000
1000
1000
1000
1000
1000
1000
1000
1000
1000
1000
1000
1000
1000
1000
1000
1000
1000
1000
1000
1000
1000
1000
1000
1000
1000
1000
1000
1000
1000
1000
1000
1000
1000
1000
1000
1000
1000
1000
1000
1000
1000
1000
1000
1000
1000
1000
1000
1000
1000
1000
1000
1000
1000
1000
1000
1000
1000
1000
1000
1000
1000
1000
1000
1000
1000
1000
1000
1000
1000
1000
1000
1000
1000
1000
1000
1000
1000
1000
1000
1000
1000
1000
1000
1000
1000
1000
1000
1000
1000
1000
1000
1000
1000
1000
1000
1000
1000
1000
1000
1000
1000
1000
1000
1000
1000
1000
1000
1000
1000
1000
1000
1000
1000
1000
1000
1000
1000
1000
1000
1000
1000
1000
1000
1000
1000
1000
1000
1000
1000
1000
1000
1000
1000
1000
1000
1000
1000
1000
1000
1000
1000
1000
1000
1000
1000
1000
1000
1000
1000
1000
1000
1000
1000
1000
1000
1000
1000
1000
1000
1000
1000
1000
1000
1000
1000
1000
1000
1000
1000
1000
1000
1000
1000
1000
1000
1000
1000
1000
1000
1000
1000
1000
1000
1000
1000
1000
1000
1000
1000
1000
1000
1000
1000
1000
1000
1000
1000
1000
1000
1000
1000
1000
1000
1000
1000
1000
1000
1000
1000
1000
1000
1000
1000
1000
1000
1000
1000
1000
1000
1000
1000
1000
1000
1000
1000
1000
1000
1000
1000
1000
1000
1000
1000
1000
1000
1000
1000
1000
1000
1000
1000
1000
1000
1000
1000
1000
1000
1000
1000
1000
1000
1000
1000
1000
1000
1000
1000
1000
1000
1000
1000
1000
1000
1000
1000
1000
1000
1000
1000
1000
1000
1000
1000
1000
1000
1000
1000
1000
1000
1000
1000
1000
1000
1000
1000
1000
1000
1000
1000
1000
1000
1000
1000
1000
1000
1000
1000
1000
1000
1000
1000
1000
1000
1000
1000
1000
1000
1000
1000
1000
1000
1000
1000
1000
1000
1000
1000
1000
1000
1000
1000
1000
1000
1000
1000
1000
1000
1000
1000
1000
1000
1000
1000
1000
1000
1000
1000
1000
1000
1000
1000
1000
1000
1000
1000
1000
1000
1000
1000
1000
1000
1000
1000
1000
1000
1000
1000
1000
1000
1000
1000
1000
1000
1000
1000
1000
1000
1000
1000
1000
1000
1000
1000
1000
1000
1000
1000
1000
1000
1000
1000
1000
1000
1000
1000
1000
1000
1000
1000
1000
1000
1000
1000
1000
1000
1000
1000
1000
1000
1000
1000
1000
1000
1000
1000
1000
1000
1000
1000
1000
1000
1000
1000
1000
1000
1000
1000
1000
1000
1000
1000
1000
1000
1000
1000
1000
1000
1000
1000
1000
1000
1000
1000
1000
1000
1000
1000
1000
1000
1000
1000
1000
1000
1000
1000
1000
1000
1000
1000
1000
1000
1000
1000
1000
1000
1000
1000
1000
1000
1000
1000
1000
1000
1000
1000
1000
1000
1000
1000
1000
1000
1000
1000
1000
1000
1000
1000
1000
1000
1000
1000
1000
1000
1000
1000
1000
1000
1000
1000
1000
1000
1000
1000
1000
1000
1000
1000
1000
1000
1000
1000
1000
1000
1000
1000
1000
1000
1000
1000
1000
1000
1000
1000
1000
1000
1000
1000
1000
1000
1000
1000
1000
1000
1000
1000
1000
1000
1000
1000
1000
1000
1000
1000
1000
1000
1000
1000
1000
1000
1000
1000
1000
1000
1000
1000
1000
1000
1000
1000
1000
1000
1000
1000
1000
1000
1000
1000
1000
1000
1000
1000
1000
1000
1000
1000
1000
1000
1000
1000
1000
1000
1000
1000
1000
1000
1000
1000
1000
1000
1000
1000
1000
1000
1000
1000
1000
1000
1000
1000
1000
1000
1000
1000
1000
1000
1000
1000
1000
1000
1000
1000
1000
1000
1000
1000
1000
1000
1000
1000
1000
1000
1000
1000
1000
1000
1000
1000
1000
1000
1000
1000
1000
1000
1000
1000
1000
1000
1000
1000
1000
1000
1000
1000
1000
1000
1000
1000
1000
1000
1000
1000
1000
1000
1000
1000
1000
1000
1000
1000
1000
1000
1000
1000
1000
1000
1000
1000
1000
1000
1000
1000
1000
1000
1000
1000
1000
1000
1000
1000
1000
1000
1000
1000
1000
1000
1000
1000
1000
1000
1000
1000
1000
1000
1000
1000
1000
1000
1000
1000
1000
1000
1000
1000
1000
1000
1000
1000
1000
1000
1000
1000
1000
1000
1000
1000
1000
1000
1000
1000
1000
1000
1000
1000
1000
1000
1000
1000
1000
1000
1000
1000
1000
1000
1000
1000
1000
1000
1000
1000
1000
1000
1000
1000
1000
1000
1000
1000
1000
1000
1000
1000
1000
1000
1000
1000
1000
1000
1000
1000
1000
1000
1000
1000
1000
1000
1000
1000
1000
1000
1000
1000
1000
1000
1000
1000
1000
1000
1000
1000
1000
1000
1000
1000
1000
1000
1000
1000
1000
1000
1000
1000
1000
1000
1000
1000
1000
1000
1000
1000
1000
1000
1000
1000
1000
1000
1000
1000
1000
1000
1000
1000
1000
1000
1000
1000
1000
1000
1000
1000
1000
1000
1000
1000
1000
1000
1000
1000
1000
1000
1000
1000
1000
1000
1000
1000
1000
1000
1000
1000
1000
1000
1000
1000
1000
1000
1000
1000
1000
1000
1000
1000
1000
1000
1000
1000
1000
1000
1000
1000
1000
1000
1000
1000
1000
1000
1000
1000
1000
1000
1000
1000
1000
1000
1000
1000
1000
1000
1000
1000
1000
1000
1000
1000
1000
1000
1000
1000
1000
1000
1000
1000
1000
1000
1000
1000
1000
1000
1000
1000
1000
1000
1000
1000
1000
1000
1000
1000
1000
1000
1000
1000
1000
1000
1000
1000
1000
1000
1000
1000
1000
1000
1000
1000
1000
1000
1000
1000
1000
1000
1000
1000
1000
1000
1000
1000
1000
1000
1000
1000
1000
1000
1000
1000
1000
1000
1000
1000
1000
1000
1000
1000
1000
1000
1000
1000
1000
1000
1000
1000
1000
1000
1000
1000
1000
1000
1000
1000
1000
1000
1000
1000
1000
1000
1000
1000
1000
1000
1000
1000
1000
1000
1000
1000
1000
1000
1000
1000
1000
1000
1000
1000
1000
1000
1000
1000
1000
1000
1000
1000
1000
1000
1000
1000
1000
1000
1000
1000
1000
1000
1000
1000
1000
1000
1000
1000
1000
1000
1000
1000
1000
1000
1000
1000
1000
1000
1000
1000
1000
1000
1000
1000
1000
1000
1000
1000
1000
1000
1000
1000
1000
1000
1000
1000
1000
1000
1000
1000
1000
1000
1000
1000
1000
1000
1000
1000
1000
1000
1000
1000
1000
1000
1000
1000
1000
1000
1000
1000
1000
1000
1000
1000
1000
1000
1000
1000
1000
1000
1000
1000
1000
1000
1000
1000
1000
1000
1000
1000
1000
1000
1000
1000
1000
1000
1000
1000
1000
1000
1000
1000
1000
1000
1000
1000
1000
1000
1000
1000
1000
1000
1000
1000
1000
1000
1000
1000
1000
1000
1000
1000
1000
1000
1000
1000
1000
1000
1000
1000
1000
1000
1000
1000
1000
1000
1000
1000
1000
1000
1000
1000
1000
1000
1000
1000
1000
1000
1000
1000
1000
1000
1000
1000
1000
1000
1000
1000
1000
1000
1000
1000
1000
1000
1000
1000
1000
1000
1000
1000
1000
1000
1000
1000
1000
1000
1000
1000
1000
1000
1000
1000
1000
1000
1000
1000
1000
1000
1000
1000
1000
1000
1000
1000
1000
1000
1000
1000
1000
1000
1000
1000
1000
1000
1000
1000
1000
1000
1000
1000
1000
1000
1000
1000
1000
1000
1000
1000
1000
1000
1000
1000
1000
1000
1000
1000
1000
1000
1000
1000
1000
1000
1000
1000
1000
1000
1000
1000
1000
1000
1000
1000
1000
1000
1000
1000
1000
1000
1000
1000
1000
1000
1000
1000
1000
1000
1000
1000
1000
1000
1000
1000
1000
1000
1000
1000
1000
1000
1000
1000
1000
1000
1000
1000
1000
1000
1000
1000
1000
1000
1000
1000
1000
1000
1000
1000
1000
1000
1000
1000
1000
1000
1000
1000
1000
1000
1000
1000
1000
1000
1000
1000
1000
1000
1000
1000
1000
1000
1000
1000
1000
1000
1000
1000
1000
1000
1000
1000
1000
1000
1000
1000
1000
1000
1000
1000
1000
1000
1000
1000
1000
1000
1000
1000
1000
1000
1000
1000
1000
1000
1000
1000
1000
1000
1000
1000
1000
1000
1000
1000
1000
1000
1000
1000
1000
1000
1000
1000
1000
1000
1000
1000
1000
1000
1000
1000
1000
1000
1000
1000
1000
1000
1000
1000
1000
1000
1000
1000
1000
1000
1000
1000
1000
1000
1000
1000
1000
1000
1000
1000
1000
1000
1000
1000
1000
1000
1000
1000
1000
1000
1000
1000
1000
1000
1000
1000
1000
1000
1000
1000
1000
1000
1000
1000
1000
1000
1000
999.999
999.988
999.952
999.969
999.987
999.944
999.999
997.976
967.222
869.82
951.93
994.159
999.914
1000
938.665
525.762
181.848
417.656
886.282
998.284
999.999
677.021
64.5426
43.3628
43.8709
539.185
981.317
999.996
741.719
92.6809
43.4867
54.2995
633.459
991.071
999.998
954.309
547.894
170.557
481.794
921.536
999.438
1000
998.641
970.526
860.325
964.237
997.416
999.949
1000
1000
999.998
999.992
999.997
999.995
999.937
1000
999.893
999.465
995.254
999.622
997.818
999.991
1000
997.91
902.824
611.284
892.341
997.134
999.957
1000
963.251
378.538
43.4289
317.026
941.748
999.933
1000
976.588
442.683
43.3628
430.301
965.652
999.981
1000
998.181
898.244
572.246
914.94
998.251
999.942
1000
999.867
999.441
993.565
999.834
999.715
999.993
1000
1000
1000
999.998
1000
999.999
999.935
1000
1000
999.997
999.986
999.947
998.743
1000
1000
999.992
998.103
950.196
999.276
999.99
1000
1000
999.907
844.063
193.162
871.881
998.998
999.326
1000
999.936
862.066
192.797
924.063
999.519
999.109
1000
999.992
995.823
926.633
999.402
999.989
999.997
1000
1000
999.995
999.978
999.995
999.71
1000
1000
1000
1000
1000
1000
1000
999.954
1000
1000
999.458
1000
997.317
999.018
1000
1000
999.764
999.293
999.927
999.038
988.34
1000
1000
999.986
997.282
836.244
998.36
998.597
994.213
1000
999.995
995.345
812.675
998.49
998.92
995.155
1000
999.999
999.58
999.648
999.057
993.02
1000
1000
999.862
1000
999.998
996.947
999.41
1000
1000
1000
1000
1000
1000
1000
999.989
1000
994.701
973.665
971.725
983.717
997.113
1000
1000
931.181
943.464
997.046
879.629
946.23
1000
1000
973.645
984.248
983.231
984.218
956.836
988.938
1000
992.636
985.174
980.697
991.136
962.22
991.28
1000
928.174
938.602
991.154
915.713
947.169
1000
1000
989.477
954.362
957.395
963.443
995.738
1000
1000
1000
1000
999.904
1000
1000
1000
1000
942.825
803.018
752.456
861.798
980.528
1000
1000
673.105
350.957
520.065
406.047
781.493
998.835
1000
456.834
752.771
754.044
456.138
672.22
956.515
1000
470.864
849.317
931.614
533.412
673.271
963.027
1000
631.119
343.318
550.778
376.456
760.196
997.807
1000
907.094
708.02
629.197
781.938
966.508
1000
1000
1000
986.123
962.221
999.596
1000
1000
1000
843.119
519.209
427.455
657.043
948.748
1000
1000
343.744
195.168
195.189
218.783
580.697
979.654
1000
206.134
256.866
261.676
194.768
337.256
886.077
1000
204.414
374.526
508.292
196.1
338.406
893.97
1000
267.469
193.68
195.028
199.444
518.364
971.573
1000
747.691
358.83
260.001
510.71
910.061
999.992
1000
999.981
992.855
971.992
999.956
999.997
1000
1000
874.297
571.25
467.05
721.486
965.003
999.999
1000
393.047
192.21
192.171
238.809
667.841
988.805
999.999
196.835
189.103
189.045
192.132
398.571
923.717
999.994
198.693
190.675
191.61
194.264
388.171
925.408
999.994
284.801
193.268
193.316
195.054
588.382
982.514
999.999
777.353
383.309
281.779
561.526
930
999.994
1000
999.974
999.782
998.022
999.957
999.993
999.999
1000
971.261
871.911
801.515
936.61
993.43
999.94
1000
760.34
394.845
293.369
585.384
922.619
998.842
1000
434.273
189.061
189.066
287.394
775.019
990.988
999.999
378.317
189.115
189.063
255.497
750.752
990.599
999.999
638.828
250.291
193.592
440.837
882.109
998.078
1000
936.441
734.883
625.967
858.298
983.441
999.921
1000
999.983
999.977
999.975
999.957
999.996
999.999
1000
998.464
996.655
993.045
998.897
999.778
999.988
1000
988.701
902.604
807.231
952.058
997.398
999.983
999.999
913.977
438.797
273.592
801.439
991.527
999.932
999.994
873.01
355.242
202.005
737.777
989.261
999.895
999.994
974.029
745.358
587.047
916.192
997.78
999.956
999.999
999.142
987.917
974.137
995.723
998.835
999.985
1000
1000
1000
999.999
1000
1000
1000
1000
993.705
995.612
995.449
996.2
999.985
1000
1000
978.259
950.959
917.708
966.42
993.859
1000
1000
994.575
879.746
741.692
950.88
992.822
1000
1000
999.091
850.618
658.944
985.446
994.922
999.999
1000
996.774
993.659
959.349
980.091
994.186
1000
1000
989.842
997.418
990.134
987.821
997.656
1000
1000
1000
1000
1000
1000
1000
1000
1000
958.187
946.562
937.272
968.604
999.411
1000
1000
844.463
588.276
579.215
855.202
960.173
1000
1000
775.018
872.467
792.864
626.947
923.077
1000
1000
870.891
911.628
909.16
654.406
926.734
1000
1000
797.691
767.1
751.391
760.76
930.017
1000
1000
882.772
842.874
730.153
898.176
984.315
1000
1000
1000
1000
1000
1000
1000
1000
1000
853.236
736.848
712.151
882.831
992.552
1000
1000
493.88
326.68
325.666
511.813
863.114
1000
1000
333.283
644.464
558.085
328.362
682.388
994.884
1000
404.154
911.628
892.39
329.035
648.749
991.521
1000
360.21
352.461
365.009
367.59
715.178
999.097
1000
597.544
442.879
368.905
625.965
928.771
1000
1000
1000
999.367
996.164
1000
1000
1000
1000
808.725
655.941
643.772
849.956
987.573
1000
1000
343.78
325.752
323.66
393.436
829.45
1000
1000
320.95
337.155
322.252
325.4
617.29
985.511
1000
323.342
796.633
702.821
327.387
549.12
976.533
1000
322.633
319.268
319.275
323.068
641.798
992.687
1000
472.239
322.671
323.101
511.503
897.653
1000
1000
1000
1000
1000
1000
1000
1000
1000
1000
1000
1000
1000
1000
1000
1000
1000
1000
1000
1000
1000
1000
1000
1000
1000
1000
1000
1000
1000
1000
1000
1000
1000
1000
1000
1000
1000
1000
1000
1000
1000
1000
1000
1000
1000
1000
1000
1000
1000
1000
1000
1000
1000
1000
1000
999.999
999.999
1000
1000
1000
1000
1000
1000
1000
1000
1000
1000
1000
1000
1000
1000
1000
1000
1000
1000
1000
1000
1000
1000
1000
1000
1000
1000
1000
1000
1000
1000
1000
1000
1000
1000
1000
1000
1000
1000
1000
1000
1000
1000
1000
1000
1000
1000
1000
1000
1000
1000
1000
1000
1000
1000
999.999
999.999
1000
1000
1000
1000
1000
1000
1000
1000
1000
1000
1000
1000
1000
1000
1000
1000
1000
1000
1000
1000
1000
1000
1000
1000
1000
1000
1000
1000
1000
1000
1000
1000
1000
1000
1000
1000
1000
1000
1000
1000
1000
1000
1000
1000
1000
1000
1000
1000
1000
1000
1000
1000
1000
1000
1000
999.999
1000
1000
1000
1000
1000
1000
1000
1000
1000
1000
1000
1000
1000
1000
1000
1000
1000
1000
1000
1000
1000
1000
1000
1000
1000
1000
1000
1000
1000
1000
1000
1000
1000
1000
1000
1000
1000
1000
1000
1000
1000
1000
1000
1000
1000
1000
1000
1000
1000
1000
1000
1000
1000
1000
1000
1000
1000
1000
1000
1000
1000
1000
1000
1000
1000
1000
1000
1000
1000
1000
1000
1000
1000
1000
1000
1000
1000
1000
1000
1000
1000
1000
1000
1000
1000
1000
1000
1000
1000
1000
1000
1000
1000
1000
1000
1000
1000
1000
1000
1000
1000
1000
1000
1000
1000
1000
1000
1000
1000
1000
1000
1000
1000
1000
1000
1000
1000
1000
1000
1000
1000
1000
1000
1000
1000
1000
1000
1000
1000
1000
1000
1000
1000
1000
1000
1000
1000
1000
1000
1000
1000
1000
1000
1000
1000
1000
1000
1000
1000
1000
1000
1000
1000
1000
1000
1000
1000
1000
1000
1000
1000
1000
1000
1000
1000
1000
1000
1000
999.991
1000
1000
1000
1000
1000
1000
1000
1000
1000
1000
1000
1000
1000
1000
1000
1000
1000
1000
1000
1000
1000
1000
1000
1000
1000
1000
1000
1000
1000
1000
1000
1000
1000
1000
1000
1000
1000
1000
1000
1000
1000
1000
1000
1000
1000
1000
1000
1000
1000
1000
1000
1000
1000
1000
999.999
999.99
1000
1000
1000
1000
1000
1000
1000
1000
1000
1000
1000
1000
1000
1000
1000
1000
1000
1000
1000
1000
1000
1000
1000
1000
1000
1000
1000
1000
1000
1000
1000
1000
1000
1000
1000
1000
1000
1000
1000
1000
1000
1000
1000
1000
1000
1000
1000
1000
1000
1000
1000
1000
999.999
999.998
999.998
1000
1000
1000
1000
1000
1000
1000
1000
1000
1000
1000
1000
1000
1000
1000
1000
1000
1000
1000
1000
1000
1000
1000
1000
1000
1000
1000
1000
1000
1000
1000
1000
1000
1000
1000
1000
1000
1000
1000
1000
1000
1000
1000
1000
1000
1000
1000
1000
1000
1000
1000
1000
1000
999.999
999.997
1000
1000
1000
1000
1000
1000
1000
1000
1000
1000
1000
1000
1000
1000
1000
1000
1000
1000
1000
1000
1000
1000
1000
1000
1000
1000
1000
1000
1000
1000
1000
1000
1000
1000
1000
1000
1000
1000
1000
1000
1000
1000
1000
1000
1000
1000
1000
1000
1000
1000
1000
1000
1000
1000
1000
999.999
1000
1000
1000
1000
1000
1000
1000
1000
1000
1000
1000
1000
1000
1000
1000
1000
1000
1000
1000
1000
1000
1000
1000
1000
1000
1000
1000
1000
1000
1000
1000
1000
1000
1000
1000
1000
1000
1000
1000
1000
1000
1000
1000
1000
1000
1000
1000
1000
1000
1000
1000
1000
1000
1000
1000
1000
1000
999.98
1000
1000
1000
1000
1000
1000
1000
1000
1000
1000
1000
1000
1000
1000
1000
1000
1000
1000
1000
1000
1000
1000
1000
1000
1000
1000
1000
1000
1000
1000
1000
1000
1000
1000
1000
1000
1000
1000
1000
1000
1000
1000
1000
1000
1000
1000
1000
1000
1000
1000
1000
1000
1000
1000
1000
999.931
1000
1000
1000
1000
1000
1000
1000
1000
1000
1000
1000
1000
1000
1000
1000
1000
1000
1000
1000
1000
1000
1000
1000
1000
1000
1000
1000
1000
1000
1000
1000
1000
1000
1000
1000
1000
1000
1000
1000
1000
1000
1000
1000
1000
1000
1000
1000
1000
1000
1000
1000
1000
1000
1000
999.985
999.955
1000
1000
1000
1000
1000
1000
1000
999.996
1000
1000
1000
1000
1000
1000
999.999
999.979
1000
1000
1000
1000
1000
1000
1000
999.999
1000
1000
1000
1000
1000
1000
1000
1000
1000
1000
1000
1000
1000
1000
1000
1000
1000
1000
1000
1000
1000
1000
1000
1000
1000
1000
1000
1000
1000
999.999
999.985
999.998
999.999
1000
1000
1000
1000
1000
1000
1000
999.978
1000
1000
1000
1000
1000
1000
1000
999.765
1000
1000
1000
999.999
999.999
1000
999.998
998.355
999.999
1000
1000
999.995
999.983
999.984
999.947
999.975
1000
1000
999.999
999.992
999.989
999.978
999.809
999.999
1000
1000
1000
1000
999.999
999.99
999.933
1000
1000
1000
1000
1000
1000
1000
999.995
1000
1000
1000
1000
1000
1000
1000
1000
999.998
1000
1000
1000
1000
1000
999.999
1000
999.991
1000
1000
1000
999.998
999.997
1000
999.999
999.985
1000
1000
999.999
999.986
999.983
999.983
999.819
999.998
1000
1000
999.993
999.986
999.991
999.957
999.809
1000
1000
1000
1000
1000
999.999
999.99
999.896
1000
1000
1000
1000
1000
1000
999.999
999.976
1000
1000
1000
1000
1000
1000
1000
1000
1000
1000
1000
999.997
1000
1000
999.999
999.999
999.999
1000
1000
1000
999.998
999.989
999.975
999.999
1000
1000
1000
999.998
999.985
999.985
999.967
999.809
1000
1000
999.999
999.991
999.992
999.996
999.954
999.809
1000
1000
1000
1000
1000
999.998
999.993
999.876
1000
1000
1000
1000
1000
1000
999.998
999.971
1000
1000
1000
1000
1000
1000
1000
1000
1000
1000
999.999
999.996
999.999
1000
999.999
999.995
1000
1000.02
1000
1000
999.999
999.989
999.954
999.915
1000
1000.02
1000
999.998
999.99
999.989
999.894
999.809
1000
1000
999.998
999.991
999.999
999.999
999.968
999.81
1000
1000
999.997
999.998
1000
999.998
999.991
999.858
1000
1000
1000
1000
1000
1000
999.994
999.979
1000
1000
1000
1000
1000
1000
1000
1000
998.72
1000
999.999
999.996
999.999
1000
999.998
999.985
979.574
1000.01
1000
1000
1000
999.991
999.952
999.809
978.427
1000.02
1000
999.999
999.998
999.99
999.809
999.809
998.759
1000
999.999
999.995
1000
1000
999.992
999.939
1000
999.999
999.993
999.995
1000
999.999
999.929
999.858
1000
1000
1000
1000
1000
1000
999.992
999.995
1000
1000
1000
1000
1000
1000
1000
1000
949.597
1000.01
1000
999.999
1000
1000
999.998
999.974
835.366
1000
1000
1000
1000
999.997
999.952
999.809
830.413
1000
1000
1000
1000
999.992
999.816
999.809
960.806
1000
999.999
999.996
999.986
999.999
999.998
999.997
1000
1000
999.993
999.995
1000
999.994
999.873
999.883
1000
1000
1000
1000
1000
999.993
999.992
1000
1000.02
1000
1000
1000
1000
1000
1000
1000
837.688
1000.02
1000
1000
1000
1000
999.998
999.973
565.943
990.607
1000
1000
1000
1000
999.957
999.809
572.615
991.906
1000
1000
1000
999.988
999.878
999.861
877.583
1000.01
999.999
999.998
999.946
999.964
999.949
999.958
1000
1000
999.995
999.997
1000
999.998
999.873
999.973
1000
1000
1000
1000
999.999
999.988
999.996
1000
999.913
1000
1000
1000
1000
1000
1000
1000
863.643
999.953
1000
1000
1000
1000
999.999
999.977
598.078
995.491
1000
1000
1000
1000
999.97
999.855
623.441
997.219
1000
999.999
999.997
999.983
999.91
999.954
904.058
999.975
999.999
999.995
999.94
999.95
999.634
999.321
999.975
1000
999.999
999.999
1000
1000
999.912
999.999
999.999
1000
1000
1000
999.999
999.988
1000
1000
999.875
999.999
1000
1000
1000
1000
1000
1000
975.015
999.986
1000
1000
1000
1000
999.999
999.989
875.551
999.917
999.999
1000
1000
1000
999.986
999.981
898.865
999.924
999.998
999.998
999.994
999.982
999.9
999.982
982.017
999.994
1000
999.99
999.94
999.911
999.3
999.239
999.662
1000
1000
1000
999.981
999.898
999.982
1000
999.998
1000
1000
999.999
999.997
999.992
1000
1000
999.891
999.999
1000
1000
1000
1000
1000
1000
999.918
999.989
1000
1000
1000
1000
1000
999.997
998.76
999.988
1000
1000
1000
999.997
999.991
999.997
999.166
999.968
1000
999.998
999.995
999.969
999.846
999.94
999.655
999.998
1000
999.986
999.933
999.8
999.336
999.238
999.88
1000
1000
999.998
999.832
999.78
999.986
999.861
999.999
1000
1000
999.998
999.988
999.996
1000
1000
1000
1000
1000
1000
1000
1000
1000
1000
997.209
1000
1000
1000
1000
1000
1000
999.993
999.676
999.747
1000
1000
999.999
999.984
999.986
999.996
994.043
1000
1000
999.999
999.996
999.879
999.791
999.436
995.166
1000
1000
999.982
999.929
999.694
999.576
999.238
1000
1000
1000
999.979
999.747
999.78
999.963
999.348
1000
1000
1000
999.998
999.963
999.998
1000
1000
995.993
1000
1000
1000
1000
1000
1000
1000
913.625
1000
1000
1000
1000
1000
999.992
999.98
899.645
989.607
1000
1000
999.998
999.973
999.975
999.827
887.488
995.413
1000
999.999
999.997
999.815
999.798
999.238
953.916
1000.01
1000
999.969
999.949
999.708
999.794
999.238
1000
1000
1000
999.927
999.747
999.842
999.907
999.245
1000
1000
1000
999.999
999.959
999.996
1000
1000
966.222
1000
1000
1000
1000
1000
1000
1000
651.566
984.311
1000
1000
999.998
1000
999.96
999.952
535.455
924.128
1000
1000
999.994
999.975
999.97
999.343
572.036
952.133
1000
999.999
999.999
999.862
999.844
999.239
824.465
1000
1000
999.956
999.955
999.869
999.841
999.238
997.774
1000
1000
999.839
999.747
999.93
999.836
999.566
1000
999.997
1000
1000
999.972
999.996
1000
1000
939.059
1000
1000
1000
999.999
1000
1000
1000
538.37
968.95
1000
1000
999.996
1000
999.945
999.912
360.099
873.929
1000.01
1000
999.994
999.986
999.954
999.238
433.457
920.214
1000
999.999
999.998
999.96
999.889
999.239
769.061
1000.02
1000
999.96
999.836
999.96
999.845
999.239
991.323
1000
1000
999.779
999.747
999.947
999.829
999.953
1000
999.988
999.999
1000
999.992
999.999
1000
1000
999.998
1000
1000
1000
1000
1000
1000
1000
999.997
999.964
999.975
999.991
999.998
1000
1000
1000
999.992
999.818
999.527
999.885
999.986
999.998
999.997
1000
999.994
999.786
999.773
999.805
999.986
1000
1000
1000
999.973
999.865
999.638
999.644
999.953
1000
1000
999.995
999.785
999.79
999.926
999.992
999.994
1000
1000
1000
999.999
999.992
999.991
999.999
1000
1000
1000
1000
1000
1000
1000
1000
1000
1000
1000
1000
999.996
999.975
999.982
999.993
999.999
1000
1000
1000
999.993
999.906
999.985
999.935
999.987
999.998
1000
1000
999.995
999.969
1000
999.997
1000
1000
1000
1000
999.948
999.972
1000
1000
999.994
1000
999.998
999.996
999.783
999.783
999.926
1000
1000
1000
1000
1000
999.998
999.989
999.988
999.999
1000
1000
1000
1000
1000
1000
1000
1000
1000
1000
1000
1000
999.999
999.996
999.998
999.998
999.999
1000
1000
1000
999.997
1000
1000
1000
999.996
999.999
1000
1000
999.999
1000
1000
1000
1000
1000
1000
1000
999.939
999.974
1000
1000
1000
1000
999.997
999.999
999.783
999.783
999.958
1000
1000
1000
999.999
1000
999.999
999.993
999.99
999.999
1000
1000
1000
1000
1000
1000
1000
1000
1000
1000
1000
1000
1000
1000
1000
1000
1000
1000
1000
1000
1000
1000
1000
1000
1000
1000
1000
1000
1000
1000
999.999
1000
1000
1000
999.999
1000
999.943
999.967
999.999
999.999
1000
999.999
999.997
1000
999.783
999.794
999.998
1000
1000
999.999
999.999
1000
1000
1000
999.997
1000
1000
1000
1000
1000
1000
1000
1000
1000
1000
1000
1000
1000
1000
1000
1000
1000
1000
1000
1000
1000
1000
1000
1000
1000
1000
1000
1000
1000
1000
999.998
999.995
999.995
1000
1000
999.999
1000
999.956
999.929
999.929
999.987
1000
999.999
999.997
1000
999.869
999.887
999.989
1000
1000
999.999
999.999
1000
1000
1000
1000
1000
1000
1000
1000
1000
1000
1000
1000
1000
1000
1000
1000
1000
1000
1000
1000
1000
1000
1000
1000
1000
1000
1000
1000
1000
1000
1000
1000
1000
1000
999.997
999.992
999.99
1000
1000
1000
1000
999.983
999.908
999.904
999.96
1000
999.999
999.999
1000
999.985
999.949
999.968
1000
999.999
999.999
999.999
1000
1000
1000
1000
1000
1000
1000
1000
1000
1000
1000
1000
1000
1000
1000
1000
1000
1000
1000
1000
1000
1000
1000
1000
1000
1000
1000
1000
1000
1000
1000
1000
1000
1000
999.998
999.983
999.991
1000
1000
1000
1000
999.992
999.91
999.904
999.965
1000
1000
1000
1000
999.993
999.939
999.97
1000
999.999
999.999
1000
1000
1000
1000
1000
1000
1000
1000
1000
1000
1000
1000
1000
1000
1000
1000
1000
1000
1000
1000
1000
1000
1000
1000
1000
1000
999.996
1000
999.997
999.998
1000
1000
1000
1000
999.995
999.96
999.936
999.996
1000
1000
1000
1000
999.986
999.909
999.907
999.991
1000
1000
1000
1000
999.989
999.948
999.987
1000
1000
1000
1000
1000
1000
1000
1000
1000
1000
1000
1000
1000
1000
1000
1000
1000
1000
1000
1000
1000
1000
1000
1000
1000
1000
1000
1000
1000
999.994
999.991
999.985
999.998
1000
1000
1000
1000
999.973
999.909
999.921
999.999
1000
1000
1000
1000
999.967
999.909
999.956
1000
1000
1000
1000
1000
999.988
999.985
999.999
1000
1000
1000
1000
1000
1000
1000
1000
1000
1000
1000
1000
1000
1000
1000
1000
1000
1000
1000
1000
1000
999.999
1000
1000
1000
1000
1000
1000
1000
999.994
999.982
999.977
999.999
1000
1000
1000
1000
999.971
999.908
999.946
1000
1000
1000
1000
999.997
999.975
999.937
999.997
1000
1000
1000
1000
999.997
999.994
1000
1000
1000
1000
1000
1000
1000
1000
1000
1000
1000
1000
1000
1000
1000
1000
1000
1000
1000
1000
1000
1000
1000
1000
1000
999.999
1000
1000
1000
1000
1000
999.998
999.986
999.983
1000
1000
1000
1000
999.997
999.983
999.927
999.989
1000
1000
1000
999.999
999.996
999.995
999.993
1000
1000
1000
1000
1000
999.998
1000
1000
999.999
1000
1000
1000
1000
1000
1000
1000
1000
1000
1000
1000
1000
1000
1000
999.999
1000
1000
1000
1000
1000
1000
1000
1000
999.999
1000
1000
1000
1000
999.999
1000
999.997
999.998
1000
1000
1000
1000
999.996
999.997
999.997
1000
1000
1000
1000
999.999
999.998
1000
1000
1000
1000
1000
1000
1000
1000
1000
1000
999.999
1000
1000
1000
1000
1000
1000
1000
1000
1000
1000
1000
1000
1000
1000
999.991
999.999
1000
1000
1000
1000
1000
1000
1000
1000
1000
1000
1000
1000
999.998
1000
1000
1000
1000
999.999
1000
999.999
999.996
1000
1000
1000
1000
1000
1000
999.999
999.999
1000
1000
1000
1000
1000
1000
999.998
999.967
1000
999.999
999.999
1000
1000
1000
1000
1000
1000
1000
1000
1000
1000
1000
1000
1000
1000
999.988
999.999
1000
1000
1000
1000
1000
1000
1000
1000
1000
999.999
1000
1000
999.999
1000
1000
1000
1000
999.999
1000
999.999
999.997
1000
1000
1000
1000
1000
1000
999.997
999.946
1000
1000
1000
1000
1000
1000
999.985
999.886
1000
999.999
999.999
1000
1000
1000
1000
1000
1000
1000
1000
1000
1000
1000
1000
1000
1000
1000
999.999
1000
999.999
999.995
999.985
999.992
1000
1000
999.996
999.982
999.983
999.998
999.981
999.925
999.999
1000
999.999
999.991
999.967
999.986
999.963
999.853
999.98
999.999
999.999
999.996
999.986
999.975
999.935
999.853
999.928
999.994
999.992
999.945
999.942
999.947
999.987
999.928
999.984
999.999
999.999
999.994
999.991
999.996
1000
1000
999.999
1000
1000
1000
1000
1000
1000
1000
1000
1000
999.999
1000
999.998
999.993
999.978
1000
1000
1000
999.997
999.985
999.966
999.993
999.998
999.998
1000
1000
999.999
999.983
999.966
999.992
999.991
999.948
1000
1000
999.999
999.995
999.967
999.947
999.882
999.853
999.995
1000
999.994
999.944
999.942
999.942
999.944
999.97
999.998
1000
999.998
999.993
999.991
999.996
1000
1000
1000
1000
1000
1000
1000
1000
1000
1000
1000
1000
999.996
999.989
999.999
999.989
999.969
999.974
1000
1000
999.998
999.991
999.98
999.959
999.964
999.999
1000
1000
999.999
999.986
999.972
999.974
999.992
999.997
1000
1000
1000
999.996
999.97
999.938
999.878
999.968
1000
1000
999.998
999.963
999.943
999.963
999.946
999.995
1000
1000
999.999
999.994
999.993
999.998
1000
1000
1000
1000
1000
1000
1000
1000
1000
1000
1000
1000
999.995
999.981
999.994
999.982
999.947
999.641
1000
1000
999.995
999.967
999.994
999.959
999.906
999.559
1000
1000
999.999
999.993
999.98
999.902
999.827
999.952
1000
1000
1000
999.998
999.983
999.933
999.878
1000
1000
1000
999.999
999.993
999.988
999.994
999.979
1000
1000
1000
1000
999.998
999.997
1000
1000
1000
1000
1000
1000
1000
1000
1000
1000
1000
1000
1000
999.996
999.983
999.984
999.978
999.906
999.573
1000
1000
999.99
999.945
999.945
999.952
999.814
999.23
1000
1000
999.999
999.992
999.974
999.893
999.794
999.352
1000
1000
1000
999.999
999.993
999.922
999.876
999.923
999.517
1000
1000
1000
1000
999.997
999.986
1000
1000
1000
1000
1000
999.999
1000
1000
1000
1000
1000
1000
1000
1000
1000
1000
1000
1000
1000
999.998
999.987
999.978
999.966
999.915
999.843
1000
1000
999.988
999.949
999.929
999.907
999.546
999.23
1000
1000
999.999
999.992
999.964
999.906
999.747
999.23
997.674
1000
1000
1000
999.994
999.908
999.886
999.35
955.494
1000
1000
1000
999.999
999.984
999.967
999.828
987.911
1000
1000
1000
999.999
999.997
999.997
999.992
1000
1000
1000
1000
1000
1000
1000
1000
1000
1000
999.999
999.991
999.979
999.959
999.959
999.99
1000
1000
999.984
999.97
999.952
999.841
999.414
999.68
1000
1000
999.999
999.991
999.97
999.913
999.437
999.23
971.208
1000
1000
1000
999.993
999.917
999.863
999.23
823.599
1000.01
1000
1000
1000
999.946
999.918
999.278
929.743
1000
1000
1000
999.999
999.991
999.981
999.914
1000.01
1000
1000
1000
1000
1000
1000
1000
1000
1000
999.997
999.995
999.991
999.97
999.967
999.71
1000
1000
999.984
999.992
999.99
999.855
999.455
999.789
999.99
1000
999.998
999.992
999.989
999.845
999.337
999.42
980.125
999.995
1000
1000
999.993
999.922
999.582
999.23
846.701
999.961
1000
1000
1000
999.932
999.837
999.23
944.83
999.983
1000
1000
999.999
999.988
999.965
999.803
999.915
1000
1000
1000
1000
1000
1000
1000
1000
1000
999.996
999.978
999.999
999.988
999.899
998.897
999.999
1000
999.99
999.989
999.999
999.878
999.727
999.462
999.981
1000
999.996
999.996
999.997
999.703
999.337
999.719
998.3
999.999
1000
1000
999.998
999.879
999.337
999.355
970.831
999.988
1000
1000
999.999
999.934
999.756
999.363
995.216
999.997
1000
1000
999.999
999.988
999.962
999.812
999.971
999.999
1000
1000
1000
1000
1000
999.999
1000
1000
999.997
999.96
999.968
999.98
999.59
998.659
999.999
1000
999.999
999.97
999.879
999.92
999.728
998.36
999.975
1000
999.998
999.998
999.985
999.713
999.384
999.756
999.982
1000
1000
1000
1000
999.848
999.336
999.869
999.852
999.991
1000
1000
999.999
999.943
999.69
999.952
999.981
999.999
1000
1000
999.998
999.988
999.965
999.927
999.945
999.999
1000
1000
1000
1000
1000
999.996
1000
1000
1000
999.959
999.817
999.881
999.448
999.356
1000
1000
1000
999.92
999.579
999.92
999.668
998.334
1000
1000
1000
999.991
999.975
999.887
999.707
998.915
999.825
1000
1000
1000
1000
999.896
999.595
999.998
997.464
1000
1000
1000
999.999
999.97
999.758
1000
997.977
1000
1000
1000
999.999
999.988
999.962
1000
1000
1000
1000
1000
1000
1000
1000
999.997
1000
1000
1000
999.967
999.806
999.794
999.611
999.928
1000
1000
1000
999.834
999.579
999.85
999.686
998.378
1000
1000
1000
999.964
999.879
999.942
999.833
998.219
993.05
1000
1000
1000
999.997
999.968
999.968
999.914
964.421
1000.01
1000
1000
999.999
999.991
999.967
1000
968.877
1000.01
1000
1000
999.999
999.99
999.964
1000
1000
1000
1000
1000
1000
999.999
999.999
1000
1000
1000
1000
999.982
999.914
999.864
999.943
999.957
1000
1000
1000
999.784
999.579
999.742
999.319
999.383
1000
1000
1000
999.948
999.617
999.562
999.649
998.218
955.43
1000
1000
1000
999.977
999.943
999.955
998.974
809.64
1000.01
1000
1000
1000
999.994
999.997
1000
845.172
1000.01
1000
1000
1000
999.991
999.99
1000
983.7
1000
1000
1000
1000
999.999
1000
1000
1000
1000
1000
999.996
999.998
999.977
999.985
999.442
1000
1000
1000
999.772
999.666
999.684
998.123
999.337
1000
1000
1000
999.936
999.579
999.42
998.501
998.218
934.804
1000
1000
1000
999.96
999.763
999.858
998.219
736.955
1000.02
1000
1000
1000
999.989
999.999
999.497
778.624
1000.01
1000
1000
1000
999.995
999.999
1000
968.648
1000
1000
1000
1000
999.999
1000
999.997
1000
1000
1000
1000
1000
1000
1000
1000
1000
1000
1000
1000
1000
1000
1000
1000
1000
1000
1000
1000
1000
1000
1000
1000
1000
1000
1000
1000
1000
1000
1000
1000
1000
1000
1000
1000
1000
1000
1000
1000
1000
1000
1000
1000
1000
1000
1000
1000
1000
1000
1000
1000
1000
1000
1000
1000
1000
1000
1000
1000
1000
1000
1000
1000
1000
1000
1000
1000
1000
1000
1000
1000
1000
1000
1000
1000
1000
1000
1000
1000
1000
1000
1000
1000
1000
1000
1000
1000
1000
1000
1000
1000
1000
1000
1000
1000
1000
1000
1000
1000
1000
1000
1000
1000
1000
1000
1000
1000
1000
1000
1000
1000
1000
1000
1000
1000
1000
1000
1000
1000
1000
1000
1000
1000
1000
1000
1000
1000
1000
1000
1000
1000
1000
1000
1000
1000
1000
1000
1000
1000
1000
1000
1000
1000
1000
1000
1000
1000
1000
1000
1000
1000
1000
1000
1000
1000
1000
1000
1000
1000
1000
1000
1000
1000
1000
1000
1000
1000
1000
1000
1000
1000
1000
1000
1000
1000
1000
1000
1000
1000
1000
1000
1000
1000
1000
1000
1000
1000
1000
1000
1000
1000
1000
1000
1000
1000
1000
1000
1000
1000
1000
1000
1000
1000
1000
1000
1000
1000
1000
1000
1000
1000
1000
1000
1000
1000
1000
1000
1000
1000
1000
1000
1000
1000
1000
1000
1000
1000
1000
1000
1000
1000
1000
1000
1000
1000
1000
1000
1000
1000
1000
1000
1000
1000
1000
1000
1000
1000
1000
1000
1000
1000
1000
1000
1000
1000
1000
1000
1000
1000
1000
1000
1000
1000
1000
1000
1000
1000
1000
1000
1000
1000
1000
1000
1000
1000
1000
1000
1000
1000
1000
1000
1000
1000
1000
1000
1000
1000
1000
1000
1000
1000
1000
1000
1000
1000
1000
1000
1000
1000
1000
1000
1000
1000
1000
1000
1000
1000
1000
1000
1000
1000
1000
1000
1000
1000
1000
1000
1000
1000
1000
1000
1000
1000
1000
1000
1000
1000
1000
1000
1000
1000
1000
1000
1000
1000
1000
1000
1000
1000
1000
1000
1000
1000
1000
1000
1000
1000
1000
1000
1000
1000
1000
1000
1000
1000
1000
1000
1000
1000
1000
1000
1000
1000
1000
1000
1000
1000
1000
1000
1000
1000
1000
1000
1000
1000
1000
1000
1000
1000
1000
1000
1000
1000
1000
1000
1000
1000
1000
1000
1000
1000
1000
1000
1000
1000
1000
1000
1000
1000
1000
1000
1000
1000
1000
1000
1000
1000
1000
1000
1000
1000
1000
1000
1000
1000
1000
1000
1000
1000
1000
1000
1000
1000
1000
1000
1000
1000
1000
1000
1000
1000
1000
1000
1000
1000
1000
1000
1000
1000
1000
1000
1000
1000
1000
1000
1000
1000
1000
1000
1000
1000
1000
1000
1000
1000
1000
1000
1000
1000
1000
1000
1000
1000
1000
1000
1000
1000
1000
1000
1000
1000
1000
1000
1000
1000
1000
1000
1000
1000
1000
1000
1000
1000
1000
1000
1000
1000
1000
1000
1000
1000
1000
1000
1000
1000
1000
1000
1000
1000
1000
1000
1000
1000
1000
1000
1000
1000
1000
1000
1000
1000
1000
1000
1000
1000
1000
1000
1000
1000
1000
1000
1000
1000
1000
1000
1000
1000
1000
1000
1000
1000
1000
1000
1000
1000
1000
1000
1000
1000
1000
1000
1000
1000
1000
1000
1000
1000
1000
1000
1000
1000
1000
1000
1000
1000
1000
1000
1000
1000
1000
1000
1000
1000
1000
1000
1000
1000
1000
1000
1000
1000
1000
1000
1000
1000
1000
1000
1000
1000
1000
1000
1000
1000
1000
1000
1000
1000
1000
1000
1000
1000
1000
1000
1000
1000
1000
1000
1000
1000
1000
1000
1000
1000
1000
1000
1000
1000
1000
1000
1000
1000
1000
1000
1000
1000
1000
1000
1000
1000
1000
1000
1000
1000
1000
1000
1000
1000
1000
1000
1000
1000
1000
1000
1000
1000
1000
1000
1000
1000
1000
1000
1000
1000
1000
1000
1000
1000
1000
1000
1000
1000
1000
1000
1000
1000
1000
1000
1000
1000
1000
1000
1000
1000
1000
1000
1000
1000
1000
1000
1000
1000
1000
1000
1000
1000
1000
1000
1000
1000
1000
1000
1000
1000
1000
1000
1000
1000
1000
1000
1000
1000
1000
1000
1000
1000
1000
1000
1000
1000
1000
1000
1000
1000
1000
1000
1000
1000
1000
1000
1000
1000
1000
1000
1000
1000
1000
1000
1000
1000
1000
1000
1000
1000
1000
1000
1000
1000
1000
1000
1000
1000
1000
1000
1000
1000
1000
1000
1000
1000
1000
1000
1000
1000
1000
1000
1000
1000
1000
1000
1000
1000
1000
1000
1000
1000
1000
1000
1000
1000
1000
1000
1000
1000
1000
1000
1000
1000
1000
1000
1000
1000
1000
1000
1000
1000
1000
1000
1000
1000
1000
1000
1000
1000
1000
1000
1000
1000
1000
1000
1000
1000
1000
1000
1000
1000
1000
1000
1000
1000
1000
1000
1000
1000
1000
1000
1000
1000
1000
1000
1000
1000
1000
1000
1000
1000
1000
1000
1000
1000
1000
1000
1000
1000
1000
1000
1000
1000
1000
1000
1000
1000
1000
1000
1000
1000
1000
1000
1000
1000
1000
1000
1000
1000
1000
1000
1000
1000
1000
1000
1000
1000
1000
1000
1000
1000
1000
1000
1000
1000
1000
1000
1000
1000
1000
1000
1000
1000
1000
1000
1000
1000
1000
1000
1000
1000
1000
1000
1000
1000
1000
1000
1000
1000
1000
1000
1000
1000
1000
1000
1000
1000
1000
1000
1000
1000
1000
1000
1000
1000
1000
1000
1000
1000
1000
1000
1000
1000
1000
1000
1000
1000
1000
1000
1000
1000
1000
1000
1000
1000
1000
1000
1000
1000
1000
1000
1000
1000
1000
1000
1000
1000
1000
1000
1000
1000
1000
1000
1000
1000
1000
1000
1000
1000
1000
1000
1000
1000
1000
1000
1000
1000
1000
1000
1000
1000
1000
1000
1000
1000
1000
1000
1000
1000
1000
1000
1000
1000
1000
1000
1000
1000
1000
1000
1000
1000
1000
1000
1000
1000
1000
1000
1000
1000
1000
1000
1000
1000
1000
1000
1000
1000
1000
1000
1000
1000
1000
1000
1000
1000
1000
1000
1000
1000
1000
1000
1000
1000
1000
1000
1000
1000
1000
1000
1000
1000
1000
1000
1000
1000
1000
1000
1000
1000
1000
1000
1000
1000
1000
1000
1000
1000
1000
1000
1000
1000
1000
1000
1000
1000
1000
1000
1000
1000
1000
1000
1000
1000
1000
1000
1000
1000
1000
1000
1000
1000
1000
1000
1000
1000
1000
1000
1000
1000
1000
1000
1000
1000
1000
1000
1000
1000
1000
1000
1000
1000
1000
1000
1000
1000
1000
1000
1000
1000
1000
1000
1000
1000
1000
1000
1000
1000
1000
1000
1000
1000
1000
1000
1000
1000
1000
1000
1000
1000
1000
1000
1000
1000
1000
1000
1000
1000
1000
1000
1000
1000
1000
1000
1000
1000
1000
1000
1000
1000
1000
1000
1000
1000
1000
1000
1000
1000
1000
1000
1000
1000
1000
1000
1000
1000
1000
1000
1000
1000
1000
1000
1000
1000
1000
1000
1000
1000
1000
1000
1000
1000
1000
1000
1000
1000
1000
1000
1000
1000
1000
1000
1000
1000
1000
1000
1000
1000
1000
1000
1000
1000
1000
1000
1000
1000
1000
1000
1000
1000
1000
1000
1000
1000
1000
1000
1000
1000
1000
1000
1000
1000
1000
1000
1000
1000
1000
1000
1000
1000
1000
1000
1000
1000
1000
1000
1000
1000
1000
1000
1000
1000
1000
1000
1000
1000
1000
1000
1000
1000
1000
1000
1000
1000
1000
1000
1000
1000
1000
1000
1000
1000
1000
1000
1000
1000
1000
1000
1000
1000
1000
1000
1000
1000
1000
1000
1000
1000
1000
1000
1000
1000
1000
1000
1000
1000
1000
1000
1000
1000
1000
1000
1000
1000
1000
1000
1000
1000
1000
1000
1000
1000
1000
1000
1000
1000
1000
1000
1000
1000
1000
1000
1000
1000
1000
1000
1000
1000
1000
1000
1000
1000
1000
1000
1000
1000
1000
1000
1000
1000
1000
1000
1000
1000
1000
1000
1000
1000
1000
1000
1000
1000
1000
1000
1000
1000
1000
1000
1000
1000
1000
1000
1000
1000
1000
1000
1000
1000
1000
1000
1000
1000
1000
1000
1000
1000
1000
1000
1000
1000
1000
1000
1000
1000
1000
1000
1000
1000
1000
1000
1000
1000
1000
1000
1000
1000
1000
1000
1000
1000
1000
1000
1000
1000
1000
1000
1000
1000
1000
1000
1000
1000
1000
1000
1000
1000
1000
1000
1000
1000
1000
1000
1000
1000
1000
1000
1000
1000
1000
1000
1000
1000
1000
1000
1000
1000
1000
1000
1000
1000
1000
1000
1000
1000
1000
1000
1000
1000
1000
1000
1000
1000
1000
1000
1000
1000
1000
1000
1000
1000
1000
1000
1000
1000
1000
1000
1000
1000
1000
1000
1000
1000
1000
1000
1000
1000
1000
1000
1000
1000
1000
1000
1000
1000
1000
1000
1000
1000
1000
1000
1000
1000
1000
1000
1000
1000
1000
1000
1000
1000
1000
1000
1000
1000
1000
1000
1000
1000
1000
1000
1000
1000
1000
1000
1000
1000
1000
1000
1000
1000
1000
1000
1000
1000
1000
1000
1000
1000
1000
1000
1000
1000
1000
1000
1000
1000
1000
1000
1000
1000
1000
1000
1000
1000
1000
1000
1000
1000
1000
1000
1000
1000
1000
1000
1000
1000
1000
1000
1000
1000
1000
1000
1000
1000
1000
1000
1000
1000
1000
1000
1000
1000
1000
1000
1000
1000
1000
1000
1000
1000
1000
1000
1000
1000
1000
1000
1000
1000
1000
1000
1000
1000
1000
1000
1000
1000
1000
1000
1000
1000
1000
1000
1000
1000
1000
1000
1000
1000
1000
1000
1000
1000
1000
1000
1000
1000
1000
1000
1000
1000
1000
1000
1000
1000
1000
1000
1000
1000
1000
1000
1000
1000
1000
1000
1000
1000
1000
1000
1000
1000
1000
1000
1000
1000
1000
1000
1000
1000
1000
1000
1000
1000
1000
1000
1000
1000
1000
1000
1000
1000
1000
1000
1000
1000
1000
1000
1000
1000
1000
1000
1000
1000
1000
1000
1000
1000
1000
1000
1000
1000
1000
1000
1000
1000
1000
1000
1000
1000
1000
1000
1000
1000
1000
1000
1000
1000
1000
1000
1000
1000
1000
1000
1000
1000
1000
1000
1000
1000
1000
1000
1000
1000
1000
1000
1000
1000
1000
1000
1000
1000
1000
1000
1000
1000
1000
1000
1000
1000
1000
1000
1000
1000
1000
1000
1000
1000
1000
1000
1000
1000
1000
1000
1000
1000
1000
1000
1000
1000
1000
1000
1000
1000
1000
1000
1000
1000
1000
1000
1000
1000
1000
1000
1000
1000
1000
1000
1000
1000
1000
1000
1000
1000
1000
1000
1000
1000
1000
1000
1000
1000
1000
1000
1000
1000
1000
1000
1000
1000
1000
1000
1000
1000
1000
1000
1000
1000
1000
1000
1000
1000
1000
1000
1000
1000
1000
1000
1000
1000
1000
1000
1000
1000
1000
1000
1000
1000
1000
1000
1000
1000
1000
1000
1000
1000
1000
1000
1000
1000
1000
1000
1000
1000
1000
1000
1000
1000
1000
1000
1000
1000
1000
1000
1000
1000
1000
1000
1000
1000
1000
1000
1000
1000
1000
1000
1000
1000
1000
1000
1000
1000
1000
1000
1000
1000
1000
1000
1000
1000
1000
1000
1000
1000
1000
1000
1000
1000
1000
1000
1000
1000
1000
1000
1000
1000
1000
1000
1000
1000
1000
1000
1000
1000
1000
1000
1000
1000
1000
1000
1000
1000
1000
1000
1000
1000
1000
1000
1000
1000
1000
1000
1000
1000
1000
1000
1000
1000
1000
1000
1000
1000
1000
1000
1000
1000
1000
1000
1000
1000
1000
1000
1000
1000
1000
1000
1000
1000
1000
1000
1000
1000
1000
1000
1000
1000
1000
1000
1000
1000
1000
1000
1000
1000
1000
1000
1000
1000
1000
1000
1000
1000
1000
1000
1000
1000
1000
1000
1000
1000
1000
1000
1000
1000
1000
1000
1000
1000
1000
1000
1000
1000
1000
1000
1000
1000
1000
1000
1000
1000
1000
1000
1000
1000
1000
1000
1000
1000
1000
1000
1000
1000
1000
1000
1000
1000
1000
1000
1000
1000
1000
1000
1000
1000
1000
1000
1000
1000
1000
1000
1000
1000
1000
1000
1000
1000
1000
1000
1000
1000
1000
1000
1000
1000
1000
1000
1000
1000
1000
1000
1000
1000
1000
1000
1000
1000
1000
1000
1000
1000
1000
1000
1000
1000
1000
1000
1000
1000
1000
1000
1000
1000
1000
1000
1000
1000
1000
1000
1000
1000
1000
1000
1000
1000
1000
1000
1000
1000
1000
1000
1000
1000
1000
1000
1000
1000
1000
1000
1000
1000
1000
1000
1000
1000
1000
1000
1000
1000
1000
1000
1000
1000
1000
1000
1000
1000
1000
1000
1000
1000
1000
1000
1000
1000
1000
1000
1000
1000
1000
1000
1000
1000
1000
1000
1000
1000
1000
1000
1000
1000
1000
1000
1000
1000
1000
1000
1000
1000
1000
1000
1000
1000
1000
1000
1000
1000
1000
1000
1000
1000
1000
1000
1000
1000
1000
1000
1000
1000
1000
1000
1000
1000
1000
1000
1000
1000
1000
1000
1000
1000
1000
1000
1000
1000
1000
1000
1000
1000
1000
1000
1000
1000
1000
1000
1000
1000
1000
1000
1000
1000
1000
1000
1000
1000
1000
1000
1000
1000
1000
1000
1000
1000
1000
1000
1000
1000
1000
1000
1000
1000
1000
1000
1000
1000
1000
1000
1000
1000
1000
1000
1000
1000
1000
1000
1000
1000
1000
1000
1000
1000
1000
1000
1000
1000
1000
1000
1000
1000
1000
1000
1000
1000
1000
1000
1000
1000
1000
1000
1000
1000
1000
1000
1000
1000
1000
1000
1000
1000
1000
1000
1000
1000
1000
1000
1000
1000
1000
1000
1000
1000
1000
1000
1000
1000
1000
1000
1000
1000
1000
1000
1000
1000
1000
1000
1000
1000
1000
1000
1000
1000
1000
1000
1000
1000
1000
1000
1000
1000
1000
1000
1000
1000
1000
1000
1000
1000
1000
1000
1000
1000
1000
1000
1000
1000
1000
1000
1000
1000
1000
1000
1000
1000
1000
1000
1000
1000
1000
1000
1000
1000
1000
1000
1000
1000
1000
1000
1000
1000
1000
1000
1000
1000
1000
1000
1000
1000
1000
1000
1000
1000
1000
1000
1000
1000
1000
1000
1000
1000
1000
1000
1000
1000
1000
1000
1000
1000
1000
1000
1000
1000
1000
1000
1000
1000
1000
1000
1000
1000
1000
1000
1000
1000
1000
1000
1000
1000
1000
1000
1000
1000
1000
1000
1000
1000
1000
1000
1000
1000
1000
1000
1000
1000
1000
1000
1000
1000
1000
1000
1000
1000
1000
1000
1000
1000
1000
1000
1000
1000
1000
1000
1000
1000
1000
1000
1000
1000
1000
1000
1000
1000
1000
1000
1000
1000
1000
1000
1000
1000
1000
1000
1000
1000
1000
1000
1000
1000
1000
1000
1000
1000
1000
1000
1000
1000
1000
1000
1000
1000
1000
1000
1000
1000
1000
1000
1000
1000
1000
1000
1000
1000
1000
1000
1000
1000
1000
1000
1000
1000
1000
1000
1000
1000
1000
1000
1000
1000
1000
1000
1000
1000
1000
1000
1000
1000
1000
1000
1000
1000
1000
1000
1000
1000
1000
1000
1000
1000
1000
1000
1000
1000
1000
1000
1000
1000
1000
1000
1000
1000
1000
1000
1000
1000
1000
1000
1000
1000
1000
1000
1000
1000
1000
1000
1000
1000
1000
1000
1000
1000
1000
1000
1000
1000
1000
1000
1000
1000
1000
1000
1000
1000
1000
1000
1000
1000
1000
1000
1000
1000
1000
1000
1000
1000
1000
1000
1000
1000
1000
1000
1000
1000
1000
1000
1000
1000
1000
1000
1000
1000
1000
1000
1000
1000
1000
1000
1000
1000
1000
1000
1000
1000
1000
1000
1000
1000
1000
1000
1000
1000
1000
1000
1000
1000
1000
1000
1000
1000
1000
1000
1000
1000
1000
1000
1000
1000
1000
1000
1000
1000
1000
1000
1000
1000
1000
1000
1000
1000
1000
1000
1000
1000
1000
1000
1000
1000
1000
1000
1000
1000
1000
1000
1000
1000
1000
1000
1000
1000
1000
1000
1000
1000
1000
1000
1000
1000
1000
1000
1000
1000
1000
1000
1000
1000
1000
1000
1000
1000
1000
1000
1000
1000
1000
1000
1000
1000
1000
1000
1000
1000
1000
1000
1000
1000
1000
1000
1000
1000
1000
1000
1000
1000
1000
1000
1000
1000
1000
1000
1000
1000
1000
1000
1000
1000
1000
1000
1000
1000
1000
1000
1000
1000
1000
1000
1000
1000
1000
1000
1000
1000
1000
1000
1000
1000
1000
1000
1000
1000
1000
1000
1000
1000
1000
1000
1000
1000
1000
1000
1000
1000
1000
1000
1000
1000
1000
1000
1000
1000
1000
1000
1000
1000
1000
1000
1000
1000
1000
1000
1000
1000
1000
1000
1000
1000
1000
1000
1000
1000
1000
1000
1000
1000
1000
1000
1000
1000
1000
1000
1000
1000
1000
1000
1000
1000
1000
1000
1000
1000
1000
1000
1000
1000
1000
1000
1000
1000
1000
1000
1000
1000
1000
1000
1000
1000
1000
1000
1000
1000
1000
1000
1000
1000
1000
1000
1000
1000
1000
1000
1000
1000
1000
1000
1000
1000
1000
1000
1000
1000
1000
1000
1000
1000
1000
1000
1000
1000
1000
1000
1000
1000
1000
1000
1000
1000
1000
1000
1000
1000
1000
1000
1000
1000
1000
1000
1000
1000
1000
1000
1000
1000
1000
1000
1000
1000
1000
1000
1000
1000
1000
1000
1000
1000
1000
1000
1000
1000
1000
1000
1000
1000
1000
1000
1000
1000
1000
1000
1000
1000
1000
1000
1000
1000
1000
1000
1000
1000
1000
1000
1000
1000
1000
1000
1000
1000
1000
1000
1000
1000
1000
1000
1000
1000
1000
1000
1000
1000
1000
1000
1000
1000
1000
1000
1000
1000
1000
1000
1000
1000
1000
1000
1000
1000
1000
1000
1000
1000
1000
1000
1000
1000
1000
1000
1000
1000
1000
1000
1000
1000
1000
1000
1000
1000
1000
1000
1000
1000
1000
1000
1000
1000
1000
1000
1000
1000
1000
1000
1000
1000
1000
1000
1000
1000
1000
1000
1000
1000
1000
1000
1000
1000
1000
1000
1000
1000
1000
1000
1000
1000
1000
1000
1000
1000
1000
1000
1000
1000
1000
1000
1000
1000
1000
1000
1000
1000
1000
1000
1000
1000
1000
1000
1000
1000
1000
1000
1000
1000
1000
1000
1000
1000
1000
1000
1000
1000
1000
1000
1000
1000
1000
1000
1000
1000
1000
1000
1000
1000
1000
1000
1000
1000
1000
1000
1000
1000
1000
1000
1000
1000
1000
1000
1000
1000
1000
1000
1000
1000
1000
1000
1000
1000
1000
1000
1000
1000
1000
1000
1000
1000
1000
1000
1000
1000
1000
1000
1000
1000
1000
1000
1000
1000
1000
1000
1000
1000
1000
1000
1000
1000
1000
1000
1000
1000
1000
1000
1000
999.999
999.998
999.998
1000
1000
1000
1000
881.119
778.234
773.454
913.835
993.291
1000
1000
477.799
349.466
350.804
557.323
904.262
1000
1000
319.859
317.544
317.475
357.031
756.627
994.646
1000
320.945
348.909
329.114
337.64
697.31
989.19
1000
324.277
319.287
319.267
359.829
769.451
997.624
1000
602.966
420.707
434.966
647.56
934.794
999.999
1000
999.992
999.986
999.999
999.993
999.997
1000
1000
971.071
956.791
953.239
982.177
999.244
999.998
1000
810.835
600.298
587.511
875.914
982.49
999.986
1000
526.773
317.433
317.488
619.889
952.605
999.793
999.998
443.115
317.544
317.426
570.338
936.791
999.193
999.997
602.316
368.276
388.432
667.302
955.151
999.926
999.999
891.851
794.376
784.53
907.4
985.159
999.988
1000
1000
1000
1000
1000
1000
1000
1000
975.698
986.02
976.857
987.21
1000
1000
1000
895.763
721.824
730.024
937.465
988.611
1000
1000
866.123
387.154
373.962
794.222
977.302
1000
1000
816.44
365.932
318.579
762.853
976.351
1000
919.629
679.56
655.031
870.952
973.529
924.618
927.707
857.651
939.686
1000
1000
1000
1000
1000
1000
999.971
999.555
1000
1000
1000
1000
1000
1000
999.991
999.907
1000
1000
1000
1000
1000
1000
1000
1000
1000
1000
1000
1000
1000
1000
1000
1000
1000
1000
1000
1000
1000
1000
1000
1000
1000
1000
1000
1000
1000
1000
1000
1000
1000
1000
1000
1000
1000
999.998
999.996
1000
1000
1000
1000
1000
1000
1000
999.872
998.899
1000
1000
1000
1000
1000
1000
999.977
999.911
1000
1000
1000
1000
1000
1000
1000
1000
1000
1000
1000
1000
1000
1000
1000
1000
1000
1000
1000
1000
1000
1000
1000
1000
1000
1000
1000
1000
1000
1000
1000
1000
1000
1000
1000
1000
1000
999.999
1000
1000
1000
1000
1000
1000
1000
1000
999.739
998.436
1000
1000
1000
1000
1000
999.999
1000
1000
957.068
999.996
1000
1000
999.999
1000
1000
1000
674.846
986.059
999.999
1000
999.997
1000
999.944
999.89
490.976
921.658
999.988
999.997
999.996
999.999
999.925
999.238
572.72
955.864
999.995
999.996
999.988
999.999
999.869
999.238
852.908
999.986
999.999
999.956
999.747
999.961
999.79
999.311
992.7
999.999
1000
999.775
999.747
999.959
999.845
999.997
999.998
999.986
999.998
1000
1000
1000
1000
1000
983.113
1000
1000
1000
999.999
1000
1000
1000
939.107
997
1000
1000
999.999
999.999
999.94
999.891
864.764
983.482
999.997
1000
999.999
1000
999.881
999.237
897.072
991.506
999.998
999.998
999.972
1000
999.769
999.238
964.689
999.971
999.999
999.945
999.746
999.928
999.491
999.765
997.21
999.999
999.999
999.778
999.747
999.981
999.928
999.998
1000
999.986
999.999
1000
1000
1000
1000
1000
978.587
1000
1000
1000
999.999
999.999
1000
1000
959.305
992.613
1000
1000
1000
999.992
999.927
999.904
976.003
979.636
999.975
1000
1000
1000
999.803
999.237
945.718
988.611
999.999
999.998
999.966
1000
999.508
999.35
963.6
999.999
999.999
999.931
999.746
999.897
999.441
999.917
999.13
999.998
999.998
999.773
999.8
999.997
999.968
999.998
1000
999.99
999.999
1000
1000
1000
1000
1000
999.997
999.989
999.999
1000
1000
1000
1000
1000
1000
1000
1000
999.994
999.999
1000
1000
1000
1000
1000
1000
999.989
999.999
1000
999.999
1000
1000
1000
1000
1000
1000
1000
999.988
999.787
1000
999.999
1000
1000
1000
1000
999.983
999.902
1000
999.999
1000
1000
1000
1000
999.991
999.852
1000
1000
1000
1000
1000
1000
1000
999.998
999.998
999.994
999.999
999.999
999.999
1000
1000
1000
1000
1000
999.999
999.984
999.998
1000
1000
1000
1000
1000
999.999
999.984
1000
1000
999.997
999.961
1000
1000
1000
1000
1000
1000
999.963
999.776
1000
999.999
1000
1000
1000
999.999
999.982
999.982
999.999
999.999
1000
1000
1000
1000
999.911
998.921
1000
1000
1000
1000
1000
1000
999.948
998.739
1000
999.999
999.999
999.996
999.999
1000
1000
1000
1000
1000
999.996
999.984
999.998
1000
1000
999.999
1000
1000
999.997
999.986
1000
1000
999.996
999.812
1000
1000
1000
1000
1000
1000
999.962
999.806
1000
1000
1000
1000
1000
999.999
999.954
999.751
999.999
1000
1000
1000
1000
1000
999.734
998.73
1000
1000
1000
1000
1000
1000
999.749
996.87
1000
1000
1000
1000
1000
1000
999.924
998.494
1000
1000
999.998
999.769
999.838
999.425
998.123
998.142
999.964
1000
1000
999.912
999.65
999.4
998.121
998.701
964.071
999.998
1000
1000
999.96
999.686
999.419
998.216
843.229
999.986
1000
1000
1000
999.971
999.994
998.363
865.312
999.983
1000
1000
1000
999.999
1000
999.603
985.942
999.999
1000
1000
1000
1000
1000
999.981
1000
1000
1000
1000
1000
1000
999.693
998.73
1000
1000
1000
999.797
999.855
998.887
998.183
998.079
999.834
1000
1000
999.907
999.773
999.489
998.123
999.561
991.846
1000
1000
1000
999.962
999.725
998.566
998.216
969.949
999.979
1000
1000
1000
999.966
999.906
998.216
974.932
999.977
1000
1000
1000
1000
1000
998.398
996.638
1000
1000
1000
1000
1000
999.999
999.948
969.13
1000
972.733
999.999
1000
1000
1000
1000
992.584
1000
1000
1000
1000
1000
999.994
999.937
1000
1000
1000
1000
1000
1000
1000
1000
1000
1000
1000
1000
1000
1000
1000
1000
1000
1000
1000
1000
1000
1000
1000
1000
1000
1000
1000
1000
1000
1000
1000
1000
1000
1000
1000
1000
1000
1000
1000
1000
1000
1000
1000
1000
1000
1000
1000
1000
1000
1000
1000
1000
1000
1000
1000
1000
1000
1000
1000
1000
1000
1000
1000
1000
1000
1000
1000
1000
1000
1000
1000
1000
1000
1000
1000
1000
1000
1000
1000
1000
1000
1000
1000
1000
1000
1000
1000
1000
1000
1000
1000
1000
1000
1000
1000
1000
1000
1000
1000
1000
1000
1000
1000
1000
1000
1000
1000
1000
1000
1000
1000
1000
1000
1000
1000
1000
1000
1000
1000
1000
1000
1000
1000
1000
1000
1000
1000
1000
1000
1000
1000
1000
1000
1000
1000
1000
1000
1000
1000
1000
1000
1000
1000
1000
1000
1000
1000
1000
1000
1000
1000
1000
1000
1000
1000
1000
1000
1000
1000
1000
1000
1000
1000
1000
1000
1000
1000
1000
1000
1000
1000
1000
1000
1000
1000
1000
1000
1000
1000
1000
1000
1000
1000
1000
1000
1000
1000
1000
1000
1000
1000
1000
1000
1000
1000
1000
1000
1000
1000
1000
1000
1000
1000
1000
1000
1000
1000
1000
1000
1000
1000
1000
1000
1000
1000
1000
1000
1000
1000
1000
1000
1000
1000
1000
1000
1000
1000
1000
1000
1000
1000
1000
1000
1000
1000
1000
1000
1000
1000
1000
1000
1000
1000
1000
1000
1000
1000
1000
1000
1000
1000
1000
1000
1000
1000
1000
1000
1000
1000
1000
1000
1000
1000
1000
1000
1000
1000
1000
1000
1000
1000
1000
1000
1000
1000
1000
1000
1000
1000
1000
1000
1000
1000
1000
1000
1000
1000
1000
1000
1000
1000
1000
1000
1000
1000
1000
1000
1000
1000
1000
1000
1000
1000
1000
1000
1000
1000
1000
1000
1000
1000
1000
1000
1000
1000
1000
1000
1000
1000
1000
1000
1000
1000
1000
1000
1000
1000
1000
1000
1000
1000
1000
1000
1000
1000
1000
1000
1000
1000
1000
1000
1000
1000
1000
1000
1000
1000
1000
1000
1000
1000
1000
1000
1000
1000
1000
1000
1000
1000
1000
1000
1000
1000
1000
1000
1000
1000
1000
1000
1000
1000
1000
1000
1000
1000
1000
1000
1000
1000
1000
1000
1000
1000
1000
1000
1000
1000
1000
1000
1000
1000
1000
1000
1000
1000
1000
1000
1000
1000
1000
1000
1000
1000
1000
1000
1000
1000
1000
1000
1000
1000
1000
1000
1000
1000
1000
1000
1000
1000
1000
1000
1000
1000
1000
1000
1000
1000
1000
1000
1000
1000
1000
1000
1000
1000
1000
1000
1000
1000
1000
1000
1000
1000
1000
1000
1000
1000
1000
1000
1000
1000
1000
1000
1000
1000
1000
1000
1000
1000
1000
1000
1000
1000
1000
1000
1000
1000
1000
1000
1000
1000
1000
1000
1000
1000
1000
1000
1000
1000
1000
1000
1000
1000
1000
1000
1000
1000
1000
1000
1000
1000
1000
1000
1000
1000
1000
1000
1000
1000
1000
1000
1000
1000
1000
1000
1000
1000
1000
1000
1000
1000
1000
1000
1000
1000
1000
1000
1000
1000
1000
1000
1000
1000
1000
1000
1000
1000
1000
1000
1000
1000
1000
1000
1000
1000
1000
1000
1000
1000
1000
1000
1000
1000
1000
1000
1000
1000
1000
1000
1000
1000
1000
1000
1000
1000
1000
1000
1000
1000
1000
1000
1000
1000
1000
1000
1000
1000
1000
1000
1000
1000
1000
1000
1000
1000
1000
1000
1000
1000
1000
1000
1000
1000
1000
1000
1000
1000
1000
1000
1000
1000
1000
1000
1000
1000
1000
1000
1000
1000
1000
1000
1000
1000
1000
1000
1000
1000
1000
1000
1000
1000
1000
1000
1000
1000
1000
1000
1000
1000
1000
1000
1000
1000
1000
1000
1000
1000
1000
1000
1000
1000
1000
1000
1000
1000
1000
1000
1000
1000
1000
1000
1000
1000
1000
1000
1000
1000
1000
1000
1000
1000
1000
1000
1000
1000
1000
1000
1000
1000
1000
1000
1000
1000
1000
1000
1000
1000
1000
1000
1000
1000
1000
1000
1000
1000
1000
1000
1000
1000
1000
1000
1000
1000
1000
1000
1000
1000
1000
1000
1000
1000
1000
1000
1000
1000
1000
1000
1000
1000
1000
1000
1000
1000
1000
1000
1000
1000
1000
1000
1000
1000
1000
1000
1000
1000
1000
1000
1000
1000
1000
1000
1000
1000
1000
1000
1000
1000
1000
1000
1000
1000
1000
1000
1000
1000
1000
1000
1000
1000
1000
1000
1000
1000
1000
1000
1000
1000
1000
1000
1000
1000
1000
1000
1000
1000
1000
1000
1000
1000
1000
1000
1000
1000
1000
1000
1000
1000
1000
1000
1000
1000
1000
1000
1000
1000
1000
1000
1000
1000
1000
1000
1000
1000
1000
1000
1000
1000
1000
1000
1000
1000
1000
1000
1000
1000
1000
1000
1000
1000
1000
1000
1000
1000
1000
1000
1000
1000
1000
1000
1000
1000
1000
1000
1000
1000
1000
1000
1000
1000
1000
1000
1000
1000
1000
1000
1000
1000
1000
1000
1000
1000
1000
1000
1000
1000
1000
1000
1000
1000
1000
1000
1000
1000
1000
1000
1000
1000
1000
1000
1000
1000
1000
1000
1000
1000
1000
1000
1000
1000
1000
1000
1000
1000
1000
1000
1000
1000
1000
1000
1000
1000
1000
1000
1000
1000
1000
1000
1000
1000
1000
1000
1000
1000
1000
1000
1000
1000
1000
1000
1000
1000
1000
1000
1000
1000
1000
1000
1000
1000
1000
1000
1000
1000
1000
1000
1000
1000
1000
1000
1000
1000
1000
1000
1000
1000
1000
1000
1000
1000
1000
1000
1000
1000
1000
1000
1000
1000
1000
1000
1000
1000
1000
1000
1000
1000
1000
1000
1000
1000
1000
1000
1000
1000
1000
1000
1000
1000
1000
1000
1000
1000
1000
1000
1000
1000
1000
1000
1000
1000
1000
1000
1000
1000
1000
1000
1000
1000
1000
1000
1000
1000
1000
1000
1000
1000
1000
1000
1000
1000
1000
1000
1000
1000
1000
1000
1000
1000
1000
1000
1000
1000
1000
1000
1000
1000
1000
1000
1000
1000
1000
1000
1000
1000
1000
1000
1000
1000
1000
1000
1000
1000
1000
1000
1000
1000
1000
1000
1000
1000
1000
1000
1000
1000
1000
1000
1000
1000
1000
1000
1000
1000
1000
1000
1000
1000
1000
1000
1000
1000
1000
1000
1000
1000
1000
1000
1000
1000
1000
1000
1000
1000
1000
1000
1000
1000
1000
1000
1000
1000
1000
1000
1000
1000
1000
1000
1000
1000
1000
1000
1000
1000
1000
1000
1000
1000
1000
1000
1000
1000
1000
1000
1000
1000
1000
1000
1000
1000
1000
1000
1000
1000
1000
1000
1000
1000
1000
1000
1000
1000
1000
1000
1000
1000
1000
1000
1000
1000
1000
1000
1000
1000
1000
1000
1000
1000
1000
1000
1000
1000
1000
1000
1000
1000
1000
1000
1000
1000
1000
1000
1000
1000
1000
1000
1000
1000
1000
1000
1000
1000
)
;

boundaryField
{
    base
    {
        type            calculated;
        value           nonuniform 0();
    }
    outlet
    {
        type            calculated;
        value           nonuniform 0();
    }
    walls
    {
        type            calculated;
        value           nonuniform List<scalar> 
1375
(
1000
1000
1000
1000
1000
1000
1000
1000
1000
1000
1000
1000
1000
1000
1000
1000
1000
1000
1000
1000
1000
1000
1000
1000
1000
1000
1000
1000
1000
1000
1000
1000
1000
1000
1000
1000
1000
1000
1000
1000
1000
1000
1000
1000
1000
1000
1000
1000
1000
1000
1000
1000
1000
1000
1000
1000
1000
1000
1000
1000
1000
1000
1000
1000
1000
1000
1000
1000
1000
1000
1000
1000
1000
1000
1000
1000
1000
1000
1000
1000
1000
1000
1000
1000
1000
1000
1000
1000
1000
1000
1000
1000
1000
1000
1000
1000
1000
1000
1000
1000
1000
1000
1000
1000
1000
1000
1000
1000
1000
1000
1000
1000
1000
1000
1000
1000
1000
1000
1000
1000
1000
1000
1000
1000
1000
1000
1000
1000
1000
1000
1000
1000
1000
1000
1000
1000
1000
1000
1000
1000
1000
1000
1000
1000
1000
1000
1000
1000
1000
1000
1000
1000
1000
1000
1000
1000
1000
1000
1000
1000
1000
1000
1000
1000
1000
1000
1000
1000
1000
1000
1000
1000
1000
1000
1000
1000
1000
1000
1000
1000
1000
1000
1000
1000
1000
1000
1000
1000
1000
1000
1000
1000
1000
1000
1000
1000
1000
1000
1000
1000
1000
1000
1000
1000
1000
1000
1000
1000
1000
1000
1000
1000
1000
1000
1000
1000
1000
1000
1000
1000
1000
1000
1000
1000
1000
1000
1000
1000
1000
1000
1000
1000
1000
1000
1000
1000
1000
1000
1000
1000
1000
1000
1000
1000
1000
1000
1000
1000
1000
1000
1000
1000
1000
1000
1000
1000
1000
1000
1000
1000
1000
1000
1000
1000
1000
1000
1000
1000
1000
1000
1000
1000
1000
1000
1000
1000
1000
1000
1000
1000
1000
1000
1000
1000
1000
1000
1000
1000
1000
1000
1000
1000
1000
1000
1000
1000
1000
1000
1000
1000
1000
1000
1000
1000
1000
1000
1000
1000
1000
1000
1000
1000
1000
1000
1000
1000
1000
1000
1000
1000
1000
1000
1000
1000
1000
1000
1000
1000
1000
1000
1000
1000
1000
1000
1000
1000
1000
1000
1000
1000
1000
1000
1000
1000
1000
1000
1000
1000
1000
1000
1000
1000
1000
1000
1000
1000
1000
1000
1000
1000
1000
1000
1000
1000
1000
1000
1000
1000
1000
1000
1000
1000
1000
1000
1000
1000
1000
1000
1000
1000
1000
1000
1000
1000
1000
1000
1000
1000
1000
1000
1000
1000
1000
1000
1000
1000
1000
1000
1000
1000
1000
1000
1000
1000
1000
1000
1000
1000
1000
1000
1000
1000
1000
1000
1000
1000
1000
1000
1000
1000
1000
1000
1000
1000
1000
1000
1000
1000
1000
999.991
1000
1000
1000
1000
1000
1000
999.99
1000
1000
1000
1000
1000
1000
1000
1000
1000
1000
1000
1000
1000
1000
1000
1000
1000
1000
1000
1000
1000
1000
1000
1000
1000
1000
1000
999.98
1000
1000
1000
1000
1000
1000
999.931
1000
1000
1000
1000
1000
1000
999.955
999.996
999.979
999.999
1000
1000
1000
999.998
1000
1000
999.998
999.947
999.809
999.933
999.995
1000
1000
999.999
999.819
999.809
999.896
999.976
1000
999.999
999.999
999.809
999.809
999.876
999.971
1000
999.995
999.915
999.809
999.81
999.858
999.979
1000
999.985
999.809
999.809
999.939
999.858
999.995
1000
999.974
999.809
999.809
999.997
999.883
1000
1000
999.973
999.809
999.861
999.958
999.973
1000
1000
999.977
999.855
999.954
999.321
999.999
1000
1000
999.989
999.981
999.982
999.239
1000
1000
1000
999.997
999.997
999.94
999.238
999.861
1000
1000
999.993
999.996
999.436
999.238
999.348
1000
1000
999.98
999.827
999.238
999.238
999.245
1000
1000
999.952
999.343
999.239
999.238
999.566
1000
1000
999.912
999.238
999.239
999.239
999.953
1000
1000
1000
1000
1000
999.995
1000
1000
1000
1000
1000
1000
999.996
1000
1000
1000
1000
1000
1000
999.999
1000
1000
1000
1000
1000
1000
1000
1000
1000
1000
1000
1000
1000
1000
1000
1000
1000
1000
1000
1000
1000
1000
1000
1000
1000
1000
1000
1000
1000
1000
1000
1000
1000
1000
1000
1000
1000
1000
1000
1000
1000
1000
1000
1000
1000
1000
1000
999.997
999.997
1000
1000
1000
1000
999.997
999.996
999.998
1000
1000
1000
999.999
999.996
999.998
1000
1000
1000
1000
999.998
999.996
999.999
999.967
1000
1000
1000
999.999
999.997
999.946
999.886
1000
1000
999.992
999.925
999.853
999.853
999.928
1000
1000
1000
999.998
999.948
999.853
999.97
1000
1000
999.974
999.999
999.997
999.968
999.995
1000
1000
999.641
999.559
999.952
1000
1000
1000
1000
999.573
999.23
999.352
999.923
1000
1000
1000
999.843
999.23
999.23
999.35
999.828
999.992
1000
999.99
999.68
999.23
999.23
999.278
999.914
1000
999.71
999.789
999.42
999.23
999.23
999.803
1000
998.897
999.462
999.719
999.355
999.363
999.812
999.999
998.659
998.36
999.756
999.869
999.952
999.927
999.996
999.356
998.334
998.915
999.998
1000
1000
999.997
999.928
998.378
998.219
999.914
1000
1000
1000
999.957
999.383
998.218
998.974
1000
1000
1000
999.442
999.337
998.218
998.219
999.497
1000
999.997
1000
1000
1000
1000
1000
1000
1000
1000
1000
1000
1000
1000
1000
1000
1000
1000
1000
1000
1000
1000
1000
1000
1000
1000
1000
1000
1000
1000
1000
1000
1000
1000
1000
1000
1000
1000
1000
1000
1000
1000
1000
1000
1000
1000
1000
1000
1000
1000
1000
1000
1000
1000
1000
1000
1000
1000
1000
1000
1000
1000
1000
1000
1000
1000
1000
1000
1000
1000
1000
1000
1000
1000
1000
1000
1000
1000
1000
1000
1000
1000
1000
1000
1000
1000
1000
1000
1000
1000
1000
1000
1000
1000
1000
1000
1000
1000
1000
1000
1000
1000
1000
1000
1000
1000
1000
1000
1000
1000
1000
1000
1000
1000
1000
1000
1000
1000
1000
1000
1000
1000
1000
1000
1000
1000
1000
1000
1000
1000
1000
1000
1000
1000
1000
1000
1000
1000
1000
1000
1000
1000
1000
1000
1000
1000
1000
1000
1000
1000
1000
1000
1000
1000
1000
1000
1000
1000
1000
1000
1000
1000
1000
1000
1000
1000
1000
1000
1000
1000
1000
1000
1000
1000
1000
1000
1000
1000
1000
1000
1000
1000
1000
1000
1000
1000
1000
1000
1000
1000
1000
1000
1000
1000
1000
1000
1000
1000
1000
1000
1000
1000
1000
1000
1000
1000
1000
1000
1000
1000
1000
1000
1000
1000
1000
1000
1000
1000
1000
1000
1000
1000
1000
1000
1000
1000
1000
1000
1000
1000
1000
1000
1000
1000
1000
1000
1000
1000
1000
1000
1000
1000
1000
1000
1000
1000
1000
1000
1000
1000
1000
1000
1000
1000
1000
1000
1000
1000
1000
1000
1000
1000
1000
1000
1000
1000
1000
1000
1000
1000
1000
1000
1000
1000
1000
1000
1000
1000
1000
1000
1000
1000
1000
1000
1000
1000
1000
1000
1000
1000
1000
1000
1000
1000
1000
1000
1000
1000
1000
1000
1000
1000
1000
1000
1000
1000
1000
1000
1000
1000
1000
1000
1000
1000
1000
1000
1000
1000
1000
1000
1000
1000
1000
1000
1000
1000
1000
1000
1000
1000
1000
1000
1000
1000
1000
1000
1000
1000
1000
1000
1000
1000
1000
1000
1000
1000
1000
1000
1000
1000
1000
1000
1000
1000
1000
1000
1000
1000
1000
1000
1000
1000
1000
1000
1000
1000
1000
1000
1000
1000
1000
1000
1000
1000
1000
1000
1000
1000
1000
1000
1000
1000
1000
999.555
999.907
1000
1000
1000
1000
1000
998.899
999.911
1000
1000
1000
1000
1000
998.436
1000
999.89
999.238
999.238
999.311
999.997
1000
1000
999.891
999.237
999.238
999.765
999.998
1000
1000
999.904
999.237
999.35
999.917
999.998
1000
1000
1000
1000
999.787
999.902
999.852
999.998
1000
1000
999.961
999.776
999.982
998.921
998.739
1000
999.999
999.812
999.806
999.751
998.73
996.87
998.494
998.142
998.701
998.216
998.363
999.603
999.981
998.73
998.079
999.561
998.216
998.216
998.398
999.948
999.937
1000
1000
1000
1000
1000
1000
1000
1000
1000
1000
1000
1000
1000
1000
1000
1000
1000
1000
1000
1000
1000
1000
1000
1000
1000
1000
1000
1000
1000
1000
1000
1000
1000
1000
1000
1000
1000
1000
1000
1000
1000
1000
1000
1000
1000
1000
1000
1000
1000
1000
1000
1000
1000
1000
1000
1000
1000
1000
1000
1000
1000
1000
1000
1000
1000
1000
1000
1000
1000
1000
1000
1000
1000
1000
1000
1000
1000
1000
1000
1000
1000
1000
1000
1000
1000
1000
1000
1000
1000
1000
1000
1000
1000
1000
1000
1000
1000
1000
1000
1000
1000
1000
1000
1000
1000
1000
1000
1000
1000
1000
1000
1000
1000
1000
1000
1000
1000
1000
1000
1000
1000
1000
1000
1000
1000
1000
1000
1000
1000
1000
1000
1000
1000
1000
1000
1000
1000
1000
1000
1000
1000
1000
)
;
    }
    inlet
    {
        type            calculated;
        value           nonuniform 0();
    }
    procBoundary1to0
    {
        type            processor;
        value           nonuniform List<scalar> 
760
(
1000
1000
1000
1000
1000
1000
1000
1000
1000
1000
1000
1000
1000
1000
1000
1000
1000
1000
1000
1000
1000
1000
1000
1000
1000
1000
1000
1000
1000
1000
1000
1000
1000
1000
1000
1000
1000
1000
1000
1000
1000
1000
1000
1000
1000
1000
1000
1000
1000
1000
1000
1000
1000
1000
1000
1000
1000
1000
1000
1000
1000
1000
1000
1000
1000
1000
1000
1000
1000
1000
1000
1000
1000
1000
1000
1000
1000
1000
1000
1000
1000
1000
1000
1000
1000
1000
1000
1000
1000
1000
1000
1000
1000
1000
1000
1000
1000
1000
1000
1000
1000
1000
1000
1000
1000
1000
1000
1000
1000
1000
1000
1000
1000
1000
1000
1000
1000
1000
1000
1000
1000
1000
1000
1000
1000
1000
1000
1000
1000
1000
1000
1000
1000
1000
1000
1000
1000
1000
1000
1000
1000
1000
1000
1000
1000
1000
1000
1000
1000
1000
1000
1000
1000
1000
1000
1000
1000
1000
1000
1000
1000
1000
1000
1000
1000
1000
1000
1000
1000
1000
1000
1000
1000
1000
1000
1000
1000
1000
1000
1000
1000
1000
1000
1000
1000
1000
1000
1000
1000
1000
1000
1000
1000
1000
1000
1000
1000
1000
1000
1000
1000
1000
1000
1000
1000
1000
1000
1000
1000
1000
1000
1000
1000
1000
1000
1000
1000
1000
1000
1000
1000
1000
1000
1000
1000
1000
1000
1000
1000
1000
1000
1000
1000
1000
1000
1000
1000
1000
1000
1000
1000
1000
1000
1000
1000
1000
999.997
999.958
999.849
999.904
999.979
999.942
999.999
992.396
825.51
604.31
706.523
959.829
999.994
1000
762.889
184.161
47.2195
99.334
562.119
981.726
999.997
361.926
47.1448
43.8709
46.0045
193.749
860.771
999.974
429.026
52.1758
44.9081
52.2068
256.234
907.038
999.983
824.292
221.01
52.2056
126.095
659.964
994.85
999.999
997.18
859.449
622.644
764.481
980.447
999.997
1000
1000
1000
1000
1000
1000
1000
1000
1000
1000
1000
1000
1000
1000
1000
1000
1000
1000
1000
1000
1000
1000
1000
1000
1000
1000
1000
1000
1000
1000
1000
1000
1000
1000
1000
1000
1000
1000
1000
1000
1000
1000
1000
1000
1000
1000
1000
1000
1000
1000
1000
1000
1000
1000
1000
999.999
1000
999.997
1000
1000
1000
1000
1000
1000
1000
999.931
1000
1000
1000
1000
1000
1000
1000
984.635
999.999
1000
1000
1000
999.999
1000
999.995
961.429
999.982
1000
1000
1000
999.988
999.984
999.995
999.916
1000
1000
1000
999.999
999.993
999.993
999.865
999.997
1000
999.999
1000
999.999
999.996
999.992
999.985
1000
1000
1000
999.999
1000
1000
1000
1000
999.999
999.999
1000
1000
1000
1000
1000
1000
999.994
999.966
999.983
999.996
999.999
1000
1000
1000
999.953
999.828
999.313
999.878
999.989
999.998
999.996
1000
999.979
999.774
998.904
999.582
999.902
999.992
1000
1000
999.971
999.725
998.229
998.626
999.902
1000
1000
999.995
999.785
999.91
999.938
999.923
999.965
1000
1000
1000
999.998
999.997
999.998
1000
1000
1000
1000
1000
1000
1000
999.999
999.998
999.999
999.997
999.989
999.958
1000
1000
999.997
999.984
999.998
999.998
999.97
999.853
999.996
1000
999.999
999.998
999.993
999.979
999.946
999.853
999.913
1000
999.999
999.993
999.994
999.994
999.988
999.853
999.837
999.995
999.995
999.95
999.942
999.981
1000
999.915
999.947
1000
1000
999.996
999.994
999.997
1000
1000
999.998
1000
1000
1000
1000
1000
1000
1000
1000
1000
1000
1000
1000
1000
1000
1000
1000
1000
1000
1000
1000
1000
1000
1000
1000
1000
1000
1000
1000
1000
1000
1000
1000
1000
1000
1000
1000
1000
1000
1000
1000
1000
1000
1000
1000
1000
1000
1000
1000
1000
1000
1000
1000
1000
1000
1000
1000
1000
1000
1000
1000
1000
1000
1000
1000
1000
1000
1000
1000
1000
1000
1000
1000
1000
1000
1000
1000
1000
1000
1000
1000
1000
1000
1000
1000
1000
1000
1000
1000
1000
1000
1000
1000
1000
1000
1000
1000
1000
1000
1000
1000
1000
1000
1000
1000
1000
1000
1000
1000
1000
1000
1000
1000
1000
1000
1000
1000
1000
1000
1000
1000
1000
1000
1000
1000
1000
1000
1000
1000
1000
1000
1000
1000
1000
1000
1000
1000
1000
1000
1000
1000
1000
1000
1000
1000
1000
1000
1000
1000
1000
1000
1000
1000
1000
1000
1000
1000
1000
1000
1000
1000
1000
1000
1000
1000
1000
1000
1000
1000
1000
1000
1000
1000
1000
1000
1000
1000
1000
1000
1000
1000
1000
1000
1000
1000
1000
1000
1000
1000
1000
1000
1000
1000
1000
1000
1000
1000
1000
1000
1000
1000
1000
1000
1000
1000
1000
1000
1000
1000
1000
1000
1000
1000
1000
1000
1000
1000
1000
1000
1000
1000
1000
1000
1000
1000
1000
1000
1000
1000
1000
1000
1000
1000
1000
1000
1000
1000
1000
1000
1000
1000
1000
1000
1000
1000
1000
1000
1000
1000
)
;
    }
    procBoundary1to2
    {
        type            processor;
        value           nonuniform List<scalar> 
783
(
1000
1000
1000
989.721
1000
1000
1000
1000
1000
1000
1000
1000
1000
943.512
961.505
945.51
976.88
999.999
1000
1000
786.234
560.331
642.402
866.328
977.415
1000
1000
728.076
682.141
551.793
721.733
943.269
1000
1000
1000
1000
825.24
691.789
553.524
640.316
937.525
1000
1000
1000
809.285
713.722
550.994
792.137
1000
989.721
919.25
759.565
725.91
662.58
989.721
831.157
990.667
999.974
999.968
1000
1000
1000
1000
1000
1000
1000
1000
1000
1000
1000
1000
1000
1000
1000
1000
1000
1000
1000
1000
1000
1000
1000
1000
1000
1000
1000
1000
1000
1000
1000
1000
1000
1000
1000
1000
999.999
1000
1000
1000
1000
1000
1000
1000
999.974
999.653
999.968
997.903
1000
1000
1000
1000
1000
1000
1000
1000
999.974
1000
999.998
1000
1000
1000
1000
1000
941.543
1000
1000
1000
1000
999.998
1000
1000
776.659
969.245
1000
1000
1000
999.97
999.907
999.94
723.185
932.999
1000
1000
1000
1000
999.569
999.64
786.643
961.094
1000
999.998
999.969
999.997
999.441
999.829
892.294
999.999
999.999
999.899
999.746
999.897
999.441
999.943
997.309
999.999
999.999
999.772
999.888
1000
999.966
999.999
1000
999.998
1000
1000
1000
1000
1000
1000
1000
1000
999.999
999.993
999.999
1000
1000
1000
1000
1000
999.988
999.984
999.998
1000
1000
999.997
1000
1000
999.987
999.993
1000
1000
999.991
999.796
1000
1000
1000
1000
1000
1000
999.977
999.931
1000
1000
1000
1000
1000
1000
999.873
998.574
1000
1000
1000
1000
1000
1000
999.719
998.821
1000
1000
1000
1000
1000
1000
999.485
996.869
1000
1000
1000
999.999
1000
999.987
999.515
999.621
1000
1000
999.999
999.926
999.787
998.775
999.25
998.079
999.998
1000
1000
999.934
999.818
999.731
999.331
999.671
990.667
1000
1000
999.999
999.973
999.81
998.563
998.929
1000
1000
1000
999.978
999.571
998.217
999.963
998.217
990.667
1000
908.801
1000
1000
1000
1000
1000
999.978
911.431
1000
1000
1000
999.998
999.963
1000
999.963
998.217
973.641
1000
1000
1000
1000
1000
999.983
999.938
1000
1000
1000
1000
1000
1000
1000
1000
1000
1000
1000
1000
1000
1000
1000
1000
1000
1000
1000
1000
1000
1000
1000
1000
1000
1000
1000
1000
1000
1000
1000
1000
1000
1000
1000
1000
1000
1000
1000
1000
1000
1000
1000
1000
1000
1000
1000
1000
1000
1000
1000
1000
1000
1000
1000
1000
1000
1000
1000
1000
1000
1000
1000
1000
1000
1000
1000
1000
1000
1000
1000
1000
1000
1000
1000
1000
1000
1000
1000
1000
1000
1000
1000
1000
1000
1000
1000
1000
1000
1000
1000
1000
1000
1000
1000
1000
1000
1000
1000
1000
1000
1000
1000
1000
1000
1000
1000
1000
1000
1000
1000
1000
1000
1000
1000
1000
1000
1000
1000
1000
1000
1000
1000
1000
1000
1000
1000
1000
1000
1000
1000
1000
1000
1000
1000
1000
1000
1000
1000
1000
1000
1000
1000
1000
1000
1000
1000
1000
1000
1000
1000
1000
1000
1000
1000
1000
1000
1000
1000
1000
1000
1000
1000
1000
1000
1000
1000
1000
1000
1000
1000
1000
1000
1000
1000
1000
1000
1000
1000
1000
1000
1000
1000
1000
1000
1000
1000
1000
1000
1000
1000
1000
1000
1000
1000
1000
1000
1000
1000
1000
1000
1000
1000
1000
1000
1000
1000
1000
1000
1000
1000
1000
1000
1000
1000
1000
1000
1000
1000
1000
1000
1000
1000
1000
1000
1000
1000
1000
1000
1000
1000
1000
1000
1000
1000
1000
1000
1000
1000
1000
1000
1000
1000
1000
1000
1000
1000
1000
1000
1000
1000
1000
1000
1000
1000
1000
1000
1000
1000
1000
1000
1000
1000
1000
1000
1000
1000
1000
1000
1000
1000
1000
1000
1000
1000
1000
1000
1000
1000
1000
1000
1000
1000
1000
1000
1000
1000
1000
1000
1000
1000
1000
1000
1000
1000
1000
1000
1000
1000
1000
1000
1000
1000
1000
1000
1000
1000
1000
1000
1000
1000
1000
1000
1000
1000
1000
1000
1000
1000
1000
1000
1000
1000
1000
1000
1000
1000
1000
1000
1000
1000
1000
1000
1000
1000
1000
1000
1000
1000
1000
1000
1000
1000
1000
1000
1000
1000
1000
1000
1000
1000
1000
1000
1000
1000
1000
1000
1000
1000
1000
1000
1000
1000
1000
1000
1000
1000
1000
1000
1000
1000
1000
1000
1000
1000
1000
1000
1000
1000
1000
1000
1000
1000
1000
1000
1000
1000
1000
1000
1000
1000
1000
1000
1000
1000
1000
1000
1000
1000
1000
1000
1000
1000
1000
1000
1000
1000
1000
1000
1000
1000
1000
1000
1000
1000
1000
1000
1000
1000
1000
1000
1000
1000
1000
1000
1000
1000
1000
1000
1000
1000
1000
1000
1000
1000
1000
1000
1000
1000
1000
1000
1000
1000
1000
1000
1000
1000
1000
1000
1000
1000
1000
1000
1000
1000
1000
1000
1000
1000
1000
1000
1000
1000
1000
1000
1000
1000
1000
1000
1000
1000
1000
1000
1000
1000
1000
1000
1000
1000
1000
1000
1000
)
;
    }
}


// ************************************************************************* //
