/*--------------------------------*- C++ -*----------------------------------*\
| =========                 |                                                 |
| \\      /  F ield         | OpenFOAM: The Open Source CFD Toolbox           |
|  \\    /   O peration     | Version:  plus.master.MPPICInterFoam            |
|   \\  /    A nd           | Web:      www.OpenFOAM.com                      |
|    \\/     M anipulation  |                                                 |
\*---------------------------------------------------------------------------*/
FoamFile
{
    version     2.0;
    format      ascii;
    class       volScalarField;
    location    "10.8";
    object      rho;
}
// * * * * * * * * * * * * * * * * * * * * * * * * * * * * * * * * * * * * * //

dimensions      [1 -3 0 0 0 0 0];

internalField   nonuniform List<scalar> 
11821
(
999.998
1000
1000
1000
1000
1000
1000
999.999
292.618
460.058
436.743
327.022
353.905
1000
1000
264.188
1.04515
3.16029
2.96527
487.062
1000
1000
429.532
2.22018
1
10.9108
492.302
1000
1000
342.108
0.835804
0.885371
4.29112
530.4
1000
1000
305.741
386.707
398.723
220.814
361.802
1000
999.999
1000
1000
1000
1000
998.733
1000
999.806
1000
1000
1000
1000
1000
1000
995.524
789.493
840.095
755.525
792.899
910.637
1000
998.887
522.864
21.4904
14.674
106.317
952.482
1000
1000
703.838
15.0483
2.88186
68.1502
946.711
1000
1000
630.618
9.16926
2.85859
65.2524
948.436
1000
1000
649.382
723.634
635.124
587.748
941.508
1000
999.998
1000
1000
1000.01
999.665
996.823
1000
999.804
999.999
1000
1000
1000
1000
1000
999.663
997.609
936.095
837.205
990.865
1000
1000
1000
759.172
103.26
38.1459
446.486
999.006
1000
999.997
735.9
15.7402
4.74262
230.376
995.215
1000
1000
789.002
59.6119
4.99698
282.821
994.639
1000
999.967
932.394
841.018
693.513
885.403
1000
1000
999.999
1000
1000
999.996
1000
999.768
1000
999.929
999.995
1000
999.999
999.999
1000
1000
999.81
999.996
977.444
892.902
999.999
1000
1000
1000
861.543
249.598
103.023
768.76
1000
1000
1000
751.233
27.4887
4.99927
513.523
1000
1000
1000
842.325
157.043
21.3247
573.505
1000
1000
1000
991.466
877.962
747.094
969.442
1000
1000
1000
1000
1000
1000
1000
1000
1000
999.999
999.974
1000
1000
999.999
1000
1000
999.849
999.999
999.973
953.822
1000
1000
1000
999.999
928.376
415.176
234.682
910.046
1000
1000
999.993
784.912
59.2581
18.6272
766.263
1000
1000
1000
891.963
257.771
83.1291
779.741
1000
1000
1000
1000
916.163
817.864
997.656
1000
1000
1000
1000
1000
999.996
1000
1000
1000
1000
1000
1000
1000
1000
1000
1000
1000
1000
1000
1000
1000
1000
1000
1000
1000
1000
1000
1000
1000
1000
1000
1000
1000
1000
1000
1000
1000
1000
1000
1000
1000
1000
1000
1000
1000
1000
1000
1000
1000
1000
1000
1000
1000
1000
1000
1000
1000
1000
1000
1000
1000
1000
1000
1000
1000
1000
1000
1000
1000
1000
1000
1000
1000
1000
1000
1000
1000
1000
1000
1000
1000
1000
1000
1000
1000
1000
1000
1000
1000
1000
1000
1000
1000
1000
1000
1000
1000
1000
1000
1000
1000
1000
1000
1000
1000
1000
1000
1000
1000
1000
1000
1000
1000
1000
1000
1000
1000
1000
1000
1000
1000
1000
1000
1000
1000
1000
1000
1000
1000
1000
1000
1000
1000
1000
1000
1000
1000
1000
1000
1000
1000
1000
1000
1000
1000
1000
1000
1000
1000
1000
1000
1000
1000
1000
1000
1000
1000
1000
1000
1000
1000
1000
1000
1000
1000
1000
1000
1000
1000
1000
1000
1000
1000
1000
1000
1000
1000
1000
1000
1000
1000
1000
1000
1000
1000
1000
1000
1000
1000
1000
1000
1000
1000
1000
1000
1000
1000
1000
1000
1000
1000
1000
1000
1000
1000
1000
1000
1000
1000
1000
1000
1000
1000
1000
1000
1000
1000
1000
1000
1000
1000
1000
1000
1000
1000
1000
1000
1000
1000
1000
1000
1000
1000
1000
1000
1000
1000
1000
1000
1000
1000
1000
1000
1000
1000
1000
1000
1000
1000
1000
1000
1000
1000
1000
1000
1000
1000
1000
1000
1000
1000
1000
1000
1000
1000
1000
1000
1000
1000
1000
1000
1000
1000
1000
1000
1000
1000
1000
1000
1000
1000
1000
1000
1000
1000
1000
1000
1000
1000
1000
1000
1000
1000
1000
1000
1000
1000
1000
1000
1000
1000
1000
1000
1000
1000
1000
999.998
1000
1000
1000
1000
1000
1000
999.999
999.998
1000
1000
999.997
999.994
999.998
1000
1000
999.989
999.98
999.985
1000
1000
1000
1000
1000
999.93
999.833
999.978
1000
1000
1000
1000
999.974
999.825
999.825
999.961
1000
1000
1000
1000
1000
1000
1000
1000
1000
1000
1000
1000
1000
1000
1000
1000
1000
999.999
999.988
999.987
1000
999.998
999.999
1000
1000
1000
999.999
999.999
1000
999.999
1000
1000
999.996
999.994
999.998
1000
1000
999.997
999.999
999.999
1000
1000
1000
999.998
999.99
999.931
999.999
999.996
1000
999.999
999.997
999.997
999.805
999.861
1000
999.999
1000
1000
999.999
999.998
999.999
1000
1000
1000
1000
1000
1000
1000
1000
999.998
999.976
999.975
999.975
999.983
1000
999.999
1000
999.998
999.996
999.992
999.992
999.999
1000
1000
1000
1000
999.999
999.992
999.989
999.996
1000
1000
1000
999.994
999.974
999.958
999.958
999.991
1000
1000
999.976
999.969
999.959
999.958
999.986
1000
1000
1000
999.913
1000
1000
1000
1000
1000
1000
1000
999.999
1000
1000
1000
1000
1000
1000
1000
1000
999.983
999.976
999.98
1000
999.998
1000
1000
1000
999.996
999.991
999.995
1000
1000
1000
1000
1000
999.997
999.996
999.998
999.998
1000
1000
1000
1000
999.964
999.959
999.97
999.998
999.999
1000
1000
999.999
999.975
999.959
999.996
1000
1000
999.997
999.993
1000
1000
1000
1000
1000
1000
999.999
999.997
1000
1000
1000
1000
1000
1000
1000
1000
999.999
999.982
999.977
1000
1000
1000
1000
1000
1000
999.993
999.991
999.999
1000
1000
1000
999.999
1000
999.996
999.993
999.997
1000
1000
1000
999.999
999.986
999.955
999.973
1000
1000
1000
1000
999.993
1000
999.987
999.992
1000
1000
999.994
999.992
999.992
1000
1000
1000
1000
1000
999.996
999.996
1000
999.947
999.817
999.821
999.946
1000
999.982
999.977
999.981
1000
1000
1000
1000
999.689
999.449
999.45
999.45
1000
1000
1000
999.999
1000
1000
999.998
999.996
1000
1000
1000
1000
1000
1000
1000
1000
1000
1000
1000
1000
1000
1000
1000
1000
1000
1000
1000
1000
1000
1000
1000
999.977
1000
1000
1000
1000
1000
1000
1000
1000
999.805
999.818
999.91
999.933
999.936
999.994
1000
999.999
999.981
999.663
999.611
999.611
999.611
999.937
999.999
999.981
1000
1000
1000
1000
1000
1000
1000
1000
1000
1000
1000
1000
1000
1000
1000
1000
1000
1000
1000
1000
999.997
999.994
1000
1000
1000
1000
1000
1000
999.995
999.883
999.845
999.844
1000
1000
1000
1000
1000
1000
1000
1000
999.96
999.975
999.951
999.949
999.988
1000
1000
1000
999.975
999.842
999.654
999.611
999.66
1000
999.976
999.87
1000
1000
1000
1000
1000
1000
999.545
998.921
1000
1000
999.994
999.968
999.925
999.921
999.912
999.92
999.999
999.967
999.941
999.98
999.997
999.177
996.41
996.41
1000
999.854
999.667
999.666
999.732
1000
999.954
999.879
1000
1000
1000
1000
1000
1000
1000
1000
1000
999.997
999.993
999.997
1000
1000
1000
1000
999.961
999.946
999.813
999.724
1000
999.999
999.992
999.988
1000
1000
999.995
999.914
999.785
999.68
999.88
999.915
999.997
999.977
999.977
999.98
999.912
999.676
999.502
999.485
999.981
999.96
999.977
999.961
998.758
998.299
998.499
999.993
999.93
999.669
999.666
999.805
999.997
999.956
999.942
999.944
1000
1000
1000
1000
1000
1000
1000
1000
1000
1000
1000
1000
1000
1000
1000
1000
999.974
999.992
999.961
999.977
1000
1000
1000
1000
1000
1000
999.963
999.83
999.833
1000
1000
1000
999.99
999.958
999.988
999.989
999.722
999.533
999.558
1000
999.987
999.987
999.982
999.522
998.8
999.781
1000
1000
999.942
999.669
999.711
1000
999.996
999.987
999.997
1000
1000
1000
1000
1000
1000
1000
1000
1000
1000
1000
1000
1000
1000
1000
1000
1000
1000
1000
1000
1000
1000
1000
1000
1000
1000
1000
1000
1000
1000
1000
1000
1000
1000
1000
1000
1000
1000
1000
1000
1000
1000
1000
1000
1000
1000
1000
999.983
999.948
999.978
999.973
999.977
1000
1000
1000
1000
1000
999.992
999.997
1000
1000
1000
1000
1000
1000
1000
1000
1000
1000
1000
1000
1000
1000
1000
1000
1000
1000
1000
1000
1000
1000
1000
1000
1000
1000
1000
1000
1000
1000
1000
1000
1000
1000
1000
1000
1000
1000
1000
1000
1000
1000
1000
1000
999.966
999.92
999.981
999.973
999.995
1000
1000
1000
1000
1000
999.996
1000
1000
1000
1000
1000
1000
1000
1000
1000
1000
1000
1000
1000
1000
1000
1000
1000
1000
1000
1000
1000
1000
1000
1000
1000
1000
1000
1000
1000
1000
1000
1000
1000
1000
1000
999.998
999.997
999.998
999.998
1000
999.999
1000
1000
999.998
999.942
999.92
999.92
999.988
999.977
1000
1000
1000
1000
1000
1000
999.999
1000
1000
1000
1000
1000
1000
1000
1000
1000
1000
1000
1000
1000
1000
1000
1000
1000
1000
1000
1000
1000
1000
1000
1000
1000
1000
1000
1000
1000
1000
1000
1000
1000
1000
999.999
999.996
999.995
999.999
1000
1000
1000
1000
999.982
999.942
999.942
999.954
1000
999.991
999.999
1000
1000
1000
1000
1000
1000
1000
1000
1000
1000
1000
1000
1000
1000
999.999
999.998
1000
1000
1000
1000
999.999
1000
1000
999.996
999.992
1000
1000
1000
1000
999.986
1000
999.998
999.991
1000
1000
1000
1000
999.99
1000
999.999
999.995
1000
999.999
999.999
1000
999.982
1000
1000
1000
999.974
999.942
999.983
999.962
999.976
999.998
1000
1000
1000
999.999
999.999
999.999
1000
1000
1000
1000
1000
1000
1000
1000
1000
1000
1000
1000
1000
1000
1000
1000
1000
1000
1000
1000
1000
1000
1000
1000
1000
1000
1000
1000
1000
1000
1000
1000
1000
1000
1000
1000
1000
1000
1000
1000
1000
1000
1000
1000
1000
1000
1000
1000
1000
1000
1000
1000
999.987
999.998
1000
999.997
999.997
1000
1000
999.999
999.998
1000
999.999
1000
1000
1000
1000
999.997
1000
1000
999.992
999.996
1000
1000
999.995
999.993
999.991
999.992
1000
999.994
999.511
999.998
1000
999.971
999.954
1000
999.999
999.983
1000
1000
999.999
999.843
1000
1000
999.822
998.925
999.95
996.44
999.843
1000
1000
999.996
999.903
999.477
999.486
999.924
1000
1000
1000
1000
1000
1000
1000
1000
1000
1000
1000
1000
999.927
1000
1000
1000
1000
1000
999.999
999.92
1000
1000
1000
1000
1000
999.997
999.92
1000
1000
1000
1000
1000
1000
999.996
1000
1000
1000
999.97
999.963
999.954
999.996
1000
1000
1000
1000
1000
1000
1000
1000
1000
1000
1000
1000
1000
1000
1000
1000
1000
1000
1000
1000
1000
1000
1000
1000
1000
1000
1000
1000
1000
1000
1000
1000
1000
1000
1000
1000
1000
1000
1000
1000
1000
1000
1000
1000
1000
1000
1000
1000
1000
1000
1000
1000
1000
1000
1000
1000
1000
1000
1000
1000
1000
1000
1000
1000
1000
1000
1000
1000
1000
1000
1000
1000
1000
1000
1000
1000
1000
1000
1000
1000
1000
1000
1000
1000
1000
1000
1000
1000
1000
1000
1000
1000
1000
1000
1000
1000
1000
1000
1000
1000
1000
1000
1000
1000
1000
1000
1000
1000
1000
1000
1000
1000
1000
1000
1000
1000
1000
1000
1000
1000
1000
1000
1000
1000
1000
1000
1000
1000
1000
1000
1000
1000
1000
1000
1000
1000
1000
1000
1000
1000
1000
1000
1000
1000
1000
1000
1000
1000
1000
1000
1000
1000
1000
1000
1000
1000
1000
1000
1000
1000
1000
1000
1000
1000
1000
1000
1000
1000
1000
1000
1000
1000
1000
1000
1000
1000
1000
1000
1000
1000
1000
1000
1000
1000
1000
1000
1000
1000
1000
1000
1000
1000
1000
1000
1000
1000
1000
1000
1000
1000
1000
1000
1000
1000
1000
1000
1000
1000
1000
1000
1000
1000
1000
1000
1000
1000
1000
1000
1000
1000
1000
1000
1000
1000
1000
1000
1000
1000
1000
1000
1000
1000
1000
1000
1000
1000
1000
1000
1000
1000
1000
1000
1000
1000
1000
1000
1000
1000
1000
1000
1000
1000
1000
1000
1000
1000
1000
1000
1000
1000
1000
1000
1000
1000
1000
1000
1000
1000
1000
1000
1000
1000
1000
1000
1000
1000
1000
1000
1000
1000
1000
1000
1000
1000
1000
1000
1000
999.997
999.997
1000
999.998
999.997
999.999
1000
1000
1000
999.997
999.92
1000
999.999
999.999
999.998
999.997
999.997
999.998
999.988
1000
1000
1000
1000
999.999
999.999
999.999
999.999
1000
1000
1000
1000
1000
1000
999.999
999.993
1000
1000
1000
1000
1000
1000
999.999
999.97
1000
1000
1000
1000
1000
1000
1000
1000
1000
1000
1000
1000
999.999
999.996
999.998
999.999
999.987
999.997
1000
1000
1000
1000
999.816
999.591
999.995
999.987
999.986
999.996
1000
1000
999.994
999.922
1000
1000
999.999
999.999
999.999
999.999
1000
1000
999.997
1000
1000
1000
1000
1000
1000
999.877
999.997
1000
1000
1000
1000
1000
999.932
999.359
1000
1000
1000
1000
1000
1000
1000
1000
1000
1000
1000
1000
999.999
999.999
999.998
999.995
1000
1000
1000
1000
1000
999.99
999.699
999.591
999.99
999.986
999.986
999.986
999.986
999.988
999.982
999.944
999.999
999.999
999.999
999.999
999.999
999.999
1000
999.992
999.999
1000
1000
1000
1000
1000
999.955
999.435
999.999
999.998
999.999
1000
1000
1000
999.735
998.883
999.999
1000
1000
1000
1000
1000
1000
1000
1000
1000
1000
1000
1000
1000
999.999
999.996
1000
1000
1000
1000
1000
999.997
999.908
999.634
999.994
999.997
999.999
1000
1000
999.846
999.382
999.418
1000
1000
1000
1000
1000
999.995
999.97
999.943
999.999
999.999
999.999
1000
1000
999.915
999.055
998.78
999.992
999.994
999.997
1000
1000
1000
999.727
998.875
999.999
1000
1000
1000
1000
1000
1000
1000
1000
1000
1000
1000
1000
1000
1000
1000
1000
1000
1000
1000
999.995
999.955
999.929
999.915
999.993
999.999
999.997
999.996
999.999
999.589
998.917
998.918
999.991
999.998
999.983
999.855
999.81
999.986
999.975
999.966
999.991
999.991
999.992
999.992
999.998
999.205
998.458
998.458
999.999
1000
1000
1000
1000
999.975
999.828
999.513
1000
1000
1000
1000
1000
1000
1000
1000
1000
1000
1000
1000
999.994
999.992
999.995
999.999
999.938
1000
1000
1000
999.99
999.94
999.867
999.893
999.999
999.975
999.813
999.751
999.996
999.995
999.978
999.965
999.949
999.877
999.952
999.996
999.996
999.997
999.999
999.998
999.871
999.835
999.968
999.99
999.995
999.999
999.999
999.997
999.978
1000
1000
1000
999.999
999.999
999.999
1000
1000
1000
1000
1000
1000
1000
1000
1000
999.999
1000
1000
999.997
999.993
999.987
999.988
999.996
999.991
999.982
999.967
999.927
999.866
999.867
999.867
999.871
1000
999.989
999.604
999.49
999.779
999.943
999.896
999.898
999.999
999.641
999.143
999.649
1000
1000
999.998
999.995
999.844
998.808
998.808
999.416
1000
999.999
999.992
999.99
999.917
1000
999.999
1000
999.999
999.999
999.999
999.998
1000
1000
1000
1000
1000
1000
1000
1000
1000
1000
1000
1000
1000
1000
1000
1000
999.831
999.922
999.96
999.966
999.937
999.9
999.871
999.866
998.93
999.139
999.8
999.921
999.406
999.241
999.242
999.242
999.948
999.939
999.637
999.455
999.459
999.866
999.999
999.997
996.608
999.224
999.998
999.998
999.995
999.986
999.945
999.929
999.834
999.876
999.988
1000
1000
1000
999.988
999.98
1000
1000
1000
1000
1000
1000
1000
1000
1000
1000
1000
1000
1000
1000
1000
1000
1000
1000
1000
1000
1000
1000
999.994
999.971
999.93
999.995
1000
999.997
1000
1000
999.868
999.695
999.488
999.48
999.455
999.455
999.455
999.685
999.999
999.981
999.268
999.756
999.984
999.983
999.966
999.918
999.894
999.894
999.926
999.957
999.993
1000
1000
999.997
999.981
999.977
1000
1000
1000
1000
1000
1000
1000
1000
1000
1000
1000
1000
1000
1000
1000
1000
1000
1000
1000
1000
1000
1000
1000
1000
1000
999.999
999.999
1000
1000
1000
1000
1000
1000
1000
1000
1000
1000
999.996
999.871
999.84
1000
1000
1000
1000
1000
999.979
999.917
999.957
1000
1000
1000
1000
999.999
999.998
999.998
999.999
1000
1000
1000
1000
1000
1000
1000
1000
1000
1000
1000
999.998
999.994
999.995
1000
1000
1000
1000
1000
999.999
999.997
999.996
999.99
999.992
1000
1000
1000
1000
1000
1000
1000
1000
999.999
999.997
999.995
999.997
999.999
999.999
999.999
999.998
999.92
999.994
1000
1000
1000
999.999
999.997
999.979
1000
1000
1000
1000
1000
1000
999.975
999.873
1000
1000
1000
1000
999.999
999.994
999.995
1000
1000
1000
1000
999.998
999.952
999.943
1000
1000
1000
1000
1000
1000
1000
999.712
999.281
999.718
1000
1000
1000
1000
1000
999.964
999.818
999.801
999.998
999.997
999.995
999.994
999.998
999.998
999.999
999.993
999.92
999.947
999.993
1000
1000
999.998
999.958
999.889
1000
1000
1000
1000
1000
999.884
999.492
999.527
1000
1000
1000
1000
999.992
999.987
999.995
999.998
1000
1000
1000
999.997
999.933
999.904
999.939
999.99
1000
1000
1000
1000
999.882
999.088
999.087
999.164
1000
1000
1000
1000
1000
999.87
999.409
999.495
999.997
999.998
999.996
999.992
999.992
999.998
999.995
999.975
999.973
1000
999.999
1000
1000
999.977
999.885
999.778
1000
1000
1000
1000
999.978
999.476
999.323
999.651
1000
1000
1000
999.999
999.99
999.989
999.988
999.989
1000
1000
1000
1000
999.997
999.938
999.893
999.921
1000
1000
1000
1000
1000
999.569
999.087
999.087
1000
999.999
999.999
1000
1000
999.982
999.776
999.374
1000
1000
999.997
999.991
999.986
999.98
999.963
999.95
999.999
1000
1000
1000
999.831
999.167
999.051
999.259
1000
1000
999.999
999.989
999.973
999.621
999.322
999.894
1000
1000
1000
1000
999.997
999.995
999.989
999.992
1000
1000
1000
1000
1000
999.998
999.979
999.954
999.993
1000
1000
1000
1000
999.887
999.327
999.266
999.955
1000
999.999
1000
999.986
999.282
998.917
998.918
999.954
999.991
999.934
999.882
999.896
999.908
999.902
999.945
1000
999.999
1000
999.691
999.052
999.052
999.051
999.052
1000
1000
999.993
999.914
999.878
999.927
999.966
999.921
1000
1000
1000
1000
1000
1000
1000
1000
1000
1000
1000
1000
1000
1000
1000
1000
1000
1000
1000
1000
1000
1000
1000
1000
1000
1000
1000
1000
1000
1000
1000
1000
1000
1000
1000
1000
1000
1000
1000
1000
1000
1000
1000
1000
1000
1000
1000
1000
1000
1000
1000
1000
1000
1000
1000
1000
1000
1000
1000
1000
1000
1000
1000
1000
1000
1000
1000
1000
1000
1000
1000
1000
1000
1000
1000
1000
1000
1000
1000
1000
1000
1000
1000
1000
1000
1000
1000
1000
1000
1000
1000
1000
1000
1000
1000
1000
1000
1000
1000
1000
1000
1000
1000
1000
1000
1000
1000
1000
1000
1000
1000
1000
1000
1000
1000
1000
1000
1000
1000
1000
1000
1000
1000
1000
1000
1000
1000
1000
1000
1000
1000
1000
1000
1000
1000
1000
1000
1000
1000
1000
1000
1000
1000
1000
1000
1000
1000
1000
1000
1000
1000
1000
1000
1000
1000
1000
1000
1000
1000
1000
1000
1000
1000
1000
1000
1000
1000
1000
1000
1000
1000
1000
1000
1000
1000
1000
1000
1000
1000
1000
1000
1000
1000
1000
1000
1000
1000
1000
1000
1000
1000
1000
1000
1000
1000
1000
1000
1000
1000
1000
1000
1000
1000
1000
1000
1000
1000
1000
1000
1000
1000
1000
1000
1000
1000
1000
1000
1000
1000
1000
1000
1000
1000
1000
1000
1000
1000
1000
1000
1000
1000
1000
1000
1000
1000
1000
1000
1000
1000
1000
1000
1000
1000
1000
1000
1000
1000
1000
1000
1000
1000
1000
1000
1000
1000
1000
1000
1000
1000
1000
1000
1000
1000
1000
1000
1000
1000
1000
1000
1000
1000
1000
1000
1000
1000
1000
1000
1000
1000
1000
1000
1000
1000
1000
1000
1000
1000
1000
1000
1000
999.997
999.996
999.997
1000
1000
1000
999.826
999.878
999.979
1000
999.998
999.999
1000
999.996
999.959
999.951
999.969
999.993
1000
1000
1000
999.996
999.998
999.998
999.998
999.999
999.999
999.999
1000
999.985
999.988
999.994
999.999
1000
1000
999.999
1000
999.99
999.934
999.988
1000
1000
1000
1000
1000
999.995
1000
1000
1000
1000
1000
1000
1000
1000
999.996
999.996
999.993
999.996
1000
1000
1000
1000
999.591
999.649
999.997
1000
1000
999.975
999.941
999.941
999.813
999.787
999.938
1000
1000
999.998
999.979
999.986
999.996
999.981
999.99
999.997
999.999
1000
999.999
999.976
999.68
999.912
1000
1000
1000
999.999
999.983
999.961
999.512
1000
1000
1000
999.998
999.985
999.973
999.97
1000
1000
999.999
1000
1000
1000
1000
1000
999.992
999.993
999.995
999.999
999.999
999.999
1000
1000
999.591
999.591
999.912
1000
999.973
999.864
999.847
999.959
999.714
999.592
999.952
1000
1000
999.995
999.944
999.914
999.95
999.962
999.991
999.999
1000
1000
999.991
999.913
999.471
1000
1000
1000
1000
999.988
999.922
999.879
999.363
999.873
1000
1000
999.953
999.878
999.949
1000
1000
999.998
999.998
1000
1000
1000
1000
1000
999.992
999.994
999.997
999.999
999.998
999.997
1000
1000
999.591
999.72
999.974
999.962
999.828
999.749
999.749
999.749
999.858
999.902
999.98
999.992
999.986
999.881
999.764
999.602
999.966
999.993
999.998
1000
1000
1000
999.966
999.841
999.98
999.993
1000
999.998
999.972
999.849
999.714
999.709
999.239
999.765
1000
999.972
999.909
999.811
999.716
999.896
999.997
999.996
999.997
1000
1000
1000
1000
1000
1000
1000
999.999
999.999
999.998
999.997
1000
999.999
999.846
999.923
999.938
999.83
999.774
999.883
999.84
999.749
998.919
998.939
999.911
999.685
999.676
999.81
999.539
999.504
999.965
999.994
999.998
999.988
999.969
999.973
999.968
999.904
998.458
998.79
999.98
999.722
999.521
999.52
999.52
999.52
999.398
999.844
999.858
999.871
999.901
999.908
999.861
999.751
999.995
999.997
999.996
999.999
1000
1000
1000
1000
999.999
1000
999.999
999.994
999.992
999.996
1000
1000
1000
1000
999.997
999.974
999.971
999.994
1000
1000
999.978
999.99
999.992
999.994
999.996
999.999
1000
1000
999.998
999.999
999.999
1000
1000
1000
1000
999.997
1000
1000
999.999
999.997
999.998
1000
1000
1000
1000
1000
999.999
999.989
999.989
1000
1000
1000
1000
1000
1000
1000
1000
1000
1000
1000
1000
1000
999.999
999.985
999.978
999.991
999.996
999.999
999.994
1000
999.99
999.92
999.895
999.924
999.979
1000
999.954
999.983
999.997
999.993
999.989
999.997
1000
1000
999.996
999.999
999.999
999.998
999.999
1000
1000
999.998
1000
1000
999.986
999.946
999.958
999.997
1000
1000
999.998
1000
1000
999.957
999.91
999.966
1000
1000
1000
1000
1000
1000
1000
1000
1000
1000
1000
1000
1000
999.999
999.993
999.986
999.989
999.994
999.953
999.997
1000
999.992
999.895
999.852
999.852
999.928
999.265
999.815
1000
999.988
999.916
999.944
999.983
1000
999.997
999.998
999.996
999.982
999.971
999.981
1000
1000
999.993
1000
999.981
999.751
999.705
999.793
999.968
999.994
999.997
1000
1000
999.992
999.91
999.83
999.956
999.971
1000
1000
1000
1000
1000
1000
1000
1000
1000
1000
1000
1000
1000
1000
1000
1000
999.98
1000
1000
1000
999.984
999.923
999.85
999.818
999.967
1000
1000
999.954
999.634
999.564
999.564
999.665
999.967
999.979
999.991
999.992
999.992
999.992
999.986
999.964
999.979
1000
999.999
999.927
999.705
999.616
999.616
999.616
999.998
1000
1000
999.998
999.985
999.96
999.871
999.921
1000
1000
1000
1000
1000
1000
1000
1000
1000
1000
1000
1000
1000
1000
1000
1000
1000
1000
1000
1000
1000
1000
999.986
999.973
999.999
999.991
999.989
999.997
1000
999.841
999.654
999.654
999.84
999.84
999.84
999.912
999.926
999.987
999.989
999.989
999.999
999.98
999.969
999.99
999.993
999.875
999.677
999.616
1000
1000
1000
1000
1000
1000
999.974
999.927
1000
1000
1000
1000
1000
1000
1000
1000
1000
1000
1000
1000
1000
1000
1000
1000
999.999
1000
1000
1000
1000
1000
1000
999.999
1000
1000
1000
1000
1000
1000
1000
999.979
999.999
999.997
999.998
1000
999.997
999.998
1000
999.962
999.956
999.96
999.98
999.996
999.997
999.999
1000
999.951
999.857
999.973
1000
1000
999.998
999.999
1000
999.99
1000
1000
1000
1000
1000
1000
1000
1000
1000
1000
1000
1000
1000
1000
1000
1000
1000
1000
1000
999.998
999.99
999.994
1000
1000
999.97
1000
1000
1000
999.999
1000
1000
999.983
999.987
999.989
999.994
999.999
999.997
999.999
1000
999.942
999.842
999.903
999.977
1000
999.999
999.997
999.978
999.877
999.901
1000
1000
1000
999.993
999.964
999.951
999.966
999.999
1000
1000
1000
1000
1000
1000
1000
1000
1000
1000
999.999
999.999
1000
999.999
1000
999.998
1000
1000
999.986
999.839
999.727
999.918
999.994
1000
1000
1000
1000
999.987
999.965
999.977
999.977
999.97
999.992
999.998
999.999
999.999
999.999
999.987
999.901
999.856
999.976
999.999
999.999
999.999
999.964
999.883
999.858
1000
999.999
999.998
999.992
999.966
999.899
999.876
999.921
999.999
1000
1000
999.999
999.999
999.999
1000
1000
999.996
1000
1000
999.998
999.995
999.993
999.997
1000
999.634
1000
999.973
999.928
999.777
999.659
999.659
999.659
999.709
999.998
999.974
999.98
999.984
999.893
999.825
999.857
999.975
999.988
999.998
999.999
999.999
999.999
999.989
999.942
999.914
999.945
999.992
999.995
999.981
999.945
999.897
999.887
999.996
999.98
999.972
999.972
999.96
999.915
999.876
999.876
1000
1000
999.999
999.999
999.999
999.999
999.998
999.999
999.991
1000
1000
999.999
999.997
999.993
999.994
999.994
999.914
999.897
999.884
999.935
999.946
999.844
999.706
999.518
998.919
998.921
999.34
999.86
999.933
999.772
999.542
999.493
999.991
999.997
999.997
999.997
999.991
999.963
999.942
999.93
999.222
999.978
999.997
999.982
999.871
999.6
999.432
999.685
999.916
999.958
999.961
999.962
999.967
999.962
999.944
999.884
1000
1000
999.999
999.999
1000
1000
1000
1000
1000
1000
1000
1000
1000
1000
1000
1000
1000
1000
1000
1000
1000
1000
1000
1000
1000
1000
1000
1000
1000
1000
1000
1000
1000
1000
1000
1000
1000
1000
1000
1000
1000
1000
1000
1000
1000
1000
1000
1000
1000
1000
1000
1000
1000
1000
1000
1000
1000
1000
1000
1000
1000
1000
1000
1000
1000
1000
1000
1000
1000
1000
1000
1000
1000
1000
1000
1000
1000
1000
1000
1000
1000
1000
1000
1000
1000
1000
1000
1000
1000
1000
1000
1000
1000
1000
1000
1000
1000
1000
1000
1000
1000
1000
1000
1000
1000
1000
1000
1000
1000
1000
1000
1000
1000
1000
1000
1000
1000
1000
1000
1000
1000
1000
1000
1000
1000
1000
1000
1000
1000
1000
1000
1000
1000
1000
1000
1000
1000
1000
1000
1000
1000
1000
1000
1000
1000
1000
1000
1000
1000
1000
1000
1000
1000
1000
1000
1000
1000
1000
1000
1000
1000
1000
1000
1000
1000
1000
1000
1000
1000
1000
1000
1000
1000
1000
1000
1000
1000
1000
1000
1000
1000
1000
1000
1000
1000
1000
1000
1000
1000
1000
1000
1000
1000
1000
1000
1000
1000
1000
1000
1000
1000
1000
1000
1000
1000
1000
1000
1000
1000
1000
1000
1000
1000
1000
1000
1000
1000
1000
1000
1000
1000
1000
1000
1000
1000
1000
1000
1000
1000
1000
1000
1000
1000
1000
1000
1000
1000
1000
1000
1000
1000
1000
1000
1000
1000
1000
1000
1000
1000
1000
1000
1000
1000
1000
1000
1000
1000
1000
1000
1000
1000
1000
1000
1000
1000
1000
1000
1000
1000
1000
1000
1000
1000
1000
1000
1000
1000
1000
1000
1000
1000
1000
1000
1000
1000
1000
1000
1000
1000
1000
1000
1000
1000
1000
1000
1000
1000
1000
1000
1000
1000
1000
1000
1000
1000
1000
1000
1000
1000
1000
1000
1000
1000
1000
1000
1000
1000
1000
1000
1000
1000
1000
1000
1000
1000
1000
1000
1000
1000
1000
1000
1000
1000
1000
1000
1000
1000
1000
1000
1000
1000
1000
1000
1000
1000
1000
1000
1000
1000
1000
1000
1000
1000
1000
1000
1000
1000
1000
1000
1000
1000
1000
1000
1000
1000
1000
1000
1000
1000
1000
1000
1000
1000
1000
1000
1000
1000
1000
1000
1000
1000
1000
1000
1000
1000
1000
1000
1000
1000
1000
1000
1000
1000
1000
1000
1000
1000
1000
1000
1000
1000
1000
1000
1000
1000
1000
1000
1000
1000
1000
1000
1000
1000
1000
1000
1000
1000
1000
1000
1000
1000
1000
1000
1000
1000
1000
1000
1000
1000
1000
1000
1000
1000
1000
1000
1000
1000
1000
1000
1000
1000
1000
1000
1000
1000
1000
1000
1000
1000
1000
1000
1000
1000
1000
1000
1000
1000
1000
1000
1000
1000
1000
1000
1000
1000
1000
1000
1000
1000
1000
1000
1000
1000
1000
1000
1000
1000
1000
1000
1000
1000
1000
1000
1000
1000
1000
1000
1000
1000
1000
1000
1000
1000
1000
1000
1000
1000
1000
1000
1000
1000
1000
1000
1000
1000
1000
1000
1000
1000
1000
1000
1000
1000
1000
1000
1000
1000
1000
1000
1000
1000
1000
1000
1000
1000
1000
1000
1000
1000
1000
1000
1000
1000
1000
1000
1000
1000
1000
1000
1000
1000
1000
1000
1000
1000
1000
1000
1000
1000
1000
1000
1000
1000
1000
1000
1000
1000
1000
1000
1000
1000
1000
1000
1000
1000
1000
1000
1000
1000
1000
1000
1000
1000
1000
1000
1000
1000
1000
1000
1000
1000
1000
1000
1000
1000
1000
1000
1000
1000
1000
1000
1000
1000
1000
1000
1000
1000
1000
1000
1000
1000
1000
1000
1000
1000
1000
1000
1000
1000
1000
1000
1000
1000
1000
1000
1000
1000
1000
1000
1000
1000
1000
1000
1000
1000
1000
1000
1000
1000
1000
1000
1000
1000
1000
1000
1000
1000
1000
1000
1000
999.995
999.997
1000
999.981
999.96
999.984
1000
999.967
999.983
999.983
999.997
999.962
999.682
999.628
999.875
999.986
999.995
999.993
1000
999.974
999.946
999.974
999.969
998.921
1000
1000
1000
999.999
1000
1000
1000
999.976
1000
1000
1000
1000
1000
1000
1000
1000
1000
1000
1000
1000
1000
1000
1000
1000
1000
1000
1000
1000
1000
1000
1000
1000
1000
1000
1000
1000
999.995
999.986
999.974
999.95
1000
999.998
1000
1000
999.964
999.627
999.491
999.696
1000
1000
1000
1000
1000
999.972
999.93
999.814
1000
1000
1000
1000
1000
1000
1000
999.997
1000
1000
1000
1000
1000
1000
1000
1000
1000
1000
1000
1000
1000
1000
1000
1000
1000
1000
1000
1000
1000
1000
1000
1000
1000
1000
1000
1000
1000
1000
999.993
999.909
1000
1000
1000
1000
1000
1000
999.491
999.146
1000
1000
1000
1000
1000
999.992
999.932
999.934
1000
1000
1000
1000
1000
1000
1000
1000
1000
1000
1000
1000
1000
1000
1000
1000
1000
1000
1000
1000
1000
1000
1000
1000
1000
1000
1000
1000
1000
1000
1000
1000
1000
1000
1000
1000
1000
1000
1000
999.98
1000
1000
1000
1000
1000
1000
1000
999.194
1000
1000
1000
1000
1000
1000
1000
999.977
1000
1000
1000
1000
1000
1000
1000
1000
1000
1000
1000
1000
1000
1000
1000
1000
1000
1000
1000
1000
1000
1000
1000
1000
1000
1000
1000
1000
1000
1000
1000
1000
1000
1000
1000
1000
1000
1000
1000
999.999
1000
1000
1000
1000
1000
1000
1000
999.986
1000
1000
1000
1000
1000
1000
1000
1000
1000
1000
1000
1000
1000
1000
1000
1000
1000
1000
1000
1000
1000
1000
1000
1000
1000
1000
1000
1000
1000
1000
1000
1000
1000
1000
1000
1000
1000
1000
1000
1000
1000
1000
1000
1000
1000
1000
1000
1000
1000
1000
1000
1000
1000
1000
1000
1000
1000
1000
1000
1000
1000
1000
1000
1000
1000
1000
1000
1000
1000
1000
1000
1000
1000
1000
1000
1000
1000
1000
1000
1000
1000
1000
1000
1000
1000
1000
1000
1000
1000
1000
1000
1000
1000
1000
1000
1000
1000
1000
1000
1000
1000
1000
1000
1000
1000
1000
1000
1000
1000
1000
1000
1000
1000
1000
1000
1000
1000
1000
1000
1000
1000
1000
1000
1000
1000
1000
1000
1000
1000
1000
1000
1000
1000
1000
1000
1000
1000
1000
1000
1000
1000
1000
1000
1000
1000
1000
1000
1000
1000
1000
1000
1000
1000
1000
1000
1000
1000
1000
1000
1000
1000
1000
1000
1000
1000
1000
1000
1000
1000
1000
1000
1000
1000
1000
1000
1000
1000
1000
1000
1000
1000
1000
1000
1000
1000
1000
1000
1000
1000
1000
1000
1000
1000
1000
1000
1000
1000
1000
1000
1000
1000
1000
1000
1000
1000
1000
1000
1000
1000
1000
1000
1000
1000
1000
1000
1000
1000
1000
1000
1000
1000
1000
1000
1000
1000
1000
1000
1000
1000
1000
1000
1000
1000
1000
1000
1000
1000
1000
1000
1000
1000
1000
1000
1000
1000
1000
1000
1000
1000
1000
1000
1000
1000
1000
1000
1000
1000
1000
1000
1000
1000
1000
1000
1000
1000
1000
1000
1000
1000
1000
1000
1000
1000
1000
1000
1000
1000
1000
1000
1000
1000
1000
1000
1000
1000
1000
1000
1000
1000
1000
1000
1000
1000
1000
1000
1000
1000
1000
1000
1000
1000
1000
1000
1000
1000
1000
1000
1000
1000
1000
1000
1000
1000
1000
1000
1000
1000
1000
1000
1000
1000
1000
1000
1000
1000
1000
1000
1000
1000
1000
1000
1000
1000
1000
1000
1000
1000
1000
1000
1000
1000
1000
1000
1000
1000
1000
1000
1000
1000
1000
1000
1000
1000
1000
1000
1000
1000
1000
1000
1000
1000
1000
1000
1000
1000
1000
1000
1000
1000
1000
1000
1000
1000
1000
1000
1000
1000
1000
1000
1000
1000
1000
1000
1000
1000
1000
1000
1000
1000
1000
1000
1000
1000
1000
1000
1000
1000
1000
1000
1000
1000
1000
1000
1000
1000
1000
1000
1000
1000
1000
1000
1000
1000
1000
1000
1000
1000
1000
1000
1000
1000
1000
1000
1000
1000
1000
1000
1000
1000
1000
1000
1000
1000
1000
1000
1000
1000
1000
1000
1000
1000
1000
1000
1000
1000
1000
1000
1000
1000
1000
1000
1000
1000
1000
1000
1000
1000
1000
1000
1000
1000
1000
1000
1000
1000
1000
1000
1000
1000
1000
1000
1000
1000
1000
1000
1000
1000
1000
1000
1000
1000
1000
1000
1000
1000
1000
1000
1000
1000
1000
1000
1000
1000
1000
1000
1000
1000
1000
1000
1000
1000
1000
1000
1000
1000
1000
1000
1000
1000
1000
1000
1000
1000
1000
1000
1000
1000
1000
1000
1000
1000
1000
1000
1000
1000
1000
1000
1000
1000
1000
1000
1000
1000
1000
1000
1000
1000
1000
1000
1000
1000
1000
1000
1000
1000
1000
1000
1000
1000
1000
1000
1000
1000
1000
1000
1000
1000
1000
1000
1000
1000
1000
1000
1000
1000
1000
1000
1000
1000
1000
1000
1000
1000
1000
1000
1000
1000
1000
1000
1000
1000
1000
1000
1000
1000
1000
1000
1000
1000
1000
1000
1000
1000
1000
1000
1000
1000
1000
1000
1000
1000
1000
1000
1000
1000
1000
1000
1000
1000
1000
1000
1000
1000
1000
1000
1000
1000
1000
1000
1000
1000
1000
1000
1000
1000
1000
1000
1000
1000
1000
1000
1000
1000
1000
1000
1000
1000
1000
1000
1000
1000
1000
1000
1000
1000
1000
1000
1000
1000
1000
1000
1000
1000
1000
1000
1000
1000
1000
1000
1000
1000
1000
1000
1000
1000
1000
1000
1000
1000
1000
1000
1000
1000
1000
1000
1000
1000
1000
1000
1000
1000
1000
1000
1000
1000
1000
1000
1000
1000
1000
1000
1000
1000
1000
1000
1000
1000
1000
1000
1000
1000
1000
1000
1000
1000
1000
1000
1000
1000
1000
1000
1000
1000
1000
1000
1000
1000
1000
1000
1000
1000
1000
1000
1000
1000
1000
1000
1000
1000
1000
1000
1000
1000
1000
1000
1000
1000
1000
1000
1000
1000
1000
1000
1000
1000
1000
1000
1000
1000
1000
1000
1000
1000
1000
1000
1000
1000
1000
1000
1000
1000
1000
1000
1000
1000
1000
1000
1000
1000
1000
1000
1000
1000
1000
1000
1000
1000
1000
1000
1000
1000
1000
1000
1000
1000
1000
1000
1000
1000
1000
1000
1000
1000
1000
1000
1000
1000
1000
1000
1000
1000
1000
1000
1000
1000
1000
1000
1000
1000
1000
1000
1000
1000
1000
1000
1000
1000
1000
1000
1000
1000
1000
1000
1000
1000
1000
1000
1000
1000
1000
1000
1000
1000
1000
1000
1000
1000
1000
1000
1000
1000
1000
1000
1000
1000
1000
1000
1000
1000
1000
1000
1000
1000
1000
1000
1000
1000
1000
1000
1000
1000
1000
1000
1000
1000
1000
1000
1000
1000
1000
1000
1000
1000
1000
1000
1000
1000
1000
1000
1000
1000
1000
1000
1000
1000
1000
1000
1000
1000
1000
1000
1000
1000
1000
1000
1000
1000
1000
1000
1000
1000
1000
1000
1000
1000
1000
1000
1000
1000
1000
1000
1000
1000
1000
1000
1000
1000
1000
1000
1000
1000
1000
1000
1000
1000
1000
1000
1000
1000
1000
1000
1000
1000
1000
1000
1000
1000
1000
1000
1000
1000
1000
1000
1000
1000
1000
1000
1000
1000
1000
1000
1000
1000
1000
1000
1000
1000
1000
1000
1000
1000
1000
1000
1000
1000
1000
1000
1000
1000
1000
1000
1000
1000
1000
1000
1000
1000
1000
1000
1000
1000
1000
1000
1000
1000
1000
1000
1000
1000
1000
1000
1000
1000
1000
1000
1000
1000
1000
1000
1000
1000
1000
1000
1000
1000
1000
1000
1000
1000
1000
1000
1000
1000
1000
1000
1000
1000
1000
1000
1000
1000
1000
1000
1000
1000
1000
1000
1000
1000
1000
1000
1000
1000
1000
1000
1000
1000
1000
1000
1000
1000
1000
1000
1000
1000
1000
1000
1000
999.996
999.989
1000
1000
999.991
999.955
999.952
999.97
999.977
999.966
1000
999.999
999.993
999.487
998.918
998.931
999.954
999.954
999.992
999.999
999.655
999.353
999.88
999.97
999.985
999.984
999.997
999.998
1000
999.94
999.757
999.767
1000
1000
1000
1000
1000
1000
999.993
999.99
1000
1000
1000
1000
1000
1000
1000
1000
1000
1000
1000
1000
1000
1000
1000
1000
1000
1000
1000
999.999
1000
1000
999.995
999.955
1000
1000
1000
999.998
999.994
999.963
999.718
999.64
1000
999.993
1000
1000
999.868
999.352
999.352
999.595
1000
1000
1000
999.997
999.988
999.986
1000
999.997
1000
1000
1000
1000
1000
1000
1000
1000
1000
1000
1000
1000
1000
1000
1000
1000
1000
1000
1000
1000
1000
1000
1000
1000
1000
1000
1000
1000
1000
1000
1000
1000
1000
1000
1000
1000
1000
1000
1000
1000
1000
1000
1000
1000
1000
999.958
999.352
999.275
1000
1000
1000
1000
1000
999.997
999.965
999.902
1000
1000
1000
1000
1000
1000
1000
1000
1000
1000
1000
1000
1000
1000
1000
1000
1000
1000
1000
1000
1000
1000
1000
1000
1000
1000
1000
1000
1000
1000
1000
1000
1000
1000
1000
1000
1000
1000
999.999
999.978
1000
1000
1000
1000
1000
1000
1000
999.528
1000
1000
1000
1000
1000
1000
1000
999.979
1000
1000
1000
1000
1000
1000
1000
1000
1000
1000
1000
1000
1000
1000
1000
1000
1000
1000
1000
1000
1000
1000
1000
1000
1000
1000
1000
1000
1000
1000
1000
1000
1000
1000
1000
1000
1000
1000
1000
999.999
1000
1000
1000
1000
1000
1000
1000
1000
1000
1000
1000
1000
1000
1000
1000
1000
1000
1000
1000
1000
1000
1000
1000
1000
1000
1000
1000
1000
1000
1000
1000
1000
1000
1000
1000
1000
1000
1000
1000
1000
1000
1000
1000
1000
1000
1000
1000
1000
1000
1000
1000
1000
1000
1000
1000
1000
1000
1000
1000
1000
1000
1000
1000
1000
1000
1000
1000
1000
1000
1000
1000
1000
1000
1000
1000
1000
1000
1000
1000
1000
1000
1000
1000
1000
1000
1000
1000
1000
1000
1000
1000
1000
1000
1000
1000
1000
1000
1000
1000
1000
1000
1000
1000
1000
1000
1000
1000
1000
1000
1000
1000
1000
1000
1000
1000
1000
1000
1000
1000
1000
1000
1000
1000
1000
1000
1000
1000
1000
1000
1000
1000
1000
1000
1000
1000
1000
1000
1000
1000
1000
1000
1000
1000
1000
1000
1000
1000
1000
1000
1000
1000
1000
1000
1000
1000
1000
1000
1000
1000
1000
1000
1000
1000
1000
1000
1000
1000
1000
1000
1000
1000
1000
1000
1000
1000
1000
1000
1000
1000
1000
1000
1000
1000
1000
1000
1000
1000
1000
1000
1000
1000
1000
1000
1000
1000
1000
1000
1000
1000
1000
1000
1000
1000
1000
1000
1000
1000
1000
1000
1000
1000
1000
1000
1000
1000
1000
1000
1000
1000
1000
1000
1000
1000
1000
1000
1000
1000
1000
1000
1000
1000
1000
1000
1000
1000
1000
1000
1000
1000
1000
1000
1000
1000
1000
1000
1000
1000
1000
1000
1000
1000
1000
1000
1000
1000
1000
1000
1000
1000
1000
1000
1000
1000
1000
1000
1000
1000
1000
1000
1000
1000
1000
1000
1000
1000
1000
1000
1000
1000
1000
1000
1000
1000
1000
1000
1000
1000
1000
1000
1000
1000
1000
1000
1000
1000
1000
1000
1000
1000
1000
1000
1000
1000
1000
1000
1000
1000
1000
1000
1000
1000
1000
1000
1000
1000
1000
1000
1000
1000
1000
1000
1000
1000
1000
1000
1000
1000
1000
1000
1000
1000
1000
1000
1000
1000
1000
1000
1000
1000
1000
1000
1000
1000
1000
1000
1000
1000
1000
1000
1000
1000
1000
1000
1000
1000
1000
1000
1000
1000
1000
1000
1000
1000
1000
1000
1000
1000
1000
1000
999.974
1000
1000
999.999
1000
1000
999.949
1000
1000
974.835
1000
1000
1000
1000
943.573
508.405
358.388
956.295
1000
1000
1000
784.55
81.6993
51.4904
868.225
1000
1000
1000
895.166
283.368
146.886
862.35
1000
1000
1000
999.999
917.667
840.659
1000
1000
1000
1000
1000
1000
1000
1000
1000
1000
999.997
999.982
1000
1000
999.999
1000
1000
1000
1000
1000
980.353
1000
1000
1000
1000
945.23
560.019
459.675
976.018
1000
1000
1000
780.601
97.8649
97.6284
901.686
1000
1000
1000
891.132
290.72
203.083
902.457
1000
1000
1000
1000
913.246
848.599
1000
1000
1000
1000
1000
1000
1000
1000
1000
1000
999.992
999.998
1000.01
1000.02
1000
1000
1000
999.999
1000
1000
976.775
1000
1000
1000
1000
940.114
583.198
526.521
986.096
1000
1000
1000
767.329
107.428
157.583
915.996
1000
1000
1000
869.364
290.359
253.489
927.6
1000
1000
1000
997.71
894.395
841.391
1000
1000
1000
1000
1000
1000
1000
1000
1000
1000
999.986
1000
1000.01
1000.03
1000
1000
1000
1000
1000
986.045
949.463
1000
1000
1000
1000
903.947
555.658
520.125
982.485
1000
1000
999.418
700.492
99.3829
179.403
900.506
1000
1000
1000
791.921
263.785
260.2
921.829
1000
1000
1000
981.762
829.343
780.12
999.079
1000
1000
1000
1000
1000
999.495
1000
1000
1000
999.982
1000
1000.02
1000.03
1000
1000
1000
1000
997.551
909.834
853.883
1000
1000
1000
999.89
759.175
436.047
426.646
934.16
1000.01
1000
951.297
537.832
81.7248
161.892
790.269
1000
1000
974.559
591.867
196.872
224.631
835.733
1000
1000
1000
905.215
644.385
607.267
977.825
1000
1000
1000
1000
985.818
965.316
1000
1000
1000
999.982
1000
1000.04
1000.03
1000
1000
1000
999.999
958.807
731.882
658.544
988.675
1000
1000
967.801
463.864
202.638
199.496
756.142
1000
1000
787.792
278.167
63.1492
115.266
489.443
980.268
1000
853.638
272.856
105.323
130.237
565.215
995.646
1000
994.592
687.049
319.94
298.203
881.376
1000
1000
1000
996.332
900.978
864.577
1000
1000
1000
999.989
1000.01
1000.09
1000.05
1000
1000
1000
999.979
918.978
639.738
585.569
967.209
1000
1000
922.709
288.297
35.1123
44.9733
596.901
999.321
1000
624.85
45.5052
26.6365
41.208
260.832
938.748
1000.01
729.078
57.9291
28.1769
33.3183
353.401
973.944
1000
975.575
498.798
114.37
114.42
776.595
1000.02
1000
999.998
982.288
824.442
805.659
996.132
1000
1000
999.98
999.984
999.93
999.911
999.995
1000
1000
999.787
940.043
729.748
726.025
977.956
999.997
1000
934.85
349.843
34.676
53.3931
664.266
999.688
1000
639.963
22.6191
20.6653
21.16
278.416
949.059
999.988
748.628
50.2226
21.0732
23.9956
382.945
980.067
999.995
976.053
524.006
123.807
162.908
810.694
999.967
1000
999.983
983.701
849.988
867.589
996.738
999.999
1000
999.969
999.969
999.971
999.976
999.996
1000
1000
999.625
985.711
911.887
941.547
996.34
999.973
1000
977.27
611.038
197.184
305.764
873.013
999.768
1000
811.005
95.8517
20.4579
20.666
510.28
990.391
999.998
880.783
173.031
20.6649
21.1575
648.889
998.106
999.999
990.009
709.097
282.685
464.764
934.547
999.921
1000
999.878
995.443
945.787
977.279
999.049
999.987
1000
999.981
999.991
999.998
999.994
1000
1000
1000
999.898
999.161
995.336
998.725
999.764
999.996
1000
997.862
899.942
606.699
774.271
989.054
999.898
1000
972.691
418.548
20.4578
133.862
888.284
999.848
999.999
986.978
523.742
20.4577
246.981
943.183
999.899
999.999
998.624
919.157
659.796
847.822
994.775
999.945
1000
999.941
999.752
997.996
999.792
999.887
999.997
1000
999.995
999.999
999.999
1000
1000
1000
1000
999.998
999.987
999.819
999.977
999.271
1000
1000
999.967
995.207
944.814
970.804
999.977
1000
1000
999.641
781.589
70.7456
556.82
997.232
999.998
1000
999.816
815.204
152.103
678.918
999.553
999.999
1000
999.968
991.789
921.34
987.889
999.984
1000
1000
999.997
999.981
999.996
999.993
999.974
1000
1000
1000
1000
1000
1000
1000
1000
1000
1000
1000
1000
1000
1000
1000
1000
1000
1000
1000
1000
1000
1000
1000
1000
1000
1000
1000
1000
1000
1000
1000
1000
1000
1000
1000
1000
1000
1000
1000
1000
1000
1000
1000
1000
1000
1000
1000
1000
1000
1000
1000
1000
1000
1000
1000
1000
1000
1000
1000
1000
1000
1000
1000
1000
1000
1000
1000
1000
1000
1000
1000
1000
1000
1000
1000
1000
1000
1000
1000
1000
1000
1000
1000
1000
1000
1000
1000
1000
1000
1000
1000
1000
1000
1000
1000
1000
1000
1000
1000
1000
1000
1000
1000
1000
1000
1000
1000
1000
1000
1000
1000
1000
1000
1000
1000
1000
1000
1000
1000
1000
1000
1000
1000
1000
1000
1000
1000
1000
1000
1000
1000
1000
1000
1000
1000
1000
1000
1000
1000
1000
1000
1000
1000
1000
1000
1000
1000
1000
1000
1000
1000
1000
1000
1000
1000
1000
1000
1000
1000
1000
1000
1000
1000
1000
1000
1000
1000
1000
1000
1000
1000
1000
1000
1000
1000
1000
1000
1000
1000
1000
1000
1000
1000
1000
1000
1000
1000
1000
1000
1000
1000
1000
1000
1000
1000
1000
1000
1000
1000
1000
1000
1000
1000
1000
1000
1000
1000
1000
1000
1000
1000
1000
1000
1000
1000
1000
1000
1000
1000
1000
1000
1000
1000
1000
1000
1000
1000
1000
1000
1000
1000
1000
1000
1000
1000
1000
1000
1000
1000
1000
1000
1000
1000
1000
1000
1000
1000
1000
1000
1000
1000
1000
1000
1000
1000
1000
1000
1000
1000
1000
1000
1000
1000
1000
1000
1000
1000
1000
1000
1000
1000
1000
1000
1000
1000
1000
1000
1000
1000
1000
1000
1000
1000
1000
1000
1000
1000
1000
1000
1000
1000
1000
1000
1000
1000
1000
1000
1000
1000
1000
1000
1000
1000
1000
1000
1000
1000
1000
1000
1000
1000
1000
1000
1000
1000
1000
1000
1000
1000
1000
1000
1000
1000
1000
1000
1000
1000
1000
1000
1000
1000
1000
1000
1000
1000
1000
999.999
1000
1000
1000
1000
1000
1000
1000
1000
1000
1000
1000
1000
1000
1000
1000
1000
1000
1000
1000
1000
1000
1000
1000
1000
1000
1000
1000
1000
1000
1000
1000
1000
1000
1000
1000
1000
1000
1000
1000
1000
1000
1000
1000
1000
1000
1000
1000
1000
1000
1000
1000
1000
1000
999.999
999.999
999.999
999.999
1000
1000
1000
1000
1000
1000
1000
1000
1000
1000
1000
1000
1000
1000
1000
1000
1000
1000
1000
1000
1000
1000
1000
1000
1000
1000
1000
1000
1000
1000
1000
1000
1000
1000
1000
1000
1000
1000
1000
1000
1000
1000
1000
1000
1000
1000
1000
1000
1000
1000
1000
1000
999.999
999.997
999.999
999.999
1000
1000
1000
1000
1000
1000
1000
1000
1000
1000
1000
1000
1000
1000
1000
1000
1000
1000
1000
1000
1000
1000
1000
1000
1000
1000
1000
1000
1000
1000
1000
1000
1000
1000
1000
1000
1000
1000
1000
1000
1000
1000
1000
1000
1000
1000
1000
1000
999.999
1000
1000
999.999
999.999
999.998
999.998
999.999
1000
1000
1000
1000
1000
1000
1000
1000
1000
1000
1000
1000
1000
1000
1000
1000
1000
1000
1000
1000
1000
1000
1000
1000
1000
1000
1000
1000
1000
1000
1000
1000
1000
1000
1000
1000
1000
1000
1000
1000
1000
1000
1000
1000
1000
1000
1000
1000
999.999
1000
1000
1000
999.999
999.999
999.996
999.998
1000
1000
1000
1000
1000
1000
1000
1000
1000
1000
1000
1000
1000
1000
1000
1000
1000
1000
1000
1000
1000
1000
1000
1000
1000
1000
1000
1000
1000
1000
1000
1000
1000
1000
1000
1000
1000
1000
1000
1000
1000
1000
1000
1000
1000
1000
1000
1000
1000
1000
1000
1000
1000
999.998
999.996
999.999
1000
1000
1000
1000
1000
1000
1000
1000
1000
999.983
999.976
999.998
1000
1000
1000
1000
1000
999.994
999.992
999.997
999.998
999.997
999.999
999.999
1000
999.997
999.995
999.982
999.98
1000
1000
1000
999.983
999.955
999.96
999.998
1000
1000
999.999
999.996
999.983
999.975
999.998
1000
1000
999.997
999.995
999.993
1000
1000
1000
1000
1000
999.999
999.997
999.997
1000
1000
1000
1000
1000
1000
1000
1000
1000
999.989
999.976
999.991
1000
1000
1000
1000
1000
999.996
999.993
999.997
999.996
999.994
999.995
999.993
1000
999.997
999.997
999.979
999.966
999.971
999.972
999.972
999.987
999.955
999.955
999.97
999.995
999.994
999.995
999.997
999.978
999.955
999.989
1000
999.999
999.996
999.997
999.999
1000
1000
1000
1000
1000
1000
1000
999.999
1000
1000
1000
1000
1000
1000
1000
1000
1000
999.996
999.977
999.984
1000
1000
1000
1000
1000
999.998
999.991
999.993
999.997
999.997
999.996
999.987
1000
999.998
999.998
999.982
999.966
999.966
999.977
999.969
999.995
999.971
999.968
999.967
999.967
999.968
999.992
999.999
999.983
999.955
999.962
1000
999.997
999.994
999.996
999.999
1000
1000
999.999
1000
1000
1000
1000
1000
1000
1000
1000
1000
1000
1000
1000
1000
1000
999.999
999.984
999.985
1000
1000
1000
1000
1000
1000
999.992
999.987
999.997
999.998
999.995
999.989
1000
999.999
999.998
999.991
999.966
999.976
999.994
999.987
999.999
999.993
999.995
999.988
999.971
999.98
999.982
999.977
999.992
999.955
999.955
999.999
999.998
999.996
999.993
999.998
1000
1000
999.999
999.999
1000
1000
1000
1000
1000
1000
1000
1000
1000
1000
1000
1000
1000
1000
999.996
999.996
999.999
999.999
1000
1000
1000
1000
999.997
999.994
999.992
999.988
999.979
999.995
1000
999.999
999.998
999.997
999.99
999.993
999.992
999.994
1000
999.998
999.998
999.998
999.997
999.997
999.976
999.838
999.999
999.97
999.958
999.997
1000
999.997
999.992
999.992
1000
1000
999.999
999.999
1000
1000
1000
1000
1000
1000
1000
1000
1000
1000
1000
1000
1000
1000
1000
1000
999.999
999.999
1000
1000
1000
1000
1000
999.999
999.993
999.979
999.978
999.998
1000
999.999
999.999
999.997
999.998
999.98
999.929
999.882
1000
999.998
999.954
999.996
999.998
999.992
999.958
999.8
999.999
999.997
999.986
999.995
999.998
999.991
999.993
999.946
999.999
1000
1000
1000
1000
1000
1000
999.997
1000
1000
1000
1000
1000
1000
1000
1000
999.999
1000
1000
1000
1000
1000
1000
1000
999.997
1000
1000
1000
999.995
999.982
999.978
1000
1000.19
999.999
999.999
999.994
999.989
999.906
999.867
999.8
999.992
1000
999.809
999.902
999.968
999.933
999.961
999.8
1000
1000
999.998
999.995
999.987
999.987
999.996
999.877
999.999
1000
1000
1000
999.999
1000
1000
999.981
1000
1000
1000
1000
1000
1000
1000
1000
999.989
1000
1000
1000
1000
1000
1000
999.998
999.887
999.998
999.999
999.998
999.998
999.987
999.975
999.983
999.846
999.995
999.994
999.985
999.933
999.895
999.895
999.8
999.967
999.994
999.802
999.766
999.811
999.939
999.997
999.8
999.998
999.997
999.997
999.994
999.987
999.99
1000
999.884
999.999
1000
999.999
999.999
999.998
1000
1000
999.96
999.999
999.999
999.999
999.999
1000
1000
1000
1000
999.993
999.999
999.997
1000
1000
1000
999.999
999.993
999.927
999.994
999.989
999.988
999.992
999.985
999.976
999.856
999.884
999.99
999.986
999.973
999.918
999.954
999.925
999.799
999.982
999.936
999.773
999.766
999.824
999.952
999.876
999.844
999.997
999.862
999.87
999.989
999.993
999.997
999.995
999.904
999.997
1000
999.997
999.981
999.997
1000
999.987
999.962
1000
999.999
999.998
999.998
1000
1000
1000
1000
999.999
999.996
999.976
999.996
999.999
1000
999.999
999.984
999.995
999.998
999.985
999.98
999.967
999.972
999.976
999.8
999.987
999.996
999.985
999.974
999.974
999.987
999.912
999.799
999.99
999.88
999.747
999.817
999.959
999.919
999.657
999.92
999.989
999.735
999.669
999.926
999.997
999.996
999.775
999.88
999.997
1000
999.993
999.978
999.997
999.993
999.951
999.979
1000
999.999
999.997
999.997
1000
1000
1000
1000
1000
999.996
999.968
999.968
999.996
1000
1000
999.981
999.999
999.999
999.986
999.976
999.959
999.976
999.981
999.802
999.997
999.998
999.989
999.984
999.988
999.988
999.874
999.914
999.997
999.878
999.811
999.925
999.974
999.735
999.655
999.949
999.991
999.777
999.669
999.701
999.911
999.87
999.665
999.86
999.998
1000
999.992
999.98
999.991
999.948
999.952
999.996
1000
1000
1000
1000
1000
1000
1000
1000
999.984
1000
1000
1000
1000
1000
1000
1000
1000
1000
999.988
999.85
999.824
999.998
1000
1000
999.989
999.957
999.985
999.998
999.919
999.712
999.638
999.681
999.988
999.988
999.979
999.606
999.312
999.962
1000
999.995
999.967
999.697
999.683
999.953
999.998
999.992
1000
1000
999.999
999.997
999.994
999.999
1000
1000
1000
1000
1000
1000
1000
1000
1000
1000
1000
1000
999.988
1000
1000
1000
1000
1000
1000
1000
1000
1000
999.999
999.932
999.85
999.984
1000
999.998
999.99
999.957
999.987
1000
999.994
999.968
999.929
999.925
999.979
999.978
999.987
999.819
999.706
1000
999.999
999.998
999.993
999.768
999.683
999.922
1000
999.995
1000
1000
999.999
999.996
999.989
999.995
1000
1000
1000
1000
1000
1000
1000
1000
1000
1000
1000
1000
999.994
1000
1000
1000
1000
1000
1000
1000
1000
1000
1000
999.983
999.964
999.966
999.995
999.993
999.99
999.957
999.991
1000
999.998
1000
1000
1000
999.964
999.907
999.991
999.985
1000
1000
1000
1000
1000
999.903
999.748
999.956
1000
1000
1000
1000
999.999
999.997
999.991
999.995
1000
1000
1000
1000
1000
1000
1000
1000
1000
1000
1000
1000
1000
1000
1000
1000
1000
1000
1000
1000
1000
1000
1000
999.99
1000
999.984
999.989
999.995
999.99
999.954
999.991
1000
999.999
999.999
1000
1000
999.939
999.89
999.987
1000
1000
1000
1000
999.999
999.995
999.973
999.988
999.991
1000
1000
1000
1000
1000
999.999
999.996
999.997
1000
1000
1000
1000
1000
1000
1000
1000
1000
1000
1000
1000
1000
1000
1000
1000
1000
1000
1000
1000
1000
1000
1000
999.998
1000
1000
999.991
999.999
999.991
999.951
999.987
1000
1000
999.999
1000
1000
999.918
999.89
999.934
999.998
999.999
1000
1000
999.995
999.985
999.971
999.995
999.999
1000
1000
1000
1000
1000
1000
999.999
1000
1000
1000
1000
1000
999.999
1000
1000
1000
1000
1000
1000
1000
1000
1000
1000
1000
1000
1000
1000
1000
1000
1000
1000
1000
1000
1000
999.999
1000
999.992
999.951
999.98
1000
1000
1000
1000
1000
999.921
999.89
999.89
999.955
999.993
1000
1000
999.994
999.981
999.945
999.968
999.997
999.999
1000
1000
1000
1000
1000
999.999
1000
1000
1000
1000
1000
999.992
1000
1000
1000
1000
1000
1000
1000
1000
1000
1000
1000
1000
1000
1000
1000
1000
1000
1000
1000
1000
1000
1000
1000
999.99
999.955
999.974
999.999
1000
1000
1000
1000
999.946
999.89
999.89
999.89
999.967
1000
1000
999.994
999.985
999.924
999.893
999.989
999.999
1000
1000
1000
1000
1000
999.998
1000
1000
1000
1000
1000
999.969
999.998
1000
1000
1000
1000
1000
1000
1000
1000
1000
1000
1000
1000
1000
1000
1000
1000
1000
1000
1000
1000
1000
1000
999.977
999.96
999.964
999.995
999.999
1000
1000
1000
999.98
999.895
999.89
999.89
999.951
999.997
999.993
999.996
999.993
999.928
999.89
999.977
999.999
1000
999.999
1000
1000
1000
999.998
999.999
1000
1000
1000
1000
999.939
999.992
1000
1000
1000
1000
1000
1000
999.956
999.937
999.997
1000
1000
1000
1000
1000
1000
1000
1000
1000
1000
1000
1000
1000
999.998
999.973
999.949
999.981
999.996
1000
1000
1000
999.996
999.939
999.89
999.891
999.962
999.992
999.992
999.999
999.998
999.955
999.922
999.971
999.999
999.999
999.998
1000
1000
999.999
999.998
999.999
1000
1000
1000
1000
999.931
999.977
999.999
1000
1000
1000
1000
1000
999.92
999.884
999.972
1000
1000
1000
1000
1000
1000
999.999
999.998
999.999
1000
1000
1000
1000
1000
999.988
999.952
999.961
999.991
1000
1000
1000
1000
999.988
999.968
999.97
999.988
999.994
999.994
1000
999.999
999.992
999.992
999.979
999.997
999.997
999.998
1000
1000
999.999
999.998
999.999
1000
1000
1000
1000
999.94
999.953
999.998
1000
1000
1000
1000
1000
999.913
999.883
999.947
1000
1000
1000
1000
1000
1000
999.999
999.997
999.999
1000
1000
1000
1000
1000
999.997
999.969
999.961
999.993
1000
1000
1000
1000
1000
999.998
1000
1000
999.999
999.999
1000
1000
1000
1000
999.999
999.998
999.997
999.998
1000
1000
999.999
999.998
999.999
1000
1000
1000
1000
1000
999.998
999.997
999.999
999.999
999.998
999.999
1000
1000
999.999
999.988
999.972
999.989
999.999
1000
999.997
1000
1000
999.987
999.968
999.993
1000
1000
999.999
1000
1000
999.99
999.978
1000
1000
1000
999.996
1000
1000
999.997
999.965
999.949
1000
999.994
999.984
1000
1000
1000
1000
999.999
999.999
999.999
999.999
1000
1000
1000
1000
1000
1000
1000
1000
1000
999.999
999.997
999.997
999.999
999.998
999.999
999.999
1000
1000
999.993
999.971
999.956
999.979
999.995
999.999
1000
1000
999.993
999.96
999.933
999.965
999.983
999.991
1000
1000
999.994
999.959
999.933
999.98
1000
1000
1000
1000
999.997
999.966
999.941
999.991
999.996
999.992
1000
1000
1000
1000
1000
999.999
999.999
1000
1000
1000
1000
1000
1000
1000
1000
1000
1000
1000
999.999
999.999
1000
1000
999.998
999.992
1000
1000
999.999
999.987
999.975
999.98
999.973
999.904
1000
1000
1000
999.974
999.935
999.935
999.93
999.853
1000
1000
999.999
999.965
999.92
999.92
999.929
999.885
1000
1000
999.999
999.98
999.951
999.969
999.986
999.976
1000
1000
1000
1000
1000
1000
1000
1000
1000
1000
1000
1000
1000
1000
1000
1000
999.998
999.999
1000
1000
1000
999.997
999.996
999.971
999.998
1000
1000
1000
1000
999.992
999.946
999.842
1000
1000
1000
999.997
999.985
999.971
999.935
999.842
1000
1000
1000
999.988
999.929
999.923
999.922
999.842
1000
1000
1000
999.995
999.982
999.974
999.976
999.946
1000
1000
1000
1000
1000
999.999
999.999
1000
1000
1000
1000
1000
1000
1000
1000
1000
999.998
999.993
999.994
999.995
999.986
999.982
999.984
999.96
999.997
999.988
999.998
999.997
999.976
999.979
999.942
999.842
1000
999.995
999.998
999.999
999.999
999.996
999.954
999.842
1000.01
1000
1000
999.999
999.982
999.975
999.929
999.842
1000
1000
999.999
999.99
999.999
999.989
999.965
999.945
1000
1000
1000
1000
999.999
999.999
999.999
1000
1000
1000
1000
1000
1000
1000
1000
1000
999.998
999.991
999.976
999.959
999.967
999.984
999.959
999.969
999.999
999.987
999.961
999.926
999.922
999.924
999.96
999.866
1000
999.995
999.989
999.989
999.955
999.978
999.964
999.842
1000.02
1000
1000
999.999
999.999
999.984
999.905
999.842
1000.01
1000
999.998
999.989
999.995
999.99
999.958
999.965
1000
1000
1000
999.999
999.998
999.998
999.998
1000
1000
1000
1000
1000
1000
1000
1000
1000
1000
999.993
999.974
999.955
999.976
999.997
999.956
999.99
1000
999.992
999.931
999.917
999.922
999.961
999.931
999.981
1000
999.996
999.989
999.944
999.896
999.896
999.898
999.916
1000.03
1000
1000
999.997
999.992
999.913
999.873
999.902
1000.03
1000
1000
999.99
999.978
999.987
999.965
999.991
1000
1000
1000
999.999
999.998
999.998
999.998
1000
1000
1000
1000
1000
1000
1000
1000
1000
1000
999.996
999.983
999.981
999.992
999.986
999.97
999.999
1000
999.996
999.953
999.929
999.977
999.981
999.855
999.999
999.999
999.998
999.991
999.935
999.918
999.919
999.786
999.991
999.94
1000
1000
999.994
999.919
999.863
999.882
999.991
999.932
1000
1000
999.992
999.976
999.978
999.982
999.998
999.991
1000
1000
999.999
999.998
999.998
999.998
1000
1000
1000
1000
1000
1000
1000
1000
1000
999.999
999.996
999.997
999.999
999.982
999.922
999.973
999.999
1000
999.997
999.993
999.993
999.974
999.892
999.85
999.96
999.999
999.999
999.993
999.969
999.971
999.927
999.786
999.998
999.987
1000
1000
999.988
999.863
999.863
999.928
999.998
999.968
1000
1000
999.996
999.972
999.914
999.978
999.998
999.996
1000
1000
999.999
999.998
999.996
999.996
999.996
1000
1000
1000
1000
1000
1000
1000
1000
999.999
999.998
999.994
999.987
999.923
999.933
999.95
999.699
1000
999.998
999.998
999.988
999.83
999.816
999.86
999.349
1000
999.999
999.998
999.998
999.972
999.854
999.787
999.522
999.999
1000
1000
999.988
999.902
999.891
999.906
999.871
999.997
1000
1000
999.996
999.948
999.891
999.911
999.98
1000
1000
1000
999.998
999.994
999.992
999.991
999.994
1000
1000
1000
1000
1000
1000
1000
1000
1000
1000
999.971
999.871
999.93
999.972
999.861
999.336
1000
1000
999.991
999.835
999.799
999.815
999.79
999.166
1000
1000
999.999
999.992
999.869
999.758
999.79
999.166
1000
1000
1000
999.994
999.969
999.888
999.824
999.23
1000
1000
1000
999.993
999.937
999.917
999.861
999.69
1000
1000
1000
999.996
999.989
999.991
999.986
999.988
1000
1000
1000
1000
1000
1000
1000
1000
1000
1000
1000
1000
1000
1000
1000
1000
1000
1000
1000
1000
1000
1000
1000
1000
1000
1000
1000
1000
1000
1000
1000
1000
1000
1000
1000
1000
1000
1000
1000
1000
1000
1000
1000
1000
1000
1000
1000
1000
1000
1000
1000
1000
1000
1000
1000
1000
1000
1000
1000
1000
1000
1000
1000
1000
1000
1000
1000
1000
1000
1000
1000
1000
1000
1000
1000
1000
1000
1000
1000
1000
1000
1000
1000
1000
1000
1000
1000
1000
1000
1000
1000
1000
1000
1000
1000
1000
1000
1000
1000
1000
1000
1000
1000
1000
1000
1000
1000
1000
1000
1000
1000
1000
1000
1000
1000
1000
1000
1000
1000
1000
1000
1000
1000
1000
1000
1000
1000
1000
1000
1000
1000
1000
1000
1000
1000
1000
1000
1000
1000
1000
1000
1000
1000
1000
1000
1000
1000
1000
1000
1000
1000
1000
1000
1000
1000
1000
1000
1000
1000
1000
1000
1000
1000
1000
1000
1000
1000
1000
1000
1000
1000
1000
1000
1000
1000
1000
1000
1000
1000
1000
1000
1000
1000
1000
1000
1000
1000
1000
1000
1000
1000
1000
1000
1000
1000
1000
1000
1000
1000
1000
1000
1000
1000
1000
1000
1000
1000
1000
1000
1000
1000
1000
1000
1000
1000
1000
1000
1000
1000
1000
1000
1000
1000
1000
1000
1000
1000
1000
1000
1000
1000
1000
1000
1000
1000
1000
1000
1000
1000
1000
1000
1000
1000
1000
1000
1000
1000
1000
1000
1000
1000
1000
1000
1000
1000
1000
1000
1000
1000
1000
1000
1000
1000
1000
1000
1000
1000
1000
1000
1000
1000
1000
1000
1000
1000
1000
1000
1000
1000
1000
1000
1000
1000
1000
1000
1000
1000
1000
1000
1000
1000
1000
1000
1000
1000
1000
1000
1000
1000
1000
1000
1000
1000
1000
1000
1000
1000
1000
1000
1000
1000
1000
1000
1000
1000
1000
1000
1000
1000
1000
1000
1000
1000
1000
1000
1000
1000
1000
1000
1000
1000
1000
1000
1000
1000
1000
1000
1000
1000
1000
1000
1000
1000
1000
1000
1000
1000
1000
1000
1000
1000
1000
1000
1000
1000
1000
1000
1000
1000
1000
1000
1000
1000
1000
1000
1000
1000
1000
1000
1000
1000
1000
1000
1000
1000
1000
1000
1000
1000
1000
1000
1000
1000
1000
1000
1000
1000
1000
1000
1000
1000
1000
1000
1000
1000
1000
1000
1000
1000
1000
1000
1000
1000
1000
1000
1000
1000
1000
1000
1000
1000
1000
1000
1000
1000
1000
1000
1000
1000
1000
1000
1000
1000
1000
1000
1000
1000
1000
1000
1000
1000
1000
1000
1000
1000
1000
1000
1000
1000
1000
1000
1000
1000
1000
1000
1000
1000
1000
1000
1000
1000
1000
1000
1000
1000
1000
1000
1000
1000
1000
1000
1000
1000
1000
1000
1000
1000
1000
1000
1000
1000
1000
1000
1000
1000
1000
1000
1000
1000
1000
1000
1000
1000
1000
1000
1000
1000
1000
1000
1000
1000
1000
1000
1000
1000
1000
1000
1000
1000
1000
1000
1000
1000
1000
1000
1000
1000
1000
1000
1000
1000
1000
1000
1000
1000
1000
1000
1000
1000
1000
1000
1000
1000
1000
1000
1000
1000
1000
1000
1000
1000
1000
1000
1000
1000
1000
1000
1000
1000
1000
1000
1000
1000
1000
1000
1000
1000
1000
1000
1000
1000
1000
1000
1000
1000
1000
1000
1000
1000
1000
1000
1000
1000
1000
1000
1000
1000
1000
1000
1000
1000
1000
1000
1000
1000
1000
1000
1000
1000
1000
1000
1000
1000
1000
1000
1000
1000
1000
1000
1000
1000
1000
1000
1000
1000
1000
1000
1000
1000
1000
1000
1000
1000
1000
1000
1000
1000
1000
1000
1000
1000
1000
1000
1000
1000
1000
1000
1000
1000
1000
1000
1000
1000
1000
1000
1000
1000
1000
1000
1000
1000
1000
999.985
999.946
999.892
999.889
999.944
999.928
999.893
999.834
999.316
998.964
998.965
998.966
998.966
999.258
999.451
999.48
999.986
999.994
999.987
999.994
999.98
999.928
999.902
999.908
998.458
998.459
998.739
999.618
999.777
999.821
999.523
999.161
999.897
999.765
999.796
999.908
999.946
999.937
999.927
999.918
1000
1000
1000
999.999
999.999
999.998
1000
1000
1000
1000
1000
1000
1000
1000
1000
1000
999.999
999.989
999.987
999.993
999.985
999.916
999.883
999.822
999.94
999.994
999.836
999.726
999.498
998.678
998.524
998.524
999.994
999.994
999.991
999.994
999.994
999.951
999.655
999.715
999.053
999.355
999.98
999.942
999.981
999.978
999.809
999.189
999.947
999.954
999.989
999.946
999.951
999.946
999.937
999.899
1000
1000
999.999
999.999
999.998
999.997
1000
1000
1000
1000
1000
1000
1000
1000
1000
1000
1000
999.989
999.994
999.998
999.996
999.999
999.985
999.958
999.754
999.846
999.986
999.998
999.998
999.999
999.52
998.629
999.145
999.941
999.991
999.987
999.978
999.97
999.43
998.672
1000
999.908
999.632
999.571
999.789
999.79
999.73
999.773
1000
1000
999.946
999.862
999.925
999.978
999.946
999.892
1000
1000
1000
1000
999.999
1000
1000
999.999
1000
1000
1000
1000
1000
1000
1000
1000
1000
1000
999.991
999.994
999.995
999.994
999.99
999.986
999.874
999.755
999.856
999.923
999.942
999.914
999.916
999.986
998.692
998.692
999.69
999.946
999.964
999.841
999.532
999.327
999.806
999.565
999.565
999.566
999.764
999.748
999.533
999.79
1000
1000
999.951
999.937
999.981
999.993
999.96
999.906
1000
1000
1000
1000
1000
1000
1000
999.999
1000
1000
1000
1000
1000
1000
1000
1000
1000
1000
1000
1000
999.999
999.994
999.991
999.974
999.99
999.988
999.948
999.891
999.868
999.868
999.885
999.82
998.996
998.693
998.695
999.251
999.758
999.892
999.88
999.88
999.957
999.888
999.708
999.818
999.964
999.95
999.768
999.653
1000
1000
1000
1000
1000
1000
999.988
999.96
1000
1000
1000
1000
1000
1000
1000
1000
1000
1000
1000
1000
1000
1000
1000
1000
1000
1000
1000
1000
1000
1000
1000
999.988
1000
999.999
999.991
999.992
999.987
999.966
999.884
999.749
1000
999.91
999.542
999.257
999.257
999.37
999.644
999.748
1000
1000
1000
1000
999.94
999.904
999.883
999.653
1000
1000
1000
1000
1000
1000
1000
999.985
1000
1000
1000
1000
1000
1000
1000
1000
1000
1000
1000
1000
1000
1000
1000
1000
1000
1000
1000
1000
1000
1000
1000
1000
1000
1000
1000
1000
999.999
999.983
999.978
999.893
1000
1000
1000
1000
999.794
999.104
998.794
998.794
1000
1000
1000
1000
999.996
999.957
999.94
999.75
1000
1000
1000
1000
1000
1000
1000
1000
1000
1000
1000
1000
1000
1000
1000
1000
1000
1000
1000
1000
1000
1000
1000
1000
1000
1000
1000
1000
1000
1000
1000
1000
1000
1000
1000
1000
1000
1000
1000
999.982
1000
1000
1000
1000
1000
1000
999.843
998.919
1000
1000
1000
1000
1000
1000
1000
999.99
1000
1000
1000
1000
1000
1000
1000
1000
1000
1000
1000
1000
1000
1000
1000
1000
1000
1000
1000
1000
1000
1000
1000
1000
1000
1000
1000
1000
1000
1000
1000
1000
1000
1000
1000
1000
1000
1000
1000
1000
1000
1000
1000
1000
1000
1000
1000
1000
1000
1000
1000
1000
1000
1000
1000
1000
1000
1000
1000
1000
1000
1000
1000
1000
1000
1000
1000
1000
1000
1000
1000
1000
1000
1000
1000
1000
1000
1000
1000
1000
1000
1000
1000
1000
1000
1000
1000
1000
1000
1000
1000
1000
1000
1000
1000
1000
1000
1000
1000
1000
1000
1000
1000
1000
1000
1000
1000
1000
1000
1000
1000
1000
1000
1000
1000
1000
1000
1000
1000
1000
1000
1000
1000
1000
1000
1000
1000
1000
1000
1000
1000
1000
1000
1000
1000
1000
1000
1000
1000
1000
1000
1000
1000
1000
1000
1000
1000
1000
1000
1000
1000
1000
1000
1000
1000
1000
1000
1000
1000
1000
1000
1000
1000
1000
1000
1000
1000
1000
1000
1000
1000
1000
1000
1000
1000
1000
1000
1000
1000
1000
1000
1000
1000
1000
1000
1000
1000
1000
1000
1000
1000
1000
1000
1000
1000
1000
1000
1000
1000
1000
1000
1000
1000
1000
1000
1000
1000
1000
1000
1000
1000
1000
1000
1000
1000
1000
1000
1000
1000
1000
1000
1000
1000
1000
1000
1000
1000
1000
1000
1000
1000
1000
1000
1000
1000
1000
1000
1000
1000
1000
1000
1000
999.998
999.995
999.991
999.992
1000
1000
999.934
1000
999.991
999.858
999.662
999.65
999.65
999.809
999.79
1000
999.998
999.987
999.977
999.977
999.971
999.95
999.814
1000
1000
1000
1000
1000
1000
1000
1000
1000
1000
1000
1000
1000
1000
1000
1000
1000
1000
1000
1000
1000
1000
1000
1000
1000
1000
1000
1000
1000
1000
1000
1000
1000
1000
1000
1000
999.999
999.99
999.984
999.993
1000
1000
1000
1000
999.986
999.669
999.5
999.5
1000
1000
1000
1000
1000
999.989
999.983
999.991
1000
1000
1000
1000
1000
1000
1000
1000
1000
1000
1000
1000
1000
1000
1000
1000
1000
1000
1000
1000
1000
1000
1000
1000
1000
1000
1000
1000
1000
1000
1000
1000
1000
1000
1000
1000
1000
1000
1000
999.999
1000
1000
1000
1000
1000
1000
1000
999.937
1000
1000
1000
1000
1000
1000
1000
999.999
1000
1000
1000
1000
1000
1000
1000
1000
1000
1000
1000
1000
1000
1000
1000
1000
1000
1000
1000
1000
1000
1000
1000
1000
1000
1000
1000
1000
1000
1000
1000
1000
1000
1000
1000
1000
1000
1000
1000
1000
1000
1000
1000
1000
1000
1000
1000
1000
1000
1000
1000
1000
1000
1000
1000
1000
1000
1000
1000
1000
1000
1000
1000
1000
1000
1000
1000
1000
1000
1000
1000
1000
1000
1000
1000
1000
1000
1000
1000
1000
1000
1000
1000
1000
1000
1000
1000
1000
1000
1000
1000
1000
1000
1000
1000
1000
1000
1000
1000
1000
1000
1000
1000
1000
1000
1000
1000
1000
1000
1000
1000
1000
1000
1000
1000
1000
1000
1000
1000
1000
1000
1000
1000
1000
1000
1000
1000
1000
1000
1000
1000
1000
1000
1000
1000
1000
1000
1000
1000
1000
1000
1000
1000
1000
1000
1000
1000
1000
1000
1000
1000
1000
1000
1000
1000
1000
1000
1000
1000
1000
1000
1000
1000
1000
1000
1000
1000
1000
1000
1000
1000
1000
1000
1000
1000
1000
1000
1000
1000
1000
1000
1000
1000
1000
1000
1000
1000
1000
1000
1000
1000
1000
1000
1000
1000
1000
1000
1000
1000
1000
1000
1000
1000
1000
1000
1000
1000
1000
1000
1000
1000
1000
1000
1000
1000
1000
1000
1000
1000
1000
1000
1000
1000
1000
1000
1000
1000
1000
1000
1000
1000
1000
1000
1000
1000
1000
1000
1000
1000
1000
1000
1000
1000
1000
1000
1000
1000
1000
1000
1000
1000
1000
1000
1000
1000
1000
1000
1000
1000
1000
1000
1000
1000
1000
1000
1000
1000
1000
1000
1000
1000
1000
1000
1000
1000
1000
1000
1000
1000
1000
1000
1000
1000
1000
1000
1000
1000
1000
1000
1000
1000
1000
1000
1000
1000
1000
1000
1000
1000
1000
1000
1000
1000
1000
1000
1000
1000
1000
1000
1000
1000
1000
1000
1000
1000
1000
1000
1000
1000
1000
1000
1000
1000
1000
1000
1000
1000
1000
1000
1000
1000
1000
1000
1000
1000
1000
1000
1000
1000
1000
1000
1000
1000
1000
1000
1000
1000
1000
1000
1000
1000
1000
1000
1000
1000
1000
1000
1000
1000
1000
1000
1000
1000
1000
1000
1000
1000
1000
1000
1000
1000
1000
1000
1000
1000
1000
1000
1000
1000
1000
1000
1000
1000
1000
1000
1000
1000
1000
1000
1000
1000
1000
1000
1000
1000
1000
1000
1000
1000
1000
1000
1000
1000
1000
1000
1000
1000
1000
1000
1000
1000
1000
1000
1000
1000
1000
1000
1000
1000
1000
1000
1000
1000
1000
1000
1000
1000
1000
1000
1000
1000
1000
1000
1000
1000
1000
1000
1000
1000
1000
1000
1000
1000
1000
1000
1000
1000
1000
1000
1000
1000
1000
1000
1000
1000
1000
1000
1000
1000
1000
1000
1000
1000
1000
1000
1000
1000
1000
1000
1000
1000
1000
1000
1000
1000
1000
1000
1000
1000
1000
1000
1000
1000
1000
1000
1000
1000
1000
1000
1000
1000
1000
1000
1000
1000
1000
1000
1000
1000
1000
1000
1000
1000
1000
1000
999.997
999.998
999.999
1000
1000
1000
1000
999.911
999.973
999.998
999.998
999.968
999.941
999.926
999.875
999.654
999.996
999.996
999.997
999.622
999.035
998.941
998.941
999.97
999.985
999.996
999.997
999.997
999.956
999.777
999.489
1000
999.957
999.89
999.887
999.895
999.67
999.34
999.322
1000
999.994
999.98
999.966
999.977
999.982
999.971
999.95
1000
1000
1000
1000
1000
1000
1000
1000
1000
1000
1000
1000
1000
1000
1000
1000
1000
1000
999.988
999.966
999.979
1000
999.983
999.933
1000
999.965
999.908
999.905
999.912
999.894
999.511
999.038
999.939
999.984
999.941
999.902
999.985
999.975
999.76
999.406
999.886
999.813
999.813
999.831
999.963
1000
999.938
999.583
999.998
999.982
999.97
999.974
999.997
1000
1000
999.975
1000
1000
1000
1000
1000
1000
1000
1000
1000
1000
1000
1000
999.999
1000
1000
1000
1000
999.996
999.976
999.959
999.991
1000
999.998
999.987
999.905
999.795
999.793
999.859
999.985
999.967
999.895
999.877
999.275
999.744
999.834
999.959
999.811
999.709
999.877
999.825
999.791
999.751
999.867
999.972
999.997
999.983
999.889
999.839
1000
999.991
999.993
999.998
1000
1000
999.998
999.976
1000
1000
1000
1000
1000
1000
1000
1000
1000
1000
1000
1000
1000
1000
1000
1000
1000
1000
1000
1000
1000
1000
1000
999.985
999.938
999.835
999.846
999.996
1000
999.976
999.864
999.772
999.276
999.277
999.464
1000
999.977
999.593
999.456
999.813
999.957
999.936
999.973
1000
999.999
999.972
999.877
999.782
1000
1000
1000
1000
1000
1000
1000
999.982
1000
1000
1000
1000
1000
1000
1000
1000
1000
1000
1000
1000
1000
1000
1000
1000
1000
1000
1000
1000
1000
1000
1000
999.994
999.995
1000
1000
1000
1000
999.993
999.917
999.698
999.882
999.558
999.912
999.971
999.974
999.712
999.408
999.408
1000
1000
1000
999.997
999.996
999.99
999.968
999.868
1000
1000
1000
1000
1000
1000
1000
1000
1000
1000
1000
1000
1000
1000
1000
1000
1000
1000
1000
1000
1000
1000
1000
1000
1000
1000
1000
1000
1000
1000
1000
1000
1000
1000
1000
1000
999.999
1000
999.992
999.972
1000
1000
1000
1000
999.972
999.967
999.587
999.156
1000
1000
1000
1000
999.999
1000
999.994
999.974
1000
1000
1000
1000
1000
1000
1000
1000
1000
1000
1000
1000
1000
1000
1000
1000
1000
1000
1000
1000
1000
1000
1000
1000
1000
1000
1000
1000
1000
1000
1000
1000
1000
1000
1000
1000
1000
1000
1000
999.997
1000
1000
1000
1000
1000
1000
1000
999.725
1000
1000
1000
1000
1000
1000
1000
999.994
1000
1000
1000
1000
1000
1000
1000
1000
1000
1000
1000
1000
1000
1000
1000
1000
1000
1000
1000
1000
1000
1000
1000
1000
1000
1000
1000
1000
1000
1000
1000
1000
1000
1000
1000
1000
1000
1000
1000
1000
1000
1000
1000
1000
1000
1000
1000
1000
1000
1000
1000
1000
1000
1000
1000
1000
1000
1000
1000
1000
1000
1000
1000
1000
1000
1000
1000
1000
1000
1000
1000
1000
1000
1000
1000
1000
1000
1000
1000
1000
1000
1000
1000
1000
1000
1000
1000
1000
1000
1000
1000
1000
1000
1000
1000
1000
1000
1000
1000
1000
1000
1000
1000
1000
1000
1000
1000
1000
1000
1000
1000
1000
1000
1000
1000
1000
1000
1000
1000
1000
1000
1000
1000
1000
1000
1000
1000
1000
1000
1000
1000
1000
1000
1000
1000
1000
1000
1000
1000
1000
1000
1000
1000
1000
1000
1000
1000
1000
1000
1000
1000
1000
1000
1000
1000
1000
1000
1000
1000
1000
1000
1000
1000
1000
1000
1000
1000
1000
1000
1000
1000
1000
1000
1000
1000
1000
1000
1000
1000
1000
1000
1000
1000
1000
1000
1000
1000
1000
1000
1000
1000
1000
1000
1000
1000
1000
1000
1000
1000
1000
1000
1000
1000
1000
1000
1000
1000
1000
1000
1000
1000
1000
1000
1000
1000
1000
1000
1000
1000
1000
1000
1000
1000
1000
1000
1000
1000
1000
1000
1000
1000
1000
1000
1000
1000
1000
1000
1000
1000
1000
)
;

boundaryField
{
    base
    {
        type            calculated;
        value           nonuniform List<scalar> 
248
(
999.998
999.999
1000
1000
1000
1000
999.999
1000
1000
1000
1000
1000
1000
1000
1000
1000
998.733
1000
1000
1000
1000
1000
1000
1000
1000
1000
1000
1000
1000
1000
1000
1000
1000
1000
1000
1000
1000
1000
1000
1000
1000
1000
1000
1000
1000
1000
1000
1000
1000
1000
1000
1000
1000
1000
1000
1000
1000
1000
1000
1000
1000
1000
1000
1000
1000
1000
1000
1000
1000
1000
1000
1000
1000
1000
1000
1000
1000
1000
1000
1000
1000
1000
1000
1000
1000
999.978
999.992
1000
1000
1000
1000
1000
999.973
999.997
1000
1000
1000
1000
1000
999.977
1000
1000
1000
1000
1000
1000
1000
1000
1000
1000
1000
1000
1000
1000
1000
1000
1000
1000
1000
1000
1000
1000
1000
1000
1000
1000
999.983
1000
1000
1000
1000
1000
1000
999.948
1000
1000
1000
1000
1000
999.999
1000
1000
999.974
1000
1000
999.998
999.998
999.989
999.93
999.825
1000
1000
1000
1000
999.98
999.833
999.825
1000
1000
1000
1000
999.985
999.978
999.961
1000
1000
1000
999.997
1000
1000
1000
1000
1000
1000
999.994
1000
1000
1000
1000
1000
1000
999.998
1000
1000
1000
1000
1000
1000
1000
1000
1000
1000
999.947
1000
1000
1000
1000
1000
1000
999.817
1000
1000
1000
1000
1000
1000
999.821
1000
1000
1000
1000
1000
1000
999.946
1000
999.999
1000
1000
1000
1000
1000
999.689
1000
1000
1000
1000
1000
999.982
999.449
1000
1000
1000
1000
1000
999.977
999.45
999.998
1000
1000
1000
1000
999.981
999.45
999.996
1000
1000
999.977
1000
)
;
    }
    outlet
    {
        type            calculated;
        value           nonuniform 0();
    }
    walls
    {
        type            calculated;
        value           nonuniform List<scalar> 
1583
(
1000
1000
1000
1000
1000
1000
1000
1000
1000
1000
1000
1000
1000
1000
1000
1000
1000
1000
1000
1000
1000
1000
1000
999.995
999.993
999.991
999.992
1000
999.994
999.511
999.998
1000
999.971
999.954
1000
1000
1000
1000
1000
1000
1000
1000
1000
1000
1000
1000
999.927
1000
1000
1000
999.97
999.963
999.954
999.996
1000
1000
1000
1000
1000
1000
1000
1000
1000
1000
1000
1000
1000
1000
1000
1000
1000
1000
1000
1000
1000
1000
1000
1000
1000
1000
1000
1000
1000
1000
1000
1000
1000
1000
1000
1000
1000
1000
1000
1000
1000
1000
1000
1000
1000
1000
1000
1000
1000
1000
1000
1000
1000
1000
1000
1000
1000
1000
1000
999.998
1000
1000
1000
1000
1000
1000
999.997
999.999
1000
1000
1000
1000
1000
999.999
999.999
1000
1000
1000
1000
1000
1000
999.998
1000
1000
1000
1000
1000
1000
999.997
999.999
1000
1000
1000
999.997
1000
999.997
999.999
1000
1000
1000
999.997
999.997
999.998
999.999
999.999
999.999
1000
1000
999.92
999.988
999.999
999.993
999.97
1000
1000
999.938
999.999
999.949
999.871
999.978
1000
1000
1000
999.975
999.877
999.835
1000
1000
1000
1000
999.813
999.952
999.968
1000
1000
1000
1000
999.751
999.996
999.99
1000
1000
999.994
999.99
999.996
999.996
999.995
999.999
1000
999.992
999.94
999.995
999.997
999.999
999.999
1000
999.995
999.867
999.978
999.999
999.999
999.999
1000
999.999
999.893
999.965
999.998
999.997
1000
1000
1000
1000
1000
999.999
999.92
1000
1000
1000
1000
1000
999.997
999.994
1000
1000
1000
1000
1000
999.995
1000
1000
1000
999.998
999.999
1000
999.997
1000
1000
1000
999.994
999.997
1000
999.999
1000
1000
999.999
999.995
999.996
1000
999.999
999.999
1000
999.994
1000
999.99
1000
999.999
999.997
999.975
999.995
1000
999.992
1000
999.998
999.979
999.873
1000
1000
1000
1000
1000
1000
1000
1000
1000
1000
1000
1000
1000
1000
1000
1000
1000
1000
1000
1000
1000
1000
1000
1000
1000
1000
1000
1000
1000
1000
1000
1000
1000
1000
1000
1000
1000
1000
1000
1000
1000
1000
1000
1000
1000
1000
1000
1000
1000
1000
1000
1000
1000
1000
1000
1000
1000
1000
1000
1000
1000
1000
1000
1000
1000
1000
1000
1000
1000
1000
1000
1000
1000
1000
1000
1000
1000
1000
1000
1000
1000
1000
1000
1000
1000
1000
1000
1000
1000
1000
1000
1000
1000
999.996
999.996
999.985
999.99
999.995
1000
1000
999.941
999.986
999.976
999.961
999.97
1000
1000
999.959
999.914
999.913
999.879
1000
1000
1000
999.749
999.602
999.841
999.709
999.896
1000
999.999
999.749
999.504
999.904
999.52
999.751
1000
1000
999.826
999.959
999.998
999.988
999.934
1000
1000
999.878
999.951
999.998
999.994
999.988
1000
999.997
999.979
999.969
999.998
999.999
1000
1000
999.996
1000
999.993
999.999
1000
1000
1000
999.997
999.998
1000
999.999
1000
1000
1000
1000
999.999
1000
999.999
999.999
1000
1000
1000
1000
1000
1000
1000
1000
1000
1000
999.996
999.996
999.985
999.99
999.995
1000
1000
1000
1000
999.997
1000
1000
1000
999.999
1000
1000
999.998
1000
1000
1000
999.994
999.928
1000
1000
999.994
999.971
1000
1000
999.818
999.665
999.964
999.616
999.921
1000
1000
999.973
999.654
999.989
999.616
999.927
1000
999.999
1000
999.978
999.998
1000
1000
1000
1000
1000
999.99
999.999
1000
1000
1000
999.999
999.997
999.992
999.999
999.999
999.999
1000
999.994
999.974
999.994
1000
999.997
999.989
1000
999.992
999.971
999.996
1000
999.998
999.989
1000
999.996
999.994
999.999
1000
1000
1000
1000
1000
1000
1000
1000
1000
1000
1000
1000
1000
1000
999.997
1000
1000
1000
1000
999.999
999.979
999.962
999.951
999.99
1000
1000
1000
999.983
999.942
999.877
999.966
1000
1000
999.994
999.977
999.901
999.858
999.921
1000
1000
999.659
999.857
999.942
999.887
999.876
999.999
999.994
999.518
999.493
999.93
999.685
999.884
1000
1000
999.999
1000
999.999
999.956
999.857
1000
1000
1000
1000
999.997
999.96
999.973
1000
1000
1000
1000
999.998
999.98
1000
1000
1000
1000
1000
1000
999.996
1000
1000
1000
1000
1000
999.997
999.997
999.998
1000
1000
1000
1000
999.998
999.999
999.999
1000
1000
1000
1000
1000
1000
1000
1000
1000
999.999
999.979
999.962
999.951
999.99
1000
1000
1000
1000
1000
1000
1000
1000
1000
1000
1000
1000
1000
1000
1000
1000
1000
1000
1000
1000
1000
1000
1000
1000
1000
1000
1000
1000
1000
1000
1000
1000
1000
1000
1000
1000
1000
1000
1000
1000
1000
1000
1000
1000
1000
1000
1000
1000
1000
1000
1000
1000
1000
1000
1000
1000
1000
1000
1000
1000
1000
1000
1000
1000
1000
1000
1000
1000
1000
1000
1000
1000
1000
1000
1000
1000
1000
1000
1000
1000
999.995
999.983
999.995
1000
1000
1000
1000
1000
1000
1000
1000
1000
1000
1000
1000
1000
1000
1000
1000
1000
1000
1000
1000
1000
1000
1000
1000
1000
1000
1000
1000
1000
1000
1000
1000
1000
1000
1000
1000
1000
1000
1000
1000
1000
1000
1000
1000
1000
1000
1000
1000
1000
1000
1000
1000
1000
1000
1000
1000
1000
1000
1000
1000
1000
1000
1000
1000
1000
1000
1000
1000
1000
1000
1000
1000
1000
1000
1000
1000
1000
1000
1000
1000
1000
1000
1000
1000
1000
1000
1000
1000
1000
1000
1000
1000
1000
1000
1000
1000
1000
1000
1000
1000
1000
1000
1000
1000
1000
1000
1000
1000
1000
1000
1000
1000
1000
1000
1000
1000
1000
1000
1000
1000
1000
1000
1000
1000
1000
1000
1000
1000
1000
1000
1000
1000
1000
1000
1000
1000
1000
1000
1000
1000
1000
1000
1000
1000
1000
1000
1000
1000
1000
1000
1000
1000
1000
1000
999.996
999.977
999.954
999.985
1000
1000
1000
1000
1000
1000
1000
1000
1000
1000
1000
1000
1000
1000
1000
1000
1000
1000
1000
1000
1000
1000
1000
1000
1000
1000
1000
1000
1000
1000
1000
1000
1000
1000
1000
1000
1000
1000
1000
1000
1000
1000
1000
1000
1000
1000
1000
1000
1000
1000
1000
1000
1000
1000
1000
1000
1000
1000
1000
1000
1000
1000
1000
1000
1000
1000
1000
1000
1000
1000
1000
1000
1000
1000
1000
1000
1000
1000
1000
1000
1000
1000
1000
1000
1000
1000
1000
1000
1000
1000
1000
1000
1000
1000
1000
1000
1000
1000
1000
1000
1000
1000
1000
1000
1000
1000
1000
1000
1000
1000
1000
1000
1000
1000
1000
1000
1000
1000
1000
1000
999.999
1000
1000
1000
1000
1000
1000
999.999
1000
1000
1000
1000
1000
1000
999.999
1000
1000
1000
1000
1000
1000
999.998
1000
1000
1000
1000
1000
1000
999.999
1000
1000
999.999
1000
999.996
999.993
999.997
1000
1000
999.993
999.972
999.997
999.999
999.999
1000
1000
999.987
999.969
999.999
999.999
1000
1000
1000
999.989
999.987
999.977
999.998
1000
1000
1000
999.995
999.994
999.838
999.992
1000
1000
1000
999.998
999.882
999.8
999.946
999.997
1000
1000
1000
999.8
999.8
999.877
999.981
1000
999.998
999.983
999.8
999.8
999.884
999.96
1000
999.993
999.856
999.799
999.844
999.904
999.962
1000
999.984
999.8
999.799
999.92
999.88
999.979
1000
999.981
999.802
999.914
999.949
999.86
999.996
1000
1000
1000
999.681
999.995
1000
1000
1000
1000
999.998
999.925
999.998
1000
1000
1000
1000
999.993
1000
1000
1000
1000
1000
1000
999.995
1000
999.999
1000
1000
1000
1000
999.999
1000
999.995
1000
1000
1000
1000
1000
1000
999.994
1000
1000
1000
1000
1000
1000
999.994
1000
1000
1000
1000
1000
1000
999.996
1000
1000
1000
1000
1000
1000
999.999
1000
1000
1000
1000
1000
1000
1000
1000
1000
1000
1000
1000
1000
1000
1000
1000
1000
999.997
999.999
999.996
999.984
999.999
1000
999.999
999.999
999.991
1000
999.992
1000
1000
999.992
999.904
999.853
999.885
999.976
1000
1000
999.971
999.842
999.842
999.842
999.946
1000
1000
999.96
999.842
999.842
999.842
999.945
1000
1000
999.969
999.866
999.842
999.842
999.965
1000
1000
999.99
999.981
999.916
999.902
999.991
1000
1000
999.999
999.999
999.991
999.991
999.998
1000
1000
999.999
999.96
999.998
999.998
999.998
999.996
1000
999.699
999.349
999.522
999.871
999.98
999.994
1000
999.336
999.166
999.166
999.23
999.69
999.988
1000
1000
1000
1000
1000
1000
1000
1000
1000
1000
1000
1000
1000
1000
1000
1000
1000
1000
1000
1000
1000
1000
1000
1000
1000
1000
1000
1000
1000
1000
1000
1000
1000
1000
1000
1000
1000
1000
1000
1000
1000
1000
1000
1000
1000
1000
1000
1000
1000
1000
1000
1000
1000
1000
1000
1000
1000
1000
1000
1000
1000
1000
1000
1000
1000
1000
1000
1000
1000
1000
1000
1000
1000
1000
1000
1000
1000
1000
1000
999.834
999.48
999.908
999.161
999.918
1000
1000
999.822
998.524
999.715
999.189
999.899
1000
1000
999.958
998.629
998.672
999.773
999.892
999.999
1000
999.986
999.986
999.327
999.79
999.906
999.999
1000
999.974
999.82
999.88
999.653
999.96
1000
1000
999.988
999.749
999.748
999.653
999.985
1000
1000
1000
999.893
998.794
999.75
1000
1000
1000
1000
999.982
998.919
999.99
1000
1000
1000
1000
1000
1000
1000
1000
1000
1000
1000
1000
1000
1000
1000
1000
1000
1000
1000
1000
1000
1000
1000
1000
1000
1000
1000
1000
1000
1000
1000
999.934
999.79
999.814
1000
1000
1000
1000
999.993
999.5
999.991
1000
1000
1000
1000
999.999
999.937
999.999
1000
1000
1000
1000
1000
1000
1000
1000
1000
1000
1000
1000
1000
1000
1000
1000
1000
1000
1000
1000
1000
1000
1000
1000
1000
1000
1000
1000
1000
1000
1000
1000
1000
1000
1000
1000
1000
1000
1000
1000
1000
1000
1000
1000
1000
1000
1000
1000
1000
1000
1000
1000
1000
1000
1000
1000
1000
1000
1000
1000
1000
1000
1000
1000
999.875
998.941
999.489
999.322
999.95
1000
1000
999.933
999.038
999.406
999.583
999.975
1000
1000
999.987
999.877
999.825
999.839
999.976
1000
1000
999.985
999.772
999.813
999.782
999.982
1000
1000
999.994
999.698
999.408
999.868
1000
1000
1000
1000
999.972
999.156
999.974
1000
1000
1000
1000
999.997
999.725
999.994
1000
1000
1000
1000
1000
1000
1000
1000
1000
1000
1000
1000
1000
1000
1000
1000
1000
1000
1000
1000
1000
1000
1000
1000
1000
1000
1000
1000
1000
1000
)
;
    }
    inlet
    {
        type            calculated;
        value           uniform 1;
    }
    procBoundary0to1
    {
        type            processor;
        value           nonuniform List<scalar> 
760
(
1000
1000
1000
1000
1000
1000
1000
1000
1000
1000
1000
1000
1000
1000
1000
1000
1000
1000
1000
1000
1000
1000
1000
1000
1000
1000
1000
1000
1000
1000
1000
1000
1000
1000
1000
1000
1000
1000
1000
1000
1000
1000
1000
1000
1000
1000
1000
1000
1000
1000
1000
1000
1000
1000
1000
1000
1000
1000
1000
1000
1000
1000
1000
1000
1000
1000
1000
1000
1000
1000
1000
1000
1000
1000
1000
1000
1000
1000
1000
1000
1000
1000
1000
1000
1000
1000
1000
1000
1000
1000
1000
1000
1000
1000
1000
1000
1000
1000
1000
1000
1000
1000
1000
1000
1000
1000
1000
1000
1000
1000
1000
1000
1000
1000
1000
1000
1000
1000
1000
1000
1000
1000
1000
1000
1000
1000
1000
1000
1000
1000
1000
1000
1000
1000
1000
1000
1000
1000
1000
1000
1000
1000
1000
1000
1000
1000
1000
1000
1000
1000
1000
1000
1000
1000
1000
1000
1000
1000
1000
1000
1000
1000
1000
1000
1000
1000
1000
1000
1000
1000
1000
1000
1000
1000
1000
1000
1000
1000
1000
1000
1000
1000
1000
1000
1000
1000
1000
1000
1000
1000
1000
1000
1000
1000
1000
1000
1000
1000
1000
1000
1000
1000
1000
1000
1000
1000
1000
1000
1000
1000
1000
1000
1000
1000
1000
1000
1000
1000
1000
1000
1000
1000
1000
1000
1000
1000
1000
1000
1000
1000
1000
1000
1000
1000
1000
1000
1000
1000
1000
1000
1000
1000
1000
1000
1000
1000
999.999
1000
1000
1000
1000
1000
1000
1000
999.999
1000.01
1000
998.012
1000
1000
999.999
999.988
999.938
999.997
999.999
1000
1000
999.993
922.582
284.994
840.38
999.985
1000
1000
999.996
931.723
367.498
891.962
999.89
999.973
1000
1000
999.958
996.278
999.54
1000
1000
1000
1000
1000
999.999
1000
999.83
1000
1000
1000
1000
1000
1000
1000
1000
1000
1000
1000
1000
1000
1000
1000
1000
1000
1000
1000
1000
1000
1000
1000
1000
1000
1000
1000
1000
1000
1000
1000
1000
1000
1000
1000
1000
1000
1000
1000
1000
1000
1000
1000
1000
1000
1000
1000
1000
1000
1000
1000
1000
1000
1000
999.994
999.988
999.999
1000
1000
999.999
999.997
999.996
999.999
1000
1000
1000
1000
999.998
999.97
999.96
999.989
1000
999.999
999.983
1000
1000
999.987
999.962
999.959
999.984
999.99
999.847
999.999
999.999
999.995
999.995
999.981
999.815
999.897
999.977
1000
999.937
999.922
999.966
999.897
999.655
999.655
999.666
999.999
999.907
999.672
999.653
999.654
999.661
999.827
999.888
999.998
999.999
999.994
999.964
999.924
999.923
999.972
1000
999.961
999.948
999.997
1000
1000
1000
1000
1000
999.924
999.883
999.958
1000
1000
1000
1000
1000
1000
1000
999.998
999.999
1000
1000
1000
1000
1000
1000
999.992
999.983
999.997
1000
1000
1000
1000
999.999
999.997
999.999
1000
1000
1000
1000
1000
1000
1000
1000
999.999
999.999
1000
1000
1000
1000
1000
1000
1000
1000
1000
1000
1000
1000
999.947
999.862
999.986
999.96
999.8
999.556
1000
999.997
999.879
999.796
999.861
999.875
999.363
999.166
1000
1000
999.992
999.916
999.756
999.753
999.633
999.166
1000
1000
1000
999.996
999.972
999.852
999.715
999.166
1000
1000
1000
999.99
999.963
999.976
999.877
999.388
1000
1000
1000
999.996
999.99
999.99
999.975
999.964
1000
1000
1000
1000
1000
1000
1000
1000
1000
1000
1000
1000
1000
1000
1000
1000
1000
1000
1000
1000
1000
1000
1000
1000
1000
1000
1000
1000
1000
1000
1000
1000
1000
1000
1000
1000
1000
1000
1000
1000
1000
1000
1000
1000
1000
1000
1000
1000
1000
1000
1000
1000
1000
1000
1000
1000
1000
1000
1000
1000
1000
1000
1000
1000
1000
1000
1000
1000
1000
1000
1000
1000
1000
1000
1000
1000
1000
1000
1000
1000
1000
1000
1000
1000
1000
1000
1000
1000
1000
1000
1000
1000
1000
1000
1000
1000
1000
1000
1000
1000
1000
1000
1000
1000
1000
1000
1000
1000
1000
1000
1000
1000
1000
1000
1000
1000
1000
1000
1000
1000
1000
1000
1000
1000
1000
1000
1000
1000
1000
1000
1000
1000
1000
1000
1000
1000
1000
1000
1000
1000
1000
1000
1000
1000
1000
1000
1000
1000
1000
1000
1000
1000
1000
1000
1000
1000
1000
1000
1000
1000
1000
1000
1000
1000
1000
1000
1000
1000
1000
1000
1000
1000
1000
1000
1000
1000
1000
1000
1000
1000
1000
1000
1000
1000
1000
1000
1000
1000
1000
1000
1000
1000
1000
1000
1000
1000
1000
1000
1000
1000
1000
1000
1000
1000
1000
1000
1000
1000
1000
1000
1000
1000
1000
1000
1000
1000
1000
1000
1000
1000
1000
1000
1000
1000
1000
1000
1000
1000
1000
1000
1000
1000
1000
1000
1000
1000
1000
1000
1000
1000
1000
1000
1000
1000
1000
1000
1000
1000
1000
)
;
    }
}


// ************************************************************************* //
