/*--------------------------------*- C++ -*----------------------------------*\
| =========                 |                                                 |
| \\      /  F ield         | OpenFOAM: The Open Source CFD Toolbox           |
|  \\    /   O peration     | Version:  plus.master.MPPICInterFoam            |
|   \\  /    A nd           | Web:      www.OpenFOAM.com                      |
|    \\/     M anipulation  |                                                 |
\*---------------------------------------------------------------------------*/
FoamFile
{
    version     2.0;
    format      ascii;
    class       vectorField;
    location    "9.6/lagrangian/kinematicCloud";
    object      U;
}
// * * * * * * * * * * * * * * * * * * * * * * * * * * * * * * * * * * * * * //


1969
(
(0.000818977 -0.000157183 -0.0465433)
(0.00754505 0.00527804 -0.0457486)
(0.00230993 0.000662423 -0.0463862)
(0.00241229 0.000581385 -0.0468763)
(0.00044424 -0.000234105 -0.0450535)
(0.000737782 -6.61094e-05 -0.0447914)
(0.000794004 -0.000501049 -0.0437221)
(0.00140352 -0.000455157 -0.0481412)
(0.0024865 0.000562759 -0.0481244)
(0.000894687 -0.000176681 -0.0463083)
(0.000555067 -0.000170639 -0.0490822)
(0.00037981 -0.000211457 -0.046896)
(0.00441273 0.00341332 -0.0479379)
(0.000588785 -0.000206012 -0.0447998)
(0.00144557 -0.000313681 -0.0482857)
(0.00287101 0.00081395 -0.0481375)
(0.000474607 -0.000259139 -0.0451056)
(0.0009879 0.000163927 -0.0445459)
(0.000462395 -0.000253045 -0.0446531)
(0.00100555 0.00020858 -0.044831)
(0.0004402 -0.000278647 -0.0449581)
(0.000859527 -6.21477e-06 -0.0462781)
(0.000671931 -0.000244363 -0.0474433)
(0.000970625 -0.000114484 -0.0480792)
(-0.000484083 4.04202e-05 -0.0493724)
(0.000616064 -0.000316174 -0.0471532)
(0.00621323 0.00418651 -0.0477458)
(0.000657836 -0.000168819 -0.0466648)
(-0.00050044 -3.05838e-05 -0.0493501)
(0.0017665 0.00245417 -0.0445076)
(0.00121306 0.00107012 -0.0448996)
(0.00181341 0.00266609 -0.0450219)
(0.000385866 -0.000288655 -0.0433373)
(-0.000536387 1.63739e-05 -0.0496547)
(0.000674472 -0.000306725 -0.0474503)
(0.000983233 0.000196835 -0.0445979)
(0.000615604 -0.000136691 -0.0431166)
(0.000640008 -6.80277e-05 -0.0414673)
(0.000805378 -8.11249e-06 -0.0453033)
(-8.22416e-05 -0.000108074 -0.0469932)
(-0.000543184 0.000443311 -0.0496723)
(0.00126937 0.00149441 -0.0447947)
(0.000779161 -0.000207397 -0.0486382)
(0.00172444 0.00279497 -0.0456409)
(0.000308649 -0.00034536 -0.0453814)
(0.00137766 0.00190311 -0.0451617)
(-0.000538163 2.33462e-05 -0.0497671)
(0.000941377 6.11644e-05 -0.0465559)
(0.000308892 -0.000374395 -0.0449884)
(0.000902303 -0.000203974 -0.0484016)
(0.00103765 8.4154e-05 -0.048248)
(0.000589439 -0.000384086 -0.0472649)
(0.000881267 1.27224e-06 -0.0469641)
(0.00583452 0.00393365 -0.0474896)
(0.000961193 0.000164564 -0.0446454)
(0.00152269 0.000128462 -0.0486604)
(0.00104392 -0.000184579 -0.0459847)
(0.000531573 -0.000248575 -0.0440578)
(0.00250979 0.000610026 -0.0484256)
(0.000893145 -0.000256449 -0.0466309)
(0.00138845 -0.000503667 -0.0479891)
(0.000505768 -0.000226278 -0.0479097)
(0.000554979 -0.000264317 -0.0471655)
(0.000929893 3.05666e-05 -0.0474714)
(0.000764035 9.27683e-05 -0.0416114)
(0.0012891 -0.000990669 -0.0467168)
(0.000645611 -0.000422681 -0.047078)
(0.000785969 -0.00046046 -0.0469042)
(0.000590104 -0.000234674 -0.047021)
(0.00070085 -0.000307048 -0.0480501)
(0.000505598 -0.000241877 -0.0449596)
(0.00183886 -0.00104542 -0.0464811)
(0.000301602 -0.000334956 -0.0381675)
(0.00082555 -0.000386514 -0.048646)
(0.000976695 0.000134666 -0.0463365)
(0.00293517 -0.00157896 -0.0464125)
(0.000681046 -0.000291756 -0.0484915)
(0.00456906 0.00314617 -0.0484481)
(0.00102323 -0.000143696 -0.0494974)
(0.00066035 -0.000262908 -0.0488341)
(0.0013672 -0.00131639 -0.0477327)
(0.000603987 -0.000134929 -0.0434853)
(0.000984126 0.000143927 -0.0462581)
(0.00128899 -0.000998148 -0.0453067)
(0.00122226 -0.000984329 -0.0470034)
(0.00123288 -0.000752826 -0.0476657)
(7.00257e-05 -2.91196e-05 -0.0474801)
(0.000681427 -0.000271694 -0.0488721)
(-0.000526612 0.00032404 -0.0487151)
(0.000348167 -0.000316402 -0.0426213)
(0.000362438 -0.000336894 -0.0457366)
(0.00104412 -0.00015172 -0.0488299)
(0.00119281 0.000575075 -0.0464479)
(0.00129281 -0.000970979 -0.0484556)
(0.000710891 -0.000204021 -0.0490778)
(0.00132613 -0.00106048 -0.0478314)
(0.00125944 -0.000819996 -0.0479779)
(0.00064062 -0.000296124 -0.0472375)
(0.000690994 -5.36615e-05 -0.043377)
(0.000582475 -0.00027777 -0.0460482)
(0.000765317 0.000105901 -0.0417225)
(0.000983437 0.000917427 -0.0464211)
(0.000943602 6.30768e-05 -0.0470177)
(0.000869155 0.000190043 -0.0439517)
(-0.000614449 0.000134056 -0.0510224)
(0.00131356 -0.0010464 -0.0469613)
(0.00105895 -0.000639092 -0.0464675)
(0.000567761 -0.000214815 -0.0464171)
(0.000500517 -0.000410224 -0.0468886)
(0.000803693 -0.000214971 -0.0490498)
(0.000902518 -0.000211962 -0.0476987)
(-0.000406737 9.05139e-05 -0.0489616)
(0.00078337 -0.000227207 -0.0489428)
(0.000730708 -2.98082e-05 -0.0438829)
(0.00105863 0.000403538 -0.0455609)
(0.00126207 -0.000905982 -0.0488435)
(0.000560757 -0.000199146 -0.0439306)
(0.000655167 -0.000275039 -0.0463701)
(0.00039049 -0.000293232 -0.0463742)
(-0.000424113 7.81918e-05 -0.048624)
(0.00127487 -0.000843266 -0.0484929)
(0.000519931 -0.000271744 -0.0475726)
(0.000763013 -0.000487886 -0.0462047)
(-0.000345817 1.97579e-05 -0.0473158)
(0.000465519 -0.000240687 -0.0481121)
(0.000685516 -0.00025484 -0.0471616)
(0.000520883 -0.000292404 -0.047746)
(0.000844819 0.000170943 -0.0438695)
(0.000813823 -3.48319e-06 -0.0457563)
(0.000976757 0.000889145 -0.0465671)
(0.00109513 -0.000698018 -0.0466707)
(0.000243441 -0.00041642 -0.0463596)
(0.000655747 -0.000195351 -0.0454662)
(0.000494212 -0.000281614 -0.048306)
(0.000984696 0.00014555 -0.0464852)
(0.00079282 -0.000107546 -0.0479205)
(0.000792447 -0.000232038 -0.048386)
(-0.000365639 8.59118e-05 -0.048635)
(0.00116379 0.000583839 -0.0468681)
(0.00123756 -0.00082502 -0.0491254)
(0.000785654 -0.000237782 -0.0479148)
(0.000681008 -0.00045777 -0.045942)
(-0.000387174 6.53802e-05 -0.0483493)
(0.00100245 0.000877508 -0.0471952)
(-0.000456696 4.60614e-05 -0.0494668)
(0.0010575 -0.000625202 -0.0467242)
(0.00134727 -0.00120009 -0.0485766)
(0.000967756 -0.000174583 -0.0496991)
(0.000851277 -0.000229681 -0.0485392)
(0.000807294 -0.000274537 -0.0479489)
(0.000835615 -0.00021803 -0.049118)
(0.000382558 -0.000321633 -0.046222)
(0.00125665 -0.000979107 -0.0507953)
(-0.00040348 6.49355e-05 -0.0491576)
(0.000347014 -0.000363161 -0.0411702)
(0.000823345 0.000147091 -0.0442237)
(0.000911775 -0.000191188 -0.0493124)
(0.00450289 0.00279809 -0.0482633)
(0.00114843 0.000468418 -0.0466353)
(0.00116961 0.000777646 -0.046629)
(0.000992553 0.000885173 -0.0468337)
(0.000760195 -0.000210612 -0.0484084)
(0.000657002 -0.00046067 -0.0456293)
(0.000583029 -0.000482717 -0.045808)
(0.00113971 0.000544268 -0.0467054)
(0.000891564 -0.000485315 -0.0461778)
(-0.000344523 3.57558e-05 -0.0497721)
(0.000361838 -0.000297947 -0.0432692)
(0.000278734 -0.000339472 -0.0413955)
(0.000816911 0.000213796 -0.044133)
(0.000797934 -0.000275753 -0.0481798)
(0.000921099 8.53854e-05 -0.0463418)
(0.0010304 -0.00056141 -0.0463906)
(-0.000300052 -3.29498e-05 -0.0464814)
(0.00124409 -0.000827522 -0.0485317)
(0.000883456 -0.000480504 -0.046194)
(0.000756085 0.000113077 -0.0432709)
(0.000706436 -6.84252e-05 -0.0451529)
(0.00080979 -0.000233027 -0.0489534)
(0.000854193 1.49859e-05 -0.0462642)
(0.00116733 0.000172942 -0.0476707)
(-0.000350217 4.23945e-05 -0.047746)
(0.00130727 -0.000874858 -0.048782)
(0.00121066 -0.000775407 -0.048828)
(0.00093458 -0.000197543 -0.0491715)
(0.000830098 -0.000231144 -0.0481134)
(0.000839301 -0.000402631 -0.0455437)
(0.000750986 -0.00025586 -0.0479863)
(0.00069629 -0.000212891 -0.049211)
(0.00085284 -0.000389737 -0.0451707)
(0.000928602 3.13122e-05 -0.0460493)
(0.000642228 -0.000344188 -0.0473504)
(0.000542831 -5.53841e-05 -0.0409974)
(0.00095686 -0.000176708 -0.0500092)
(0.000550124 8.737e-05 -0.0387946)
(0.000976287 -1.60504e-05 -0.0481078)
(0.000974798 -0.000173021 -0.0474618)
(-0.000622167 0.000136963 -0.0508328)
(-0.000392126 4.45457e-05 -0.0499246)
(0.000869235 -0.000404866 -0.045363)
(0.00294265 -0.00162136 -0.0466648)
(0.00134064 -0.00121242 -0.0485517)
(0.00043935 -0.000273989 -0.0476133)
(0.000794676 -0.000117887 -0.0483493)
(0.000803017 -0.00023391 -0.0490141)
(0.00112321 0.000208031 -0.0476828)
(0.000827405 -0.000219452 -0.0488087)
(0.000786686 -0.000246934 -0.0487903)
(0.00049099 -0.00029318 -0.0478335)
(0.000853414 0.000726439 -0.0453701)
(0.000840097 -0.000221632 -0.0492568)
(0.000213529 -0.000426739 -0.0441681)
(0.000684195 -0.000282105 -0.0484588)
(-0.000361464 2.62985e-05 -0.0478721)
(0.000771027 0.00181281 -0.0479254)
(0.00128824 -0.000872809 -0.0486032)
(0.000497523 -7.49876e-06 -0.0389361)
(0.000267333 -0.000386066 -0.0460994)
(0.000691015 -0.00024125 -0.0496892)
(0.00078586 -6.06479e-05 -0.0473296)
(0.00114877 0.000196163 -0.0477187)
(0.000781939 -0.000240486 -0.0489549)
(0.000927399 -9.72751e-07 -0.0471358)
(0.000852184 -0.000228377 -0.0489917)
(0.00120566 -0.00077308 -0.0485758)
(0.00082032 -0.000102516 -0.0484349)
(0.00123005 -0.000921374 -0.0515754)
(0.00037298 -0.000526196 -0.0440139)
(0.00121691 -0.000698984 -0.0507163)
(0.000425169 -0.000319677 -0.0472016)
(0.000819664 -0.000222087 -0.0490305)
(0.000351692 -0.000419914 -0.0444502)
(0.000755835 -0.000244551 -0.048838)
(0.000712149 -0.000434769 -0.0478911)
(0.000420641 -0.000385405 -0.0488944)
(0.000788532 0.000288528 -0.0435238)
(0.000921966 -0.000545743 -0.0468421)
(0.000288886 -0.000448399 -0.0444299)
(0.000832155 -0.000225573 -0.049356)
(0.000798405 -0.000243151 -0.0490695)
(0.00318646 0.00175123 -0.0487834)
(0.000745093 -0.000351614 -0.0454234)
(0.000837464 0.000213359 -0.0442921)
(0.0011359 0.000541949 -0.0463676)
(0.000607432 -0.000282736 -0.0487892)
(0.000721752 -0.000199878 -0.0495245)
(-0.000365504 6.57846e-05 -0.0492718)
(0.000670836 -0.000283423 -0.0497968)
(0.00092868 0.00145707 -0.0480753)
(0.000743241 3.01634e-05 -0.0441465)
(0.00066333 -0.000287888 -0.0495838)
(0.000866658 -0.000198821 -0.0472174)
(0.000751518 0.000568483 -0.0435991)
(0.000800887 -0.000239823 -0.049142)
(0.000761986 0.000547957 -0.043467)
(0.00079238 -0.000267923 -0.0488618)
(0.000687551 -0.000254531 -0.0489418)
(0.000797107 0.00162606 -0.0467332)
(0.000935771 -0.000444398 -0.0466846)
(0.000975378 0.0008736 -0.048043)
(0.000711055 0.00184076 -0.0474533)
(0.000685127 0.000200766 -0.0428331)
(0.00109165 0.000299006 -0.0461021)
(0.000483321 -0.000317589 -0.0486641)
(0.000364063 -0.00044998 -0.0436498)
(0.000709293 -0.00022009 -0.0492666)
(0.000657316 -0.000302301 -0.0425757)
(0.000705191 -0.000315569 -0.0452485)
(0.000880708 0.000739414 -0.0462523)
(0.000507408 -0.000280029 -0.0390035)
(0.00109478 0.000493196 -0.0477828)
(0.00110028 0.00051293 -0.0479728)
(0.000686294 0.00235509 -0.0471575)
(0.00117295 -0.000692006 -0.0491212)
(0.000829722 -0.0004768 -0.0482045)
(0.00088876 -0.000502345 -0.0492295)
(0.000608902 -0.000201467 -0.0467161)
(0.000842975 -1.13997e-05 -0.0463616)
(0.000294929 -0.000371335 -0.0420266)
(0.000820395 0.000637757 -0.0445658)
(0.000724861 -0.000497087 -0.0453543)
(0.000754056 0.000247346 -0.0421657)
(0.00079677 5.41832e-05 -0.0453733)
(0.000790652 0.000185638 -0.0444785)
(0.000308036 -0.000455743 -0.0442805)
(0.00124792 0.000537196 -0.0478043)
(0.000651045 -0.000301797 -0.0424439)
(0.000394651 -0.000446779 -0.0450887)
(0.00103922 0.000527473 -0.0469258)
(0.00113519 0.000190841 -0.0481991)
(0.000906362 0.000795825 -0.0469439)
(0.000880741 0.000785622 -0.0474564)
(0.00152552 -0.00153721 -0.0487725)
(0.00134786 -0.00113425 -0.0482405)
(0.000677377 -6.66336e-05 -0.0450591)
(0.000666154 8.86522e-05 -0.0432562)
(0.000621973 -0.000467236 -0.0448723)
(0.000660209 -7.88936e-05 -0.0451705)
(0.000830746 0.000251229 -0.0451554)
(0.000820687 -0.000204692 -0.0473525)
(0.0044693 0.00342422 -0.0490024)
(0.000702559 -0.000205136 -0.0497272)
(0.000694218 -0.000290994 -0.043174)
(0.000721622 -0.000190844 -0.0499675)
(0.000812574 -0.000238081 -0.0494219)
(0.00104241 0.000501748 -0.0469961)
(0.000474272 -0.000267774 -0.0385684)
(0.000772008 0.000579321 -0.0440039)
(0.000360372 -0.000402678 -0.0471927)
(0.000523186 0.000113737 -0.0391215)
(0.00073749 -0.000265261 -0.0489801)
(0.000606682 -0.000324658 -0.0478188)
(0.000745051 -0.000271214 -0.0485459)
(0.000757642 0.000620871 -0.0446866)
(0.000700166 -0.000225539 -0.0493281)
(0.000996829 -0.000195215 -0.0489874)
(0.000705803 -0.000221104 -0.0495175)
(0.00104627 4.54191e-06 -0.0494125)
(0.00113443 0.000139621 -0.0487475)
(0.00072634 -0.000198056 -0.0498243)
(0.000967705 0.000597389 -0.045874)
(0.000960863 0.000982882 -0.0484232)
(0.000714584 -0.0001905 -0.0501493)
(0.000822157 0.00119739 -0.0470145)
(0.00125034 -0.00086341 -0.0482587)
(0.000978119 -0.000506602 -0.0504937)
(0.000387489 0.000120631 -0.0360233)
(0.000802107 0.000208179 -0.0447827)
(0.000895198 -0.000201421 -0.0480204)
(0.000970316 -0.000212273 -0.0487456)
(0.00106196 0.000127372 -0.0480238)
(0.000875665 0.000654004 -0.045568)
(0.00112236 0.000570913 -0.0486184)
(0.000814552 -0.000334246 -0.0459577)
(0.00124237 -0.00111745 -0.050248)
(0.00135607 -0.00113761 -0.0483112)
(0.000654428 -0.000109687 -0.0448807)
(0.000650447 -0.000282626 -0.0497066)
(0.000666371 -0.000274506 -0.0494917)
(0.000899063 0.000360287 -0.0449118)
(0.000464501 -0.000335084 -0.0494077)
(0.0015206 0.000388694 -0.0493691)
(0.000860455 1.29395e-05 -0.0474309)
(0.000807862 -0.000234825 -0.0494882)
(0.0010367 0.000525495 -0.0471807)
(0.000375924 -0.00045112 -0.0443534)
(0.000403813 -0.000353472 -0.0437731)
(0.00103659 0.000320175 -0.046992)
(0.000491632 -9.10979e-05 -0.0403738)
(0.000727395 -4.18591e-05 -0.046237)
(0.000635466 0.000115333 -0.0421319)
(0.000684856 -0.000256179 -0.049641)
(0.000891502 0.000275849 -0.0457428)
(0.000815408 -0.000240211 -0.0494444)
(0.000537899 -0.00030617 -0.0486074)
(0.000816818 -0.000233764 -0.0496217)
(0.000862984 0.0002613 -0.0452982)
(0.00090718 -0.000209521 -0.0484685)
(0.000835533 -0.000230717 -0.0497713)
(0.000624095 -0.000283024 -0.0497322)
(0.00115992 0.000468818 -0.0479964)
(0.000697893 -0.000206857 -0.0500972)
(0.000205973 0.000208516 -0.0470513)
(0.00114775 0.00137458 -0.0469334)
(0.00115345 0.000183251 -0.0491069)
(-0.000634343 0.000107948 -0.0515767)
(0.00124345 -0.00116822 -0.0505067)
(0.00111974 -0.000680921 -0.0498736)
(0.000559956 -0.000372272 -0.0481511)
(0.000519673 -0.000352553 -0.0482497)
(0.000691892 -0.000181683 -0.0439902)
(0.000726469 0.000478035 -0.0430903)
(0.000589518 -0.000304816 -0.0485585)
(0.000500912 -0.000319399 -0.0485091)
(0.000903719 0.000711901 -0.0465049)
(-0.000330299 1.02903e-05 -0.0463681)
(0.000701488 -0.000254038 -0.0486967)
(0.000622304 0.00194265 -0.0483298)
(0.00145059 0.00336553 -0.0483964)
(0.000502629 -0.000460643 -0.0449017)
(0.000903983 -1.31479e-05 -0.0477513)
(0.000596891 -0.000338195 -0.0478887)
(7.90101e-05 -6.53692e-05 -0.048026)
(0.00100591 -3.63033e-05 -0.0493891)
(0.000930811 0.000754948 -0.0473171)
(0.00105521 0.000494546 -0.047562)
(0.00107287 0.000506122 -0.0479549)
(0.000593544 -0.000492624 -0.0471293)
(0.000871693 -0.000359604 -0.0467237)
(0.000737699 -0.000328973 -0.04747)
(0.00106883 -0.00133815 -0.0497413)
(0.000903044 -0.000206173 -0.0501748)
(0.000678092 -0.000344179 -0.0495536)
(0.000913008 0.000779865 -0.0473362)
(0.00106188 0.000992727 -0.0495437)
(0.00110388 -0.000648 -0.0500108)
(0.000151603 -0.00056975 -0.0433145)
(0.000321509 -0.000461086 -0.0467714)
(0.000768364 0.000167829 -0.0443509)
(0.000730945 -0.000271433 -0.0487571)
(0.00072765 -0.000266856 -0.049273)
(0.000751329 2.90561e-06 -0.0452401)
(0.000795389 0.000227249 -0.0447841)
(0.000776558 1.05087e-05 -0.0464739)
(0.000687982 -0.000195406 -0.050604)
(0.000972367 -4.23466e-05 -0.0497489)
(0.000696616 -0.000337723 -0.0495748)
(0.00114056 0.000472829 -0.0479245)
(0.00128539 0.00055201 -0.0490879)
(0.00067207 -0.000278598 -0.0494338)
(0.000968759 0.00073619 -0.0474705)
(0.000676903 -0.000295501 -0.0485305)
(0.000934672 0.000881742 -0.0491974)
(0.00294339 -0.00178956 -0.0473333)
(0.0011739 0.000540701 -0.0492945)
(0.00303223 -0.00166815 -0.0476134)
(0.000509552 0.000326504 -0.0456427)
(0.00038291 -0.000333512 -0.0443847)
(0.000709591 -0.000248521 -0.0500556)
(0.000600538 -0.000300559 -0.0497848)
(0.000841259 -0.000112336 -0.0491522)
(0.00097599 0.000365488 -0.0464401)
(0.000471582 -0.000326796 -0.0488444)
(0.000855954 -0.000229343 -0.0496541)
(0.00083447 -0.000231681 -0.0499817)
(0.00068593 -0.000198902 -0.0505211)
(0.000917641 0.000713622 -0.0471424)
(0.000246849 -0.000468649 -0.0456161)
(0.00105658 0.000501287 -0.0478603)
(0.00067438 -0.000255707 -0.0492859)
(0.000614744 -0.000307381 -0.0488875)
(0.000762693 -0.000168185 -0.0457102)
(0.000504766 -0.000413781 -0.0442553)
(0.000514964 -0.000299941 -0.0489282)
(0.000688794 -0.000216706 -0.0500679)
(0.00074234 -0.000246549 -0.0486524)
(0.000997774 -5.59239e-05 -0.049838)
(0.000386792 -0.000352346 -0.0446589)
(0.0043484 -0.00234925 -0.0464584)
(0.000998832 0.000583294 -0.0469178)
(0.0015244 0.00339657 -0.0491213)
(0.000645921 -0.000426145 -0.0489526)
(0.00134557 -0.00101942 -0.0486796)
(0.00124657 -0.000763516 -0.0497884)
(0.000564499 -0.000312447 -0.0500494)
(0.000732865 0.000504553 -0.0438484)
(0.000754525 -0.000249449 -0.0493769)
(0.000935128 0.00086609 -0.0493431)
(0.000693295 -0.000307649 -0.0500344)
(0.0010284 0.000369815 -0.0477836)
(0.000273554 -0.000156982 -0.047058)
(0.000241549 0.000327964 -0.0444727)
(0.00109648 0.000512252 -0.0490116)
(0.000941176 0.000530332 -0.0458231)
(0.00092481 0.000215705 -0.046404)
(0.00078297 -0.000262626 -0.0488441)
(0.000721879 -0.000272095 -0.0488908)
(0.000424801 -0.00048913 -0.0456693)
(0.00108451 -0.000159964 -0.0503786)
(0.000370855 -0.000478733 -0.0452864)
(0.000592172 -0.000318365 -0.0492954)
(0.000709756 -0.000229386 -0.0500284)
(-0.0023846 0.000503608 -0.0452999)
(0.000719258 -0.000213244 -0.0503551)
(0.000961359 3.76039e-05 -0.0483414)
(0.00108344 0.000193506 -0.0485906)
(0.00110577 0.000583967 -0.0487485)
(0.00113498 -0.000662134 -0.0497733)
(0.000801085 -0.00025155 -0.0481727)
(0.000681046 0.00045086 -0.0430875)
(0.000948027 3.55121e-05 -0.0482316)
(0.00106236 0.000131474 -0.0488787)
(0.00091954 0.00187176 -0.049109)
(0.0010753 0.000772812 -0.0497548)
(0.000110596 0.000308326 -0.0425685)
(0.0011304 -0.000564467 -0.049403)
(0.00100319 -0.000565454 -0.0498203)
(0.000579075 -0.000410887 -0.0481279)
(0.000575074 -0.000218691 -0.0463383)
(0.000329793 -0.00040606 -0.0467013)
(0.000508876 -0.000285162 -0.0447206)
(0.000904177 -0.000603392 -0.0470297)
(0.000939431 0.000342558 -0.0462841)
(0.00101274 -0.000211063 -0.0485274)
(0.000756299 0.000151029 -0.0445468)
(0.000748091 0.000153682 -0.0445228)
(0.00102229 0.000443158 -0.0468381)
(0.000403861 1.04264e-05 -0.047425)
(-0.000187337 0.00021376 -0.0489522)
(0.000974973 -2.13418e-05 -0.0497564)
(0.000877694 -0.000257431 -0.0497221)
(0.000993634 9.47549e-05 -0.0485236)
(0.000489554 -0.000402137 -0.0460326)
(0.000872756 -0.000183165 -0.0488491)
(0.00047215 -0.000500473 -0.045951)
(0.00124352 0.00144611 -0.0480826)
(0.00145424 0.0033914 -0.0484582)
(0.000173538 0.000323352 -0.043906)
(0.00144399 0.00342064 -0.0486426)
(0.000675341 0.000310975 -0.0475922)
(0.000525724 -7.82686e-05 -0.0491722)
(0.00074933 -9.30074e-05 -0.047848)
(0.000808991 -0.000207873 -0.0483898)
(0.000732496 -0.000472026 -0.0481861)
(0.00088555 -0.000213649 -0.0491124)
(0.000740678 -0.000262137 -0.0496795)
(0.000870376 0.000608263 -0.0459074)
(0.000781545 -0.000357899 -0.0506517)
(0.000958757 0.000725281 -0.0478738)
(0.00112645 0.00015737 -0.0503652)
(-0.000474454 -9.68817e-05 -0.0519064)
(0.000764661 -0.000264871 -0.0443115)
(0.000809841 -0.000151309 -0.0465145)
(0.000769578 -0.000245313 -0.0497229)
(0.000931592 8.14647e-05 -0.0479575)
(0.000728752 0.00054672 -0.044413)
(0.000737424 -0.000265596 -0.0494929)
(0.000899791 0.000693748 -0.0464418)
(0.000957058 0.000719118 -0.0478794)
(0.000714807 -0.000194532 -0.0511928)
(0.00083647 -0.000223463 -0.0502833)
(0.00101316 -5.24872e-05 -0.0508732)
(0.00098973 0.000893835 -0.0493741)
(0.0009432 0.000776747 -0.0480158)
(0.000774981 -0.000480519 -0.0482561)
(0.000682436 -0.00030059 -0.0506136)
(0.00102405 0.000318869 -0.0477412)
(0.000871544 0.000305685 -0.0430555)
(0.000693737 -0.000260081 -0.0503464)
(0.000433948 -0.000338771 -0.0488769)
(0.000890506 -4.14273e-06 -0.0486338)
(0.000793993 0.000606588 -0.0451917)
(0.000611038 -0.000246605 -0.045573)
(0.000771572 -2.90346e-05 -0.0474291)
(0.000398346 -0.000484038 -0.0458094)
(0.000731423 8.05649e-05 -0.0499022)
(0.000861672 0.00066258 -0.0461406)
(0.000745475 0.00046585 -0.0436356)
(0.00110703 0.000326344 -0.0505863)
(0.0010178 0.000767787 -0.0482051)
(0.00123703 0.000917761 -0.0505331)
(0.000952505 -0.000152074 -0.049294)
(0.00108364 0.000564427 -0.0491284)
(0.000345442 -0.000414614 -0.0457793)
(0.000649724 -8.03693e-05 -0.0455229)
(0.000717958 -0.00015943 -0.0486248)
(0.00084733 -0.000198727 -0.0508746)
(0.000623452 0.00010986 -0.0433046)
(0.000746354 -0.000484683 -0.0480487)
(0.000797376 -0.000230261 -0.0499989)
(0.000807775 -0.000275116 -0.0490433)
(0.000756722 -0.000491214 -0.0470814)
(0.00104613 0.000355634 -0.0477931)
(0.000859974 -0.000201472 -0.0492403)
(0.000748469 -0.00023804 -0.0501008)
(0.000716272 -0.000218803 -0.0506471)
(0.000916765 0.000480615 -0.0460337)
(0.000693217 -0.000270678 -0.0490164)
(0.00107138 0.00038742 -0.0490271)
(0.000709007 -0.00024391 -0.0493577)
(0.00103923 -5.22454e-05 -0.0505417)
(0.00111258 0.000140449 -0.0502312)
(0.00137813 -0.00119816 -0.0493757)
(0.000506042 -0.000305462 -0.0446927)
(0.000753898 -0.000222909 -0.047571)
(0.000577452 -0.000357163 -0.0489209)
(0.000868184 -0.000200814 -0.0487438)
(0.000772095 0.000141185 -0.045045)
(0.00099221 -2.65019e-05 -0.0501168)
(0.000629818 -0.000446737 -0.0461661)
(0.00100399 0.00060738 -0.0480815)
(0.000903946 -0.000206734 -0.0494593)
(0.00074304 -0.000190082 -0.051497)
(0.000855125 -0.000225299 -0.0503014)
(0.000921844 0.000914064 -0.0500591)
(0.000935404 -0.000205046 -0.0496681)
(0.00128034 -0.000896293 -0.0495013)
(0.000346142 -0.000420087 -0.0431542)
(0.00107398 0.000413007 -0.0483955)
(0.00267905 -0.00029954 -0.048292)
(0.00518025 -0.00279386 -0.0459016)
(0.00106262 3.53602e-05 -0.0504123)
(0.00107168 -0.000190487 -0.0476958)
(0.000670082 0.000463197 -0.0438123)
(0.000672318 -0.000127166 -0.0471052)
(0.000973199 -0.00018558 -0.0506474)
(0.00101254 0.000343696 -0.0476158)
(0.000512857 -0.0003555 -0.0487226)
(0.000931828 -0.000157752 -0.0492717)
(0.000513373 -0.000345748 -0.0493646)
(0.00128315 0.000615213 -0.04972)
(0.000845056 -0.000194489 -0.0494727)
(0.00105534 0.000418577 -0.0480286)
(0.000813238 0.000672092 -0.0461998)
(0.000984316 -1.00464e-05 -0.0501012)
(0.000870348 0.000478681 -0.0460396)
(0.000826105 -0.000520174 -0.0473706)
(0.00132408 -0.000988316 -0.0487981)
(0.000571273 1.19022e-05 -0.0424345)
(0.00060661 -0.000260619 -0.0455809)
(0.000516795 -0.000349862 -0.0491878)
(0.000711132 -0.000367797 -0.0499266)
(0.00097786 7.73875e-05 -0.0491148)
(0.000702164 -0.000188518 -0.0515811)
(0.00077423 -0.000254144 -0.0500439)
(0.00100739 0.000471413 -0.0479045)
(0.00110215 0.000326642 -0.0505086)
(0.000839473 0.000785349 -0.0482891)
(-0.000127558 -0.00128026 -0.050525)
(0.00066208 5.80996e-05 -0.0505403)
(0.000845364 -0.000492574 -0.048621)
(0.000529123 -0.000376007 -0.0490552)
(0.000682295 -0.000262323 -0.0503639)
(0.001027 0.000767193 -0.0491715)
(0.00116193 0.000147696 -0.0498566)
(0.000846102 0.000674133 -0.0471986)
(0.000705144 -5.69823e-05 -0.0470909)
(0.000891549 0.000309712 -0.0465346)
(0.00102695 0.000403059 -0.0477459)
(0.00118977 0.000505509 -0.0494412)
(0.000951602 -0.00015185 -0.0500742)
(0.00110517 0.000126074 -0.050171)
(0.000752738 -0.000225353 -0.0511144)
(0.00077347 -0.000160521 -0.0466617)
(0.000972462 7.78267e-05 -0.0492316)
(0.000573184 -0.000348744 -0.0494486)
(0.000521608 -0.000379327 -0.0486843)
(0.000518583 -0.000320712 -0.0497495)
(0.000695614 -0.000176895 -0.0521435)
(0.00111541 0.00143952 -0.0477939)
(0.000704717 -0.000216166 -0.0506495)
(0.00125465 -0.00102392 -0.0484331)
(0.000698632 -0.0003929 -0.0502106)
(0.000877955 -0.00021488 -0.0514893)
(0.00104007 0.000157253 -0.0490863)
(-0.00211194 0.00034655 -0.0456496)
(0.00224745 -0.00138028 -0.0458591)
(0.000709452 -0.000192054 -0.0517427)
(0.0010826 0.00017181 -0.0506711)
(0.000253255 0.00115849 -0.0478018)
(0.000748559 -0.000428917 -0.0505836)
(0.000435326 -0.000497186 -0.0475639)
(0.000646474 -0.000147431 -0.0472845)
(0.000576199 0.000154065 -0.0419084)
(0.000809339 -0.000273008 -0.0510304)
(0.000857964 0.00072684 -0.0476223)
(0.00102351 -0.000101689 -0.0502589)
(0.000300411 -0.000458344 -0.046398)
(0.0010089 -7.07923e-05 -0.0511568)
(0.000864736 0.000294784 -0.0463622)
(0.000438546 -0.000444523 -0.0480361)
(0.00102364 0.000345227 -0.048029)
(0.00107716 0.00032945 -0.0501856)
(0.000842194 0.000489201 -0.0466959)
(0.00128041 -0.000942295 -0.0510866)
(-0.000333775 0.00087538 -0.051002)
(0.00120448 -0.00127501 -0.050007)
(0.000247405 -0.000523548 -0.046322)
(0.00058495 -0.000412513 -0.0487581)
(0.00115662 0.000849872 -0.0490681)
(0.000679525 0.000461295 -0.0441201)
(0.000883274 0.000294639 -0.0463981)
(0.000633332 2.38845e-06 -0.0503023)
(0.000997271 0.000311345 -0.0480337)
(0.000749916 -0.000204685 -0.0507575)
(0.000680037 -0.000253675 -0.0508149)
(0.000749749 -0.000224134 -0.0514049)
(0.00202235 0.00316691 -0.0495689)
(0.000854939 -0.000214413 -0.0497471)
(0.00157856 0.00046148 -0.0501696)
(0.00084393 0.000678828 -0.0475056)
(0.000932904 -0.00138735 -0.0526557)
(0.000941491 0.000231146 -0.0466428)
(0.000476416 -0.000325616 -0.050504)
(0.000726387 0.00022871 -0.0450756)
(0.00074411 -0.000257356 -0.0500097)
(0.000772963 -0.000221683 -0.0490521)
(0.00095242 5.8381e-05 -0.0493063)
(0.000998744 0.000320275 -0.0481625)
(0.00205063 0.000831847 -0.0501693)
(0.000592634 -0.000465733 -0.0470614)
(0.00049547 -0.000359193 -0.0495315)
(0.000384107 -0.000451542 -0.0473491)
(0.000619462 0.000347383 -0.0477149)
(0.00113759 0.000123953 -0.0495635)
(0.000783408 -0.000230971 -0.0488112)
(0.00080468 0.000232575 -0.0450798)
(0.000904177 -5.24529e-05 -0.0499982)
(0.00101575 0.000387208 -0.0481512)
(0.000961903 7.56256e-05 -0.0492036)
(0.000890015 -0.000259746 -0.0508156)
(0.000403339 -0.000349238 -0.0437387)
(-0.000345953 0.000817918 -0.0508539)
(0.000718875 -0.000254098 -0.047483)
(0.000818694 -0.000357964 -0.0497377)
(0.000840492 0.000279645 -0.0466161)
(0.000668869 0.000173521 -0.0440538)
(-0.000468502 0.000187444 -0.0470487)
(0.000982539 0.000312463 -0.0480456)
(0.000805755 -0.000218245 -0.0515051)
(0.00113021 0.00075844 -0.0498736)
(0.000926714 -0.000187717 -0.0521089)
(0.00109858 0.000750082 -0.0506451)
(0.000858809 0.000848629 -0.0488588)
(-0.00067994 8.35029e-05 -0.0529854)
(0.00127175 -0.000991449 -0.0489261)
(0.000896322 -0.00143005 -0.0499114)
(0.00074635 8.48054e-05 -0.045426)
(0.000868375 0.000258756 -0.0463)
(-0.000463845 0.000184915 -0.0470229)
(0.000837751 -0.000201823 -0.0493409)
(0.000985435 0.000316907 -0.0481075)
(0.000506713 -0.000292166 -0.0501891)
(0.000418496 -0.000334172 -0.0507501)
(0.00106064 -0.000495161 -0.0481235)
(0.000605526 0.000323985 -0.0484396)
(0.00121636 -0.00112435 -0.0505676)
(0.00106584 -0.000632864 -0.0507603)
(0.000757706 -2.99253e-05 -0.0482149)
(0.00100045 0.000349595 -0.0479061)
(0.000871217 -0.000202367 -0.0513168)
(0.000820143 -0.000198361 -0.049734)
(0.000981387 6.2245e-05 -0.0493051)
(0.000980895 5.49481e-05 -0.0490234)
(-0.00137806 0.000652891 -0.0461768)
(-0.00138361 0.000613673 -0.0463473)
(-2.22399e-05 -0.00023648 -0.0497421)
(0.000862898 0.000708806 -0.0478726)
(0.00105638 0.000123177 -0.0514402)
(0.00091315 0.000166038 -0.0460199)
(0.000591208 -0.000244905 -0.0456576)
(0.000876438 -0.000363197 -0.0486067)
(0.000783864 -0.000746244 -0.045716)
(0.000977279 0.000385721 -0.0482796)
(0.000572469 -0.000182962 -0.0521156)
(0.00120711 -0.000802601 -0.0501108)
(0.000684759 -0.00025949 -0.0472022)
(0.00112878 0.000981023 -0.0480119)
(0.00104883 0.000704745 -0.0477125)
(0.000875259 0.000253854 -0.0465764)
(0.000603653 -0.000258325 -0.0505558)
(0.000969435 0.000728818 -0.0479686)
(-0.000377714 -2.60734e-05 -0.047999)
(0.00133446 -0.00109523 -0.0508214)
(0.000760622 -0.000234616 -0.0489277)
(0.000465678 0.00017652 -0.0393547)
(0.000932622 0.000299487 -0.0477051)
(0.00101807 0.00030784 -0.0482885)
(0.000856156 -0.00020184 -0.0517312)
(0.00101463 0.000413853 -0.0490459)
(0.000991229 -0.000533124 -0.0498127)
(0.00101264 0.000295905 -0.0496018)
(0.000485803 -0.0003916 -0.0487966)
(0.000502325 -0.000298201 -0.0445625)
(0.000652571 -0.000290377 -0.0505428)
(0.000837568 -0.000204843 -0.0491663)
(0.0010323 0.000442465 -0.0483585)
(0.000374446 -0.000472581 -0.0453092)
(0.000742324 -0.000285698 -0.0494631)
(0.000901732 0.000289391 -0.047279)
(0.000978847 0.000336467 -0.047815)
(0.000423313 -4.4574e-05 -0.0487541)
(0.000836265 -0.000202603 -0.0495059)
(0.000713018 0.000579006 -0.0456524)
(0.000910847 -1.64905e-05 -0.0499034)
(0.00117667 -3.71738e-05 -0.0510615)
(0.000413348 -0.000448915 -0.0451606)
(0.00104701 0.000843425 -0.0513341)
(0.00114348 0.000168194 -0.0513693)
(0.000900172 0.00209058 -0.0509368)
(0.00107367 -0.000653608 -0.0490929)
(0.00122567 -0.00123312 -0.0487327)
(0.000754882 3.88627e-07 -0.0449623)
(0.000392665 -0.000460776 -0.0464463)
(0.000941174 6.10375e-05 -0.0493261)
(0.00071408 -0.000341696 -0.0486402)
(0.000955684 6.11008e-05 -0.049438)
(0.000814089 -0.000204853 -0.0504169)
(0.000731791 -0.000451356 -0.0503844)
(0.000833402 0.000232029 -0.046492)
(0.000656082 -0.000186065 -0.0525085)
(0.000889589 0.000396901 -0.0467179)
(0.000971396 -0.000556297 -0.047283)
(0.000351937 -0.000374931 -0.0452475)
(0.000766762 0.000626396 -0.0470548)
(0.00101038 -0.000571204 -0.0474515)
(0.00106588 -0.00055387 -0.0496408)
(0.00106759 0.000135256 -0.0517035)
(-0.000390088 -0.00100887 -0.0522878)
(0.000917477 0.000376623 -0.0470637)
(0.000858235 0.000275164 -0.0472732)
(0.000473276 0.000214868 -0.0399066)
(0.00125274 -0.000884119 -0.0502638)
(0.000627901 -0.000262575 -0.0497454)
(0.000878053 0.000360991 -0.0468783)
(-0.000621343 -0.000610056 -0.0514975)
(0.000437777 -0.000378042 -0.0487615)
(0.00093759 -0.000224094 -0.0512742)
(0.000791847 0.000339353 -0.0460555)
(0.000854432 -0.000271244 -0.0510703)
(-0.00144256 0.000381573 -0.0472455)
(0.000982011 -0.000215338 -0.0512401)
(0.00129024 -0.00101981 -0.0502385)
(0.000809063 5.68603e-05 -0.0495717)
(0.000284886 -0.000620832 -0.0451672)
(0.000722511 -0.000296246 -0.0510392)
(0.000799416 0.000223552 -0.0465514)
(0.000941635 0.000319333 -0.0478664)
(0.000671148 -0.00028584 -0.0510288)
(0.000978227 0.000323825 -0.0483589)
(0.000954187 5.41804e-05 -0.0486299)
(0.00182491 0.000636419 -0.0514185)
(-0.000630757 0.000263554 -0.0537832)
(0.000420738 -0.000389111 -0.0453661)
(0.00123265 0.000156996 -0.0494009)
(0.000862251 -9.88654e-05 -0.0504754)
(0.000633415 0.00106941 -0.0488211)
(0.000910481 6.35716e-05 -0.0495151)
(0.000971147 0.000311491 -0.0484038)
(0.00130029 0.00127465 -0.0484424)
(0.000290369 -0.000464304 -0.0472932)
(0.000503579 -0.000340681 -0.0472037)
(0.00108193 0.000161371 -0.0512932)
(0.00119579 -0.00102121 -0.0496599)
(0.00130043 -0.00107213 -0.0495659)
(0.000316927 0.000300949 -0.0495578)
(0.000330606 -0.000577162 -0.0466239)
(0.00093687 0.000349512 -0.0477808)
(0.000300961 -0.000509167 -0.0462209)
(0.00100635 0.000282556 -0.0486074)
(0.0013063 0.00130085 -0.0490173)
(0.000353724 -0.000401719 -0.0455834)
(0.000622879 -0.000276502 -0.0512685)
(0.00118425 0.000156514 -0.049659)
(0.00102715 -0.000123213 -0.0516078)
(0.000677619 -0.000512665 -0.0493456)
(0.00116309 0.000623406 -0.0506327)
(9.22706e-05 0.00105106 -0.0496879)
(0.000497468 -3.04956e-06 -0.0502215)
(0.000301065 -0.000560866 -0.0445756)
(0.000943314 0.000332227 -0.0478123)
(0.000918664 5.50585e-05 -0.049645)
(0.00109644 0.000658019 -0.0515133)
(0.00112935 0.000417947 -0.0514387)
(0.00120996 0.000669145 -0.050287)
(0.000529119 0.000169267 -0.0420131)
(0.000545243 -0.000277279 -0.0510212)
(0.00103421 -1.52983e-05 -0.0525747)
(0.000931369 5.65135e-05 -0.0505233)
(0.00100045 -8.58054e-05 -0.0522825)
(0.00102592 0.000151368 -0.0508893)
(-0.000644504 -0.000400195 -0.0537542)
(0.00039474 0.00106839 -0.0491038)
(0.000716513 0.000166466 -0.0458974)
(0.000839389 -0.000159653 -0.0497796)
(0.000788376 -0.000202548 -0.0499904)
(-0.000221746 -0.00110294 -0.0493453)
(0.000131205 0.000111167 -0.0517813)
(0.000937597 -0.000627665 -0.0486199)
(0.000511565 0.000133728 -0.0421367)
(0.000937884 0.000994538 -0.0494082)
(0.00029048 -0.00054748 -0.0462654)
(0.000979639 0.000668791 -0.0480025)
(0.000708406 0.000737379 -0.0474886)
(-0.000588136 0.000251923 -0.0529378)
(0.000766989 -2.45924e-05 -0.048733)
(0.000788546 0.000206923 -0.0463908)
(0.00089137 0.000333682 -0.0475772)
(0.00095488 0.000677602 -0.0487998)
(0.00100635 -0.000109455 -0.0502715)
(0.000358195 0.00106382 -0.05023)
(0.00124603 0.000736319 -0.0505972)
(0.000806964 -0.000228184 -0.0523581)
(0.00103482 -0.00126873 -0.0479297)
(0.000864438 0.000421767 -0.0474865)
(-0.000171705 -0.0011721 -0.0535249)
(0.000527126 0.000992888 -0.0497997)
(0.00116829 -0.000833643 -0.048826)
(-0.000572087 -0.000763752 -0.0524763)
(0.00088641 -0.000332139 -0.0527974)
(0.000912682 0.000171086 -0.0485486)
(0.00113328 0.000544975 -0.0504216)
(0.000893638 0.000362761 -0.0471334)
(0.000320182 0.000354177 -0.0382728)
(0.00111543 -0.000837104 -0.0473367)
(0.00109745 0.000600455 -0.0506862)
(0.00117414 -0.00112798 -0.048742)
(0.000708251 -0.000231169 -0.0499066)
(0.00107095 -0.00118917 -0.0541423)
(0.000798467 -0.000471735 -0.0504939)
(0.000767796 -0.000504868 -0.0497738)
(0.000565562 -0.000284839 -0.0459694)
(0.000822787 -0.000291618 -0.049221)
(-0.000637816 -0.000105352 -0.0534471)
(5.18019e-05 -0.00127437 -0.0536677)
(0.000704958 -9.99364e-06 -0.04547)
(-0.000625946 0.000166549 -0.0538612)
(-0.000246929 -0.00109513 -0.0521114)
(0.00134539 -0.000937462 -0.0526667)
(0.000644967 -0.000366362 -0.0496821)
(0.000702283 -0.000219481 -0.0518912)
(-0.000302347 0.000764651 -0.0510698)
(0.000886183 0.00012332 -0.0487706)
(0.000796523 -0.000245254 -0.051858)
(0.00109971 -0.000803929 -0.0474025)
(-0.000177203 -0.00106469 -0.0518543)
(0.000771827 0.00111054 -0.0504322)
(0.000354672 -0.000218791 -0.0515835)
(0.000820695 7.25437e-05 -0.0525377)
(-0.000177856 0.00085313 -0.0509234)
(0.000607124 -0.000331631 -0.0506969)
(0.000490611 0.000429579 -0.0432757)
(0.000774373 -0.00025405 -0.0500037)
(0.000925641 0.000103712 -0.0491963)
(0.00110365 0.000566338 -0.0483401)
(0.00112333 8.91933e-05 -0.0512289)
(-0.000235222 -0.00109803 -0.0522664)
(0.000817612 0.000267742 -0.0470274)
(0.00322666 -0.00150917 -0.0488327)
(0.00147793 -0.00152228 -0.0522562)
(0.000429299 -0.000453857 -0.0495273)
(0.000802727 -0.000650753 -0.046407)
(0.00052282 0.000978614 -0.0474681)
(0.000817457 -0.000246807 -0.051342)
(0.000711871 0.000219807 -0.0505316)
(0.00104458 0.00028506 -0.0504258)
(0.00117251 0.000226686 -0.0509215)
(0.000738696 -0.000312893 -0.0519281)
(-0.000165661 -0.00113784 -0.0490193)
(0.000954051 -6.24554e-05 -0.0535594)
(0.000524893 0.000382834 -0.0440388)
(0.00107021 0.000620896 -0.0499069)
(0.00107064 0.000878697 -0.0501482)
(0.00126151 -0.00113019 -0.0511353)
(0.000260803 0.000924859 -0.0480313)
(0.00110014 -0.000880405 -0.0462447)
(0.00102752 -0.00123819 -0.0511616)
(0.00102368 0.000734292 -0.0499037)
(0.000993467 -0.000229174 -0.0532122)
(0.00098058 -0.000213171 -0.0508949)
(0.00114256 -0.00100658 -0.0474857)
(-0.000629888 0.000133556 -0.0549296)
(0.000994416 -0.000707145 -0.0480207)
(-0.000208973 0.000944017 -0.0507072)
(0.000886443 -0.00055668 -0.0502533)
(0.000878278 -0.000114897 -0.0481963)
(0.000992529 0.000105883 -0.0505716)
(0.000389335 0.000887466 -0.0490745)
(-0.000446091 -0.000786096 -0.0527055)
(0.00129031 -0.00104173 -0.0504253)
(0.00101449 0.000160182 -0.0502406)
(0.00110152 -0.000765674 -0.0487228)
(0.000935827 -0.000228742 -0.0509022)
(0.000589501 -0.00058589 -0.0479535)
(0.00115453 -6.62887e-05 -0.0501272)
(0.00113171 -0.000997889 -0.0481532)
(0.000473093 -0.000208829 -0.0482209)
(5.32395e-05 0.000939121 -0.0491816)
(7.98494e-06 0.000946294 -0.0499734)
(0.000522764 -9.2863e-06 -0.0516255)
(0.000344268 0.000148872 -0.0378576)
(-0.00038426 0.000387989 -0.052957)
(7.0312e-05 0.000969915 -0.0502306)
(0.000422619 -0.000478083 -0.0462398)
(4.37122e-05 -0.000241222 -0.0509771)
(0.00117568 0.000184426 -0.0503873)
(0.000684419 -0.000623766 -0.0478522)
(0.00040615 0.000999432 -0.0479819)
(0.00112674 0.000444754 -0.0515853)
(0.00124352 0.000209195 -0.0501893)
(0.00113285 -0.000900277 -0.0486068)
(0.000887616 -0.000634953 -0.0465822)
(0.000301601 0.00105457 -0.0479389)
(0.000806296 0.000266321 -0.0472824)
(0.000658674 0.000717571 -0.0476505)
(0.000915459 0.000439374 -0.0477265)
(0.000945351 -0.000671938 -0.0482758)
(-0.000162908 -0.00112732 -0.0535532)
(0.000529286 1.36443e-06 -0.0513493)
(-0.000632144 0.000207751 -0.0548796)
(0.000753409 7.91012e-05 -0.0511342)
(0.00124572 -0.000847763 -0.0521561)
(0.00134925 -0.000980962 -0.052513)
(-0.000802592 -0.00011594 -0.0531626)
(0.00103024 0.000514403 -0.0498933)
(0.000952224 0.000580955 -0.0493402)
(0.000842581 -0.000527041 -0.0474392)
(0.000107936 0.000927263 -0.0491191)
(0.00136649 -0.00115728 -0.0529752)
(0.00126084 -0.00124968 -0.050482)
(0.00128166 0.000408923 -0.0503089)
(0.00067713 -5.79067e-05 -0.0494345)
(0.00134597 -0.000909356 -0.0518246)
(0.000782553 0.000261121 -0.0473626)
(-3.44713e-05 0.000109609 -0.0503719)
(0.00106774 -0.000747621 -0.0475875)
(0.000951752 7.34503e-05 -0.0507947)
(0.000210501 -0.00127331 -0.052254)
(0.00096191 -0.0001956 -0.0510384)
(0.00130511 -0.00106837 -0.0498548)
(0.00136935 -0.00116931 -0.0505336)
(0.0012725 -0.00113848 -0.0515943)
(0.000609419 0.00028674 -0.0450331)
(-0.000392714 0.000649747 -0.0515694)
(0.00108852 0.00100126 -0.051715)
(0.000426496 -0.000576046 -0.0476384)
(0.000525686 -0.000467417 -0.0453652)
(0.000717759 -0.000592506 -0.0465857)
(0.000918505 -0.000220495 -0.0519523)
(0.000529628 -0.000247876 -0.0526864)
(0.000722357 0.00110523 -0.0496788)
(0.00102894 -0.000210949 -0.0498687)
(0.00100417 -0.000670325 -0.0473026)
(0.000582965 -0.000558078 -0.0486303)
(0.000357425 -0.000538145 -0.0483132)
(-0.000398994 -0.000837082 -0.0503584)
(0.000240056 -0.00126134 -0.0539126)
(0.00069747 -0.000274257 -0.0515637)
(0.000121359 0.000899876 -0.0506276)
(0.00110003 -0.00114369 -0.0483991)
(0.000693315 3.15415e-05 -0.0500364)
(0.000310771 -0.000600329 -0.0468506)
(-0.00143408 0.00013483 -0.0467119)
(0.000492679 0.000352789 -0.041801)
(0.000932968 0.000506389 -0.0492462)
(-0.000344682 0.000576615 -0.0485101)
(0.00090262 -0.000569484 -0.0505572)
(0.000833972 -0.000551795 -0.0505516)
(0.00136567 -0.00115956 -0.0531378)
(-0.000533539 0.000564466 -0.0552945)
(0.000753953 -0.000570594 -0.0496529)
(0.000622843 -0.000592628 -0.048794)
(0.00131084 0.000544549 -0.0514182)
(0.000574864 0.00115936 -0.0512397)
(0.00141697 -0.00116755 -0.0529751)
(0.00104918 -0.000172431 -0.0510499)
(0.00108146 5.27346e-05 -0.0522767)
(-0.000451158 0.000204774 -0.0507666)
(-2.10449e-05 0.000897704 -0.0510957)
(0.0011178 -0.00116463 -0.0492711)
(0.000419229 -0.000624557 -0.0456281)
(0.000858621 -0.000268035 -0.0514758)
(0.000864391 -1.32225e-05 -0.0525736)
(0.00108905 0.000586409 -0.0503941)
(0.000844206 -0.000227153 -0.0527728)
(0.0012699 -0.00111075 -0.0519248)
(0.000798776 6.22109e-05 -0.0486242)
(0.000250118 0.000792751 -0.0481195)
(-0.00026646 0.000518303 -0.0480826)
(0.000327658 0.00084744 -0.0479839)
(0.000551391 -0.000262339 -0.0523934)
(0.000452057 -0.000489995 -0.0491995)
(0.00107596 0.000459975 -0.0503015)
(-0.000186138 0.000591895 -0.0505566)
(0.000638924 -0.000503199 -0.0458241)
(0.000873231 -0.000618534 -0.0497363)
(0.00129774 -0.000955556 -0.0540756)
(0.000842165 -0.000236775 -0.0492099)
(-0.000129441 -3.82151e-05 -0.0537835)
(0.00111145 -0.000780239 -0.049673)
(0.00078547 5.73849e-05 -0.0480914)
(0.000702404 -0.000936612 -0.0469276)
(0.00116808 0.00155484 -0.0510739)
(0.00130547 0.000372634 -0.0520645)
(0.000188655 -0.0013006 -0.0519258)
(0.00121246 -0.000947204 -0.0514608)
(0.000824457 -0.000165921 -0.0533458)
(0.000942062 -0.000603325 -0.051257)
(0.000311109 0.000785655 -0.0488707)
(-0.000239578 -9.38801e-05 -0.0535418)
(0.000100465 -0.000324694 -0.0509177)
(0.00114435 -0.000169982 -0.0511465)
(-0.000251336 0.000610387 -0.0508736)
(0.000605208 0.000311824 -0.0454411)
(0.000736849 0.000249302 -0.0478099)
(0.000661378 0.000342827 -0.0463137)
(0.000858728 -0.00066615 -0.0499145)
(0.000444331 0.000741319 -0.047158)
(0.00033396 0.000857657 -0.0477178)
(0.00104148 -0.00017347 -0.0510327)
(0.000371403 0.000956361 -0.0487929)
(0.000345038 0.000834696 -0.0460866)
(-0.000154129 0.000722475 -0.0477382)
(0.00108324 0.000577799 -0.0504046)
(-0.00012601 0.000874934 -0.0489495)
(0.00122648 -0.000805139 -0.0533605)
(0.000471089 -0.000486306 -0.0502838)
(0.000654883 0.000341069 -0.0462941)
(0.000917252 0.000754008 -0.0484995)
(0.00103553 -0.00087507 -0.0472156)
(0.000776452 -0.000255571 -0.0518158)
(0.00129668 0.000380305 -0.0518798)
(0.00110423 -0.00073157 -0.0505333)
(0.000475463 0.0011489 -0.0499216)
(0.000499244 -0.000372305 -0.0493671)
(0.000897831 0.000604475 -0.0496981)
(0.000762609 -0.000323988 -0.0500112)
(0.000689822 -0.000477576 -0.0513183)
(0.00104683 -0.000153586 -0.0520179)
(0.00099023 -0.000252788 -0.0508605)
(0.000830323 -0.000341256 -0.052531)
(0.000152569 0.0011275 -0.0501497)
(0.000721572 -0.000410599 -0.0456959)
(0.000681641 0.000975542 -0.0488808)
(0.00098758 -0.00110159 -0.0476371)
(0.000447075 0.00072662 -0.0473599)
(0.000920923 -0.000216288 -0.0504246)
(0.00112574 0.000473335 -0.0516613)
(0.000865552 0.000369649 -0.0489059)
(0.000934227 -0.00071617 -0.0459254)
(0.000265188 -0.000353932 -0.0515369)
(-0.000574011 0.00045274 -0.0527342)
(0.0011261 -0.000863392 -0.048636)
(0.000688259 0.00073307 -0.0493229)
(-0.000171395 0.000711467 -0.0474645)
(0.00119382 0.00010915 -0.051305)
(-0.000214873 0.000528027 -0.0492049)
(0.00075069 -0.000596901 -0.0476259)
(0.00049565 0.000405435 -0.0437762)
(0.00108697 -0.000162072 -0.0489269)
(0.000522819 0.000565041 -0.0462682)
(0.000759768 -0.000380959 -0.0489687)
(0.000708192 -0.000565054 -0.0503845)
(0.000660328 0.00101674 -0.0478809)
(0.000195906 0.000755615 -0.0477132)
(0.00108008 6.17502e-05 -0.0516621)
(0.00103624 -0.000191706 -0.0527702)
(0.00034262 0.00111663 -0.0495187)
(0.000933207 0.00055652 -0.0502848)
(0.000156404 0.000747806 -0.047018)
(0.000701096 -0.000552495 -0.0455083)
(0.000751549 -0.000471532 -0.0511515)
(0.00054758 -0.000297954 -0.0522004)
(0.000752745 0.00066507 -0.046764)
(-0.000588727 0.000186779 -0.0488656)
(0.000823401 0.00042027 -0.0479083)
(0.000629626 -0.00036992 -0.0520438)
(0.000759011 5.31092e-05 -0.0515264)
(0.000752472 -0.000352985 -0.0493059)
(-0.000535093 -0.000118123 -0.0534271)
(0.000538359 -0.000390747 -0.0492864)
(0.000557213 0.000750875 -0.048806)
(0.000957451 -9.55031e-05 -0.0492508)
(0.00100284 0.000190437 -0.050127)
(-0.000197321 0.000237569 -0.0517225)
(0.000277886 0.000176457 -0.0503587)
(0.000469207 -0.000476866 -0.0477916)
(0.00058029 -0.000570196 -0.049114)
(0.000760281 -0.000232863 -0.0528017)
(0.000927914 -0.000624946 -0.0511065)
(0.00109562 -0.000772909 -0.0503654)
(0.000726449 0.000398867 -0.047144)
(0.000766316 -0.000373762 -0.0496755)
(9.74565e-05 0.000851752 -0.0479424)
(0.000731528 -0.000503149 -0.0511515)
(0.00067817 -0.000532714 -0.0508144)
(-0.000222768 0.000516983 -0.0493209)
(0.000851044 -0.000513626 -0.0519764)
(0.00080028 -0.000533539 -0.0454517)
(5.21806e-05 -9.704e-05 -0.0513734)
(0.00125332 0.000213689 -0.052838)
(0.000909148 0.00113053 -0.0514053)
(0.00130732 0.000587172 -0.0526456)
(-0.00156319 0.000269221 -0.0491426)
(0.000713232 -0.000406333 -0.0493391)
(0.000649507 -0.000499166 -0.044582)
(-0.000537005 0.000217498 -0.0513289)
(0.000990693 4.78365e-05 -0.0513527)
(-0.000605739 -0.000443033 -0.0521352)
(0.0010121 0.000552453 -0.0503943)
(0.000772529 -0.000318868 -0.0515053)
(0.000754152 -0.000618504 -0.0471511)
(0.00121276 -0.000155251 -0.0513723)
(0.00124396 -0.00100429 -0.0525474)
(-0.000534821 0.000183222 -0.0504706)
(0.000945119 -0.000747834 -0.0464299)
(-0.00014408 0.000156742 -0.0524875)
(0.00103311 0.000967423 -0.0529614)
(-0.000200503 0.000745248 -0.0538148)
(0.000777891 -3.64659e-06 -0.0471619)
(0.000832893 -0.000627162 -0.0478296)
(0.00114516 0.000530767 -0.052754)
(0.00050497 -0.000147022 -0.04453)
(0.000565352 8.51264e-05 -0.0457229)
(-0.000192713 0.000671341 -0.0468312)
(0.000555574 -0.000502595 -0.045783)
(0.000677636 -0.000678884 -0.0460647)
(-0.000293251 0.000498552 -0.0488887)
(0.00116142 0.000530765 -0.0512722)
(0.000534182 0.000139833 -0.0439646)
(0.000751986 0.000790971 -0.0493213)
(0.000903895 0.000440508 -0.0490031)
(0.000141159 0.000952367 -0.0485323)
(0.000846398 0.000741574 -0.0485245)
(0.000145599 -0.000407531 -0.0493195)
(-0.000399142 0.000605541 -0.0499136)
(0.000979938 -0.000735727 -0.0491263)
(0.000257008 0.000126593 -0.0494099)
(0.000829464 0.000426645 -0.0479148)
(0.000419697 0.000343695 -0.0444937)
(0.000737836 0.000374286 -0.0469999)
(0.000704995 -0.000411825 -0.0498002)
(0.00091121 -0.000764117 -0.0461883)
(0.00052429 -0.000569002 -0.0471719)
(0.000635369 -0.000646842 -0.0484094)
(0.00069379 -0.000535928 -0.0466337)
(-0.000415555 0.000599939 -0.052183)
(0.000846055 0.000748449 -0.0469101)
(0.000564429 -0.000632106 -0.0467914)
(0.00105964 0.000995465 -0.0523989)
(0.000662998 0.000247431 -0.045177)
(0.000222705 0.000725459 -0.0453515)
(0.000723453 0.000774236 -0.0485725)
(0.00114275 1.0636e-05 -0.050566)
(0.000695009 -0.000571235 -0.0460706)
(9.72007e-05 -0.000393144 -0.0496961)
(0.000876501 -0.000663998 -0.0495934)
(0.000350758 -0.000443406 -0.0487523)
(0.000489267 -0.000528164 -0.0507437)
(-0.000138449 0.000752832 -0.0485692)
(0.00100886 -0.000767726 -0.049203)
(0.000775549 -0.000597365 -0.050326)
(0.000329282 -0.000131181 -0.0516776)
(0.00081755 0.00029534 -0.0460852)
(0.00062969 0.000285898 -0.0461041)
(0.000583488 -0.000385213 -0.0457058)
(0.000914538 0.000975266 -0.0521728)
(0.00047489 -0.000335289 -0.0422382)
(0.000711097 -0.000516443 -0.0498763)
(0.000717983 -0.00057752 -0.0465537)
(0.000947799 0.000466256 -0.0505328)
(0.000770162 0.000815054 -0.0496875)
(-0.000579852 -0.000522368 -0.0515229)
(0.000886829 0.000121051 -0.0465035)
(-0.000157601 0.000737878 -0.0477631)
(0.00118232 0.000669721 -0.0523771)
(0.000120369 0.000813127 -0.048831)
(0.000842325 0.000713904 -0.0485491)
(0.000298677 -0.000583453 -0.0482793)
(0.000288704 0.000479525 -0.0437988)
(1.54725e-05 -0.000571739 -0.0494332)
(0.000259759 -0.000406036 -0.0498674)
(0.000939691 -0.000932453 -0.0466757)
(0.000617149 0.000192635 -0.0460671)
(0.000611037 -0.000238393 -0.047867)
(0.0005121 0.000535433 -0.0469568)
(0.000851162 0.000374848 -0.0491664)
(0.000507122 -0.000282363 -0.0494306)
(0.000890967 -0.00037853 -0.0482209)
(0.000235973 0.000666003 -0.0471738)
(0.000734258 -0.000581916 -0.0455603)
(0.00094138 0.000945761 -0.0541255)
(-0.000650882 -0.000219377 -0.0515576)
(0.000853615 0.000594107 -0.0474275)
(0.000391885 0.000740339 -0.044874)
(0.000688667 -0.000475132 -0.0462288)
(0.000772443 0.00082503 -0.0501051)
(0.000780077 0.000678629 -0.0482508)
(0.000279932 0.000878853 -0.0473875)
(0.000789887 0.000698571 -0.0501326)
(0.000894251 -0.000156479 -0.0514542)
(0.000827498 -0.000271274 -0.0506324)
(0.000450918 0.000445689 -0.0439039)
(0.000488293 -0.000437213 -0.047848)
(0.000941638 -0.000638721 -0.0497963)
(0.00060264 -0.00067309 -0.0461001)
(-0.000262611 0.000628489 -0.0512828)
(0.00111958 -0.000179141 -0.0532146)
(0.000524376 -0.000399369 -0.04434)
(0.000727259 0.000661028 -0.0492546)
(0.000973874 -0.000214584 -0.048812)
(0.00061445 -0.000574869 -0.0501707)
(0.000934764 0.000552967 -0.0505969)
(0.000979938 -7.82173e-05 -0.0516801)
(0.000826241 0.00107847 -0.0515879)
(0.000592837 0.00023601 -0.0456713)
(0.000431482 -0.000600561 -0.0467247)
(0.000351202 -0.000568835 -0.0484873)
(0.000977168 2.84863e-06 -0.0508391)
(0.000447681 -0.000559888 -0.0467964)
(0.000841769 0.00112446 -0.0510505)
(0.000920418 0.000941882 -0.0518478)
(0.000147145 0.000975757 -0.0508282)
(-0.000157078 -0.000579511 -0.048231)
(0.00072871 -0.000435817 -0.0510256)
(0.000908754 0.000744755 -0.0493025)
(0.000998471 -4.08985e-05 -0.0525051)
(0.000737672 -0.000735273 -0.0463308)
(0.00104193 0.000276032 -0.0529964)
(0.000396659 -0.000611991 -0.0465243)
(0.000705947 -0.000412995 -0.0495188)
(0.00062807 -0.000538531 -0.0507487)
(0.000634849 -0.00145976 -0.0474932)
(0.000163115 -0.000598132 -0.0470481)
(-0.00055918 -0.000169154 -0.0528949)
(0.000285113 0.000779524 -0.0495079)
(-0.000354095 0.000643293 -0.0499979)
(-0.000633098 -0.000245726 -0.05307)
(0.000563196 0.000436699 -0.0464935)
(0.000385233 -0.000388599 -0.0455527)
(0.000304025 -0.000581032 -0.0493734)
(0.000553131 -0.000559106 -0.0498717)
(0.000948054 3.20739e-05 -0.0510412)
(0.00103562 -0.000846967 -0.0497603)
(0.000573168 0.00102139 -0.0505767)
(0.000469755 0.000611323 -0.0443138)
(-0.00036293 -0.000615108 -0.0500813)
(0.000674938 -3.87217e-05 -0.0473157)
(0.000604421 -0.000592682 -0.0499319)
(0.00103465 0.000230837 -0.0511542)
(0.000481135 -0.000574433 -0.0459891)
(0.000920145 0.000368705 -0.0509517)
(0.00100976 7.59398e-05 -0.0505832)
(0.000780891 -0.000568074 -0.0467166)
(-0.000315013 0.000502332 -0.0496656)
(0.000881329 -7.7176e-05 -0.0498839)
(0.000241954 0.000847616 -0.0505278)
(0.000652797 -0.000618721 -0.0494915)
(0.000956917 -0.000814876 -0.0483636)
(0.000712348 -0.000608822 -0.0501216)
(-0.000630924 -0.000119366 -0.0509729)
(0.00102535 -0.00101868 -0.0478934)
(0.000493374 0.000442015 -0.0449904)
(0.000840108 -0.00036867 -0.0495117)
(0.000865627 0.000789554 -0.0480154)
(0.000884117 0.000433733 -0.0505435)
(0.0010103 -0.000211756 -0.0486336)
(0.000510358 -0.0004696 -0.04644)
(0.000949149 0.000647321 -0.0508649)
(0.001046 -0.000183728 -0.0532892)
(0.000592374 0.000413812 -0.0471583)
(0.000522047 0.000630641 -0.0454092)
(0.000531241 -0.000195313 -0.0457309)
(0.000691942 -0.000408047 -0.0490942)
(0.000696258 -0.000493617 -0.0461206)
(-0.00036724 -0.000818686 -0.0502878)
(0.000772995 -0.000706568 -0.046735)
(0.00078258 -0.000391325 -0.0520413)
(0.00109906 0.000322584 -0.0495102)
(0.000707283 -0.000528983 -0.0462696)
(0.00058424 -0.000666351 -0.0462377)
(0.000818389 0.000279364 -0.0473063)
(0.000969229 0.00019979 -0.0483152)
(0.000990736 -2.9295e-05 -0.0508139)
(0.000202704 0.000757893 -0.0463106)
(0.000606901 -0.000524564 -0.0453985)
(0.000764585 -0.000279577 -0.0533979)
(0.000960334 0.000188154 -0.0479366)
(9.54511e-05 0.000888677 -0.0480584)
(0.000865728 0.000663108 -0.0500986)
(0.000774412 -0.000380945 -0.052409)
(0.000359494 -0.000450209 -0.0487876)
(0.0006534 -0.000108728 -0.0486018)
(0.000995088 -0.00020366 -0.0500286)
(0.000746687 -0.000727182 -0.0462356)
(0.00101387 -2.81462e-05 -0.0506366)
(0.00107089 0.000216022 -0.0497183)
(0.000649284 -0.000638099 -0.0480038)
(0.000534793 0.000633707 -0.0461254)
(0.000883007 0.000151205 -0.0466011)
(0.00085557 -0.000358443 -0.0497584)
(0.000765141 -0.000280871 -0.0515036)
(0.000903603 -0.000864591 -0.0469071)
(0.000489425 -0.000635804 -0.0445255)
(0.000566233 0.000780022 -0.049229)
(0.00107621 0.000572184 -0.0504657)
(0.000222647 0.000739683 -0.0469075)
(-0.000203254 -0.000595325 -0.0483947)
(-0.00015702 -0.00059056 -0.0481959)
(0.000100743 0.000903702 -0.0482508)
(0.000783554 -0.000376454 -0.0527044)
(0.00111185 -0.00082307 -0.0519201)
(0.00086675 -8.32331e-05 -0.04869)
(0.000231039 -0.000543889 -0.049458)
(0.00108581 -5.55196e-05 -0.0521184)
(0.00080077 -0.000571593 -0.0470739)
(0.000983656 0.000179307 -0.0513116)
(0.000955447 -3.5182e-05 -0.0521483)
(0.000900391 0.000476097 -0.0500817)
(0.00064346 0.00090079 -0.0496792)
(0.00078775 -1.37727e-05 -0.0480726)
(0.000684277 -0.000573258 -0.0461244)
(0.000529105 -0.000448805 -0.0446467)
(0.000424505 -0.000513553 -0.0466587)
(0.000738213 -0.000279275 -0.0508219)
(0.000597393 -0.000186677 -0.0458553)
(0.00039728 -0.000440169 -0.0485093)
(0.000595717 -0.000662627 -0.0482017)
(0.00046065 -0.000525343 -0.045772)
(0.000774479 -9.94017e-05 -0.04863)
(0.000987296 0.000254639 -0.0519986)
(0.00135931 0.000248446 -0.0546894)
(0.000827666 0.000894074 -0.0506083)
(0.000692337 0.000422341 -0.0472683)
(0.000418 -0.00057889 -0.0485625)
(0.000413824 -0.000461875 -0.0501938)
(0.000766604 -0.000604638 -0.0465252)
(0.000957679 -0.000211935 -0.0503673)
(0.0010123 -0.000962867 -0.0475818)
(0.000869432 -4.51577e-05 -0.0525536)
(0.000500367 -0.000385106 -0.0450741)
(0.000353359 0.000988776 -0.0512846)
(0.000481598 -0.000630786 -0.0453463)
(0.000746579 0.000491038 -0.0478372)
(0.000445997 0.000842857 -0.0468653)
(0.00101302 -0.000928951 -0.0491607)
(0.000824379 0.00116897 -0.0528923)
(0.000205173 0.000413967 -0.0436267)
(0.00076156 0.000504882 -0.0480765)
(0.000841734 -0.000238941 -0.0482539)
(0.000760415 -0.000726148 -0.0454758)
(0.000967086 0.000449538 -0.0504809)
(0.000306121 0.00070308 -0.0468376)
(0.000805936 0.000627932 -0.0504739)
(0.000645996 -0.000686645 -0.0483499)
(0.000463924 0.00063902 -0.0449785)
(0.000352878 -0.000522196 -0.0496475)
(0.000755307 -2.09719e-05 -0.0501301)
(0.000966497 -0.00023338 -0.050187)
(0.000770679 0.000534896 -0.0478934)
(0.000768606 0.000351924 -0.0494688)
(0.000721625 8.88141e-05 -0.0465173)
(0.000961953 -6.77257e-05 -0.0504839)
(0.000483913 -0.000524269 -0.0470777)
(0.000675388 -0.000685882 -0.049042)
(0.000837373 -0.000358191 -0.0505025)
(0.000856259 -0.000376742 -0.0502422)
(0.00087961 -0.000348014 -0.050427)
(0.00084676 -0.000797826 -0.0464938)
(0.000822102 -0.00052221 -0.0505941)
(0.000836007 -0.00078031 -0.0492661)
(-0.000579874 -0.000147061 -0.0514746)
(0.00098216 -0.000814785 -0.0494251)
(0.000653876 -7.03966e-05 -0.0483561)
(0.000871667 -0.000430029 -0.0499437)
(0.000986975 -0.000256367 -0.0508629)
(0.000990347 -0.000247447 -0.0519147)
(0.000674027 -4.71915e-05 -0.0485881)
(0.00045482 0.000875168 -0.0465267)
(0.00083237 0.000316058 -0.0506181)
(0.000805799 0.000124104 -0.0503428)
(0.000408819 -0.000557116 -0.0495951)
(0.000790592 -0.000492896 -0.0517067)
(0.000505741 0.000284108 -0.0448862)
(0.000239627 0.000382016 -0.0440654)
(2.7581e-05 -0.000694066 -0.0498405)
(0.000740417 -0.000737706 -0.0466396)
(0.000847664 -0.000342914 -0.0510977)
(0.00100786 0.000685529 -0.0511311)
(0.000509748 0.000540986 -0.0466385)
(0.000542957 0.000858503 -0.0478581)
(0.000456937 -0.000462653 -0.0505025)
(0.000420105 -0.000596576 -0.0473499)
(0.000686765 -0.000670438 -0.0457554)
(0.000631222 -0.000614012 -0.0493261)
(0.000375026 -0.000527985 -0.0488886)
(-0.000413982 0.000164257 -0.0528581)
(-6.50556e-05 0.000640708 -0.0504771)
(-0.000477741 0.000236876 -0.0519728)
(0.000969242 -0.000983742 -0.0481121)
(0.00096898 -0.000839091 -0.0491105)
(0.000325367 -0.000508487 -0.0476632)
(0.000854298 -0.000532003 -0.0496578)
(0.000275991 -7.05894e-05 -0.0539368)
(0.00085346 0.000800599 -0.0511357)
(-0.000397938 -0.000628498 -0.048996)
(0.000503665 0.000573866 -0.0468951)
(0.000494545 1.22187e-05 -0.047091)
(-0.000281076 -0.000595564 -0.0501597)
(0.000934687 0.00042315 -0.0513284)
(0.000917782 -7.01824e-05 -0.0501933)
(0.000136625 -0.000596745 -0.0493465)
(0.000944139 -7.23557e-05 -0.0502854)
(0.000685545 -0.000704783 -0.0477506)
(0.00104812 -0.000165096 -0.0518009)
(0.00079778 0.000962017 -0.0512612)
(0.000567344 0.000395428 -0.0451219)
(0.000774121 -0.000540982 -0.0510546)
(0.000343493 -0.000556652 -0.046724)
(0.000820252 -0.000499263 -0.051237)
(0.000950832 -0.00094521 -0.0479001)
(-0.000135702 -0.000857708 -0.0467339)
(0.000735187 0.000416453 -0.0485068)
(0.000734638 0.000496802 -0.0477058)
(-8.0832e-05 0.000633149 -0.050333)
(7.7754e-05 0.000942555 -0.0501756)
(0.000844755 -0.000293432 -0.053648)
(0.00105469 0.000661736 -0.0517466)
(0.000517838 0.000266539 -0.0455544)
(0.000629203 -0.00050016 -0.0435916)
(0.00083264 0.000288966 -0.048783)
(0.00053296 -0.000428781 -0.0489482)
(0.000633366 -0.000256977 -0.0517262)
(0.000952485 -0.000990216 -0.0486444)
(0.000713989 -0.000288507 -0.0461167)
(0.000542984 0.00090364 -0.0515492)
(0.00097244 0.00081029 -0.0522685)
(0.000701163 0.000441031 -0.048035)
(0.000241076 -0.000575798 -0.0494245)
(0.000613818 -0.000593836 -0.0462264)
(0.000575186 -0.00019915 -0.0449322)
(0.000190291 0.000716363 -0.0473472)
(0.000892639 -0.000390207 -0.050319)
(0.000207517 0.000422502 -0.0430673)
(0.000776619 -0.000468337 -0.0520299)
(0.00124583 -0.00110266 -0.0517201)
(0.000268236 0.00064302 -0.0474453)
(0.00100134 -0.000231191 -0.0539351)
(0.00107507 -0.000225073 -0.052501)
(0.000475289 0.000521424 -0.0465241)
(0.000775698 0.000123525 -0.0499468)
(0.000650051 -0.000544735 -0.050583)
(0.000832528 -0.000309051 -0.0517746)
(0.000722507 0.000978512 -0.0517797)
(0.00110508 0.000795095 -0.0501338)
(0.000674815 2.58833e-05 -0.047827)
(0.00107252 0.000635657 -0.0522474)
(0.000379382 0.000377687 -0.0445709)
(0.000877415 0.000197145 -0.0508098)
(0.000896263 0.000552225 -0.0503852)
(0.00111924 0.000786148 -0.0517665)
(0.00110858 -0.000166767 -0.0495961)
(0.000970977 -0.000274451 -0.0525086)
(0.000736222 -0.000282749 -0.0550088)
(0.000539255 -0.000497519 -0.0457588)
(0.000971096 -0.000206199 -0.0519934)
(0.000977529 0.000959178 -0.0495641)
(0.00106019 -0.00025163 -0.0533917)
(0.000237851 0.000307837 -0.0428277)
(0.000419367 0.000351669 -0.0445972)
(-8.21946e-05 0.000728908 -0.0518308)
(0.000916511 0.00100427 -0.052289)
(0.00102872 -0.000359436 -0.0496512)
(-0.000690418 -4.44249e-05 -0.0521614)
(0.000602566 -0.000629568 -0.0506033)
(0.00048283 -0.000530934 -0.0477427)
(0.000852821 -0.000351893 -0.0522448)
(0.000723147 -0.000727994 -0.047539)
(0.000509732 -0.000520498 -0.043114)
(0.000907052 0.000832182 -0.0490379)
(0.000365968 -0.000703468 -0.04368)
(0.000166877 0.000558593 -0.0449499)
(5.9745e-05 0.000296123 -0.0380296)
(0.00096838 -0.000807752 -0.0503437)
(0.000631719 -0.000318451 -0.0445154)
(0.00017227 -0.000570807 -0.0479679)
(-0.000510772 0.000159294 -0.0503516)
(0.000888458 -0.000779728 -0.0502406)
(0.000636083 -0.000286737 -0.0463653)
(0.000687717 0.000265331 -0.0462744)
(0.000479494 -0.000571274 -0.0474389)
(0.000743498 -5.73273e-05 -0.0500296)
(0.000645444 -0.000757103 -0.0469726)
(0.000300595 0.000419276 -0.0447101)
(9.02087e-05 0.000338298 -0.0427322)
(0.000761706 0.000434682 -0.0497137)
(0.000744067 0.00013808 -0.0445456)
(0.000449683 -0.00034607 -0.0478839)
(0.00102385 -0.000938412 -0.0502216)
(0.000742245 0.000455473 -0.0492501)
(0.000667074 -0.000728132 -0.0459881)
(0.000468045 0.000414798 -0.045488)
(0.000158434 -0.000547072 -0.0473362)
(0.000873105 0.000506362 -0.0507613)
(-1.16078e-05 0.000273367 -0.0384252)
(-0.000728418 -0.000140577 -0.0500868)
(0.000555294 -0.00088762 -0.0488613)
(0.000379964 0.000339957 -0.0440463)
(0.000775312 -0.000456728 -0.0486062)
(0.000992278 0.00100204 -0.0509811)
(0.000444464 0.000758542 -0.048531)
(-0.000368038 0.000442654 -0.0495702)
(0.000511216 0.00060481 -0.0481448)
(0.000568168 -4.78443e-05 -0.0439612)
(0.000637117 -0.000460345 -0.0491396)
(0.000458692 0.000356177 -0.0440493)
(-0.000353117 -0.000648975 -0.0495806)
(0.000440336 -0.000436635 -0.047221)
(0.000711431 -0.000635079 -0.0487016)
(0.000677946 -0.000335318 -0.0532627)
(0.000342598 -0.000706624 -0.0432193)
(0.000565534 5.02195e-05 -0.0447874)
(0.000331844 -0.000493071 -0.0473755)
(0.000782032 0.000321378 -0.0494351)
(-0.000787302 -0.000244321 -0.0502192)
(-0.000600028 5.7999e-05 -0.0456498)
(0.00111259 -0.00024806 -0.0536854)
(0.000925114 0.000803813 -0.0514882)
(0.000642282 -0.000293212 -0.0442701)
(0.000538418 -0.00035843 -0.0432399)
(0.000495314 0.000437095 -0.047873)
(0.000578649 -0.000335702 -0.0435653)
(0.000926404 -0.000921842 -0.0497746)
(0.000447961 -0.000553648 -0.0433895)
(0.000591949 5.59796e-05 -0.0444551)
(0.000604977 0.000298533 -0.0458275)
(0.000586327 -3.90009e-05 -0.0442698)
(0.000616583 -0.000503484 -0.0435049)
(-0.000493585 -0.000575719 -0.0484206)
(0.000622997 4.79668e-05 -0.0457824)
(0.000699102 -0.000425542 -0.0510816)
(0.000943519 -0.000930858 -0.0505473)
(0.00079268 -0.000356824 -0.0523353)
(0.000405493 -0.000464448 -0.0450462)
(0.000656501 -0.000574207 -0.0506103)
(0.000884947 0.000701035 -0.0502684)
(0.000405864 -0.000702864 -0.0462181)
(0.000548274 -5.70651e-05 -0.043341)
(0.000401396 0.000323644 -0.0450923)
(0.000435583 0.00023936 -0.04454)
(0.000844831 0.000331283 -0.053368)
(0.000888988 0.000797769 -0.05087)
(0.00114815 -0.000359665 -0.0517619)
(0.00029405 0.000307562 -0.0428953)
(0.000773142 -0.000367641 -0.0529859)
(0.000614106 -0.00032216 -0.0475509)
(-0.00055 8.97675e-05 -0.0488005)
(0.000229927 0.000268413 -0.0414163)
(0.0011062 -0.000940352 -0.0535131)
(0.000432544 0.00017992 -0.0416991)
(0.00033336 -0.00048982 -0.0466839)
(0.00102759 -0.00111493 -0.0506953)
(0.00110428 0.000834487 -0.0527078)
(0.00111542 0.000830101 -0.0522893)
(0.000434913 -0.000697634 -0.0463728)
(0.000705885 0.000149605 -0.0494352)
(-0.000648658 -0.000479336 -0.0520503)
(0.000475782 -0.000515879 -0.0434711)
(8.18354e-05 0.000259199 -0.0371024)
(0.000890682 -0.000358136 -0.0527683)
(0.000624347 -0.000313337 -0.0446864)
(-0.000110617 0.000844808 -0.0495332)
(0.0011477 -0.00110929 -0.0520116)
(0.00073736 -0.000799216 -0.0489429)
(0.000447811 -0.000538873 -0.0484891)
(-0.000718407 -0.000501646 -0.0492164)
(0.00108238 -0.00044631 -0.053013)
(0.00102614 0.000915983 -0.05094)
(0.000640029 -0.000297952 -0.0440457)
(0.000785431 -0.000908163 -0.0491612)
(0.000897599 -0.000397469 -0.0513612)
(-7.88659e-06 0.000297321 -0.0407604)
(-0.000625137 -0.000255015 -0.0484631)
(-6.01133e-05 0.00020497 -0.0347289)
(-0.000538476 -0.000289028 -0.0491108)
(0.000621371 -0.000530006 -0.0487436)
(0.000513114 -0.000540729 -0.0442347)
(0.000782902 -0.000371403 -0.0543597)
(0.000292132 0.000523881 -0.0462297)
(0.000163584 0.000528765 -0.0474991)
(0.000395574 -0.000481881 -0.0408931)
(0.000379565 -0.000577633 -0.044128)
(0.000446736 0.000662222 -0.0481578)
(-0.000674782 -0.000528395 -0.0514523)
(-0.000803733 -7.59821e-05 -0.0514867)
(0.000587232 -9.11345e-05 -0.045646)
(9.94512e-05 0.000528045 -0.0452446)
(0.000889904 0.000861236 -0.0532835)
(-2.60744e-06 0.000409081 -0.0451148)
(0.000829299 -0.00039288 -0.054012)
(-0.0005978 7.83717e-05 -0.0492615)
(0.00110584 -0.000372086 -0.0522948)
(0.000510679 0.000157054 -0.0464579)
(0.000712802 0.000899178 -0.0497884)
(0.000969193 -0.00122037 -0.0518748)
(0.000402462 0.000214532 -0.0413952)
(-6.24739e-06 0.00040733 -0.0424759)
(0.000965346 -0.00109047 -0.0522475)
(8.20082e-05 0.000417439 -0.0443733)
(6.83204e-05 0.000440445 -0.0442144)
(1.84591e-05 0.0003734 -0.0440252)
(0.00113949 -0.000313507 -0.0545405)
(0.00117476 -0.000490713 -0.0518686)
(0.000385076 -0.000686984 -0.0453152)
(-2.88043e-05 0.000203916 -0.0375212)
(0.000507051 -0.000516398 -0.0462693)
(-4.25419e-05 0.000321061 -0.0424226)
(0.000467205 8.40978e-05 -0.0440247)
(0.000130153 0.000278889 -0.040523)
(-4.42435e-05 0.000334928 -0.0428696)
(0.000126396 0.00026538 -0.0388001)
(-1.40275e-06 0.000420158 -0.041689)
(0.000574646 0.000975228 -0.0507037)
(5.58238e-05 0.000412571 -0.0437605)
(0.000731562 0.000827094 -0.0524565)
(0.000259449 0.000307966 -0.0437012)
(0.000193865 0.000206708 -0.0386596)
(-4.68523e-06 0.000348298 -0.0424494)
(4.09319e-05 0.000496914 -0.043571)
(0.000192301 0.000201175 -0.0388173)
(0.000341664 0.000188232 -0.0409905)
(-0.000613976 -0.00063501 -0.0497726)
(0.000457839 -0.000517902 -0.0443663)
(-0.000626252 -0.000495276 -0.0526303)
(0.000197909 0.000204071 -0.0394441)
(0.000179897 0.000943269 -0.0478493)
(-0.000564168 -0.000670945 -0.0517788)
(0.00033162 0.000957143 -0.0503909)
(-2.17317e-05 0.000419277 -0.0417306)
(0.000484374 -0.0011452 -0.0492046)
(0.000339317 0.000190749 -0.0418027)
(0.000471713 -0.00113865 -0.0494608)
(0.000475071 -0.000955944 -0.0495309)
(-9.45542e-05 0.00030407 -0.0409593)
(0.000106479 0.000271904 -0.0423578)
(-0.000114728 0.000259217 -0.0371468)
(0.00115334 -0.000328845 -0.0510171)
(-2.05662e-07 1.47501e-07 -0.0232447)
(-0.000344526 0.000427277 -0.0473648)
(-0.000106272 0.000255506 -0.0378351)
(0.000305778 -0.00114986 -0.0476053)
(0.000269306 -0.00111293 -0.0476788)
(0.000223479 -0.00110507 -0.0467531)
(0.000346188 -0.00120067 -0.0499361)
(0.000303925 -0.00109634 -0.0495594)
(0.00023276 0.000977037 -0.0493372)
(0.000209175 0.00101439 -0.05126)
(0.000300065 -0.00119917 -0.0501961)
(0.000265013 0.0010029 -0.0510293)
(0.00025999 -0.00119877 -0.0505082)
(-0.000755033 -0.000512791 -0.0511287)
(0.000929891 -0.000682506 -0.0514116)
(0.00022762 -0.00111949 -0.0497715)
(0.000196838 0.00096281 -0.0514707)
(5.90093e-05 0.00096043 -0.0501781)
(-0.000738428 -0.000442373 -0.0507004)
(-0.000752966 -0.000392636 -0.0508344)
(0.000308245 0.000904361 -0.052183)
(-0.000729726 -0.000440334 -0.0511822)
(0.000291254 -0.00111839 -0.0502508)
(-0.000712201 -0.000367388 -0.0482614)
(-4.76007e-08 -8.12156e-09 -0.0215056)
(-0.000741448 -0.000392557 -0.0521282)
(0.000191429 -0.00106054 -0.0502794)
(-0.000694139 -0.000295051 -0.0496668)
(0.00016104 -0.00108491 -0.0520777)
(0.000155933 -0.00109196 -0.0522649)
(-0.000792978 -0.000423166 -0.0534177)
(-0.000792635 -0.000412783 -0.0534537)
(0.000152813 -0.00105363 -0.050121)
(-0.00030727 0.000398296 -0.0445532)
(-0.00066612 -0.00028721 -0.0494827)
(0.000178921 -0.00108704 -0.0520178)
(8.18192e-05 0.000900156 -0.0511735)
(0.000216818 0.000896046 -0.0516822)
(3.04755e-05 0.000764453 -0.0472631)
(5.16527e-05 0.000832838 -0.0496478)
(-0.000764205 -0.000357285 -0.053642)
(-2.24343e-05 0.000791906 -0.0489553)
(0.0001993 -0.000925235 -0.0501329)
(-3.29137e-05 0.000866335 -0.0510271)
(-0.000723299 -0.000328527 -0.0529339)
(0.000128288 -0.00102494 -0.0509569)
(-9.72766e-05 0.000764651 -0.0496364)
(0.000925792 -0.000345353 -0.0525081)
(4.29077e-06 0.000492344 -0.0475499)
(0.000778763 -0.000361144 -0.0497751)
(4.90142e-05 -0.000818949 -0.0507661)
(-0.000138578 0.00068519 -0.0500442)
(0.000133493 -0.00100116 -0.0541267)
(-9.59184e-05 0.000742255 -0.0518362)
(-0.000651323 -0.000347841 -0.0534089)
(-0.000642627 -0.000258657 -0.0522568)
(-0.000605213 -0.000275479 -0.0513132)
(0.000709667 -0.000304351 -0.0508587)
(-7.158e-05 0.000695955 -0.0505579)
(-1.36802e-05 0.000570937 -0.0499938)
(-4.03103e-06 0.000586044 -0.0506883)
(0.000558166 -0.00030023 -0.0503277)
(-0.000181932 0.000516054 -0.0501583)
(0.000464204 -0.00031562 -0.0496859)
(-6.00252e-05 0.000478064 -0.0490086)
(0.000529821 -0.000338791 -0.0523331)
(0.000472513 -0.000299926 -0.0502703)
(0.000525113 -0.00034735 -0.052353)
(0.000511345 -0.000372647 -0.0524683)
(0.000501838 -0.000333702 -0.0522025)
(-8.1101e-05 -0.00049948 -0.0507621)
(0.000500034 -0.000368701 -0.0522458)
(0.000482571 -0.000431724 -0.0528313)
(0.000419288 -0.000310747 -0.05151)
(-7.24313e-05 -0.000569142 -0.0522033)
(-0.000210696 0.000453103 -0.0512568)
(-0.000444763 -0.000212875 -0.0521008)
(0.000356288 -0.000293052 -0.0510268)
(0.000553751 -0.000517505 -0.0524385)
(0.000484183 -0.000299114 -0.0517857)
(-0.00178841 -0.00115419 -0.0516218)
(0.000285912 -0.000254756 -0.0506564)
(0.000534768 0.000548501 -0.0505937)
(0.000519976 -0.00066074 -0.052021)
(0.000281078 -0.000208242 -0.0507607)
(0.000156261 -0.000230455 -0.0509866)
(-0.000183091 -0.000152497 -0.0486276)
(0.000315412 -0.000196374 -0.0504656)
(0.000459274 -0.000345658 -0.0522231)
(0.000552946 0.00057416 -0.0517662)
(0.000553653 0.00057507 -0.0520099)
(0.000544307 -0.00070684 -0.0537242)
(0.000169108 -0.000242511 -0.0522679)
(-0.000137903 -0.000481322 -0.0541125)
(0.000795273 0.00132958 -0.053068)
(0.000689227 0.00115975 -0.052739)
(0.000239496 -0.000236965 -0.0511165)
(0.000117758 -0.000205812 -0.0518556)
(0.000531743 0.00059202 -0.0528406)
(0.000178526 -0.00017867 -0.0515968)
(0.000307839 -0.00027084 -0.0531833)
(0.000661098 0.00107683 -0.0527595)
(8.29675e-05 -0.000156601 -0.0509164)
(0.000285623 -0.000681751 -0.0525247)
(0.000275018 0.000610115 -0.0512184)
(0.000148791 -0.000177078 -0.0516602)
(0.000381217 0.000630369 -0.051691)
(0.000229119 -0.000148804 -0.0514639)
(5.84549e-06 -0.000431495 -0.0531575)
(0.000111449 -0.000169786 -0.050304)
(0.000138916 -0.00018048 -0.0517738)
(0.000406719 0.000671371 -0.0522981)
(-8.6209e-05 0.000322862 -0.0516944)
(0.00187138 -0.000304163 -0.052059)
(-0.000154575 -3.27644e-05 -0.0490566)
(0.000216107 -0.000164632 -0.0519299)
(0.000179468 7.39933e-05 -0.0506659)
(0.000295081 0.00063853 -0.0514789)
(0.000624528 -0.000552667 -0.0517825)
(7.84514e-05 -0.000136013 -0.0512095)
(-0.000125533 -0.000187075 -0.0515019)
(2.41746e-05 -0.00011276 -0.0512042)
(-4.47644e-05 -7.8248e-05 -0.0495702)
(-2.36593e-06 7.15218e-06 -0.0223525)
(0.000128344 -0.000154566 -0.0520774)
(-5.68779e-05 -8.29893e-05 -0.0505659)
(2.38704e-06 -0.000103437 -0.0513948)
(2.49915e-05 -0.000112385 -0.0517793)
(4.39548e-05 -0.000124334 -0.0526177)
(3.83821e-06 -0.000110569 -0.0525265)
(2.88916e-05 -0.00010601 -0.0517186)
(-8.50326e-07 -9.67594e-05 -0.0511899)
(-0.000157793 -1.41893e-05 -0.0507628)
(-3.67008e-05 -7.43567e-05 -0.0528182)
(-0.000188744 -2.15724e-05 -0.0504002)
(-1.2132e-05 -9.08818e-05 -0.0531266)
(-0.000168228 -0.000121623 -0.0543399)
(-0.00014535 8.6979e-06 -0.0530456)
(-0.000151124 6.93417e-05 -0.0515922)
(-0.000164559 -2.12799e-05 -0.0502957)
(-0.000151447 3.37735e-05 -0.0514084)
(-9.26331e-06 -0.000105648 -0.0530318)
(-8.45913e-05 4.93627e-06 -0.0527404)
(-0.000214731 -4.28627e-05 -0.0509977)
(-0.000157906 6.84987e-05 -0.0517134)
(-0.000145847 4.77868e-05 -0.0515663)
(-0.000106599 -7.37266e-05 -0.0516007)
(-0.000113502 -3.70092e-05 -0.0508344)
(-7.74421e-05 -8.48863e-05 -0.0558856)
(-0.00010591 0.000133662 -0.052307)
(-0.000157694 -7.11006e-05 -0.0522891)
(-7.46729e-05 -8.75825e-05 -0.0531942)
(-0.000158607 -2.30466e-05 -0.0519704)
(-0.00013072 -6.77585e-05 -0.0517176)
(-0.000331998 -4.68608e-05 -0.0511664)
(-0.00021445 -4.20877e-05 -0.0547146)
(-0.000117174 -0.000162941 -0.0505756)
(-0.000196939 -7.65056e-05 -0.0530052)
(-0.000239902 -9.0506e-06 -0.0532991)
(-0.000331399 -3.03831e-06 -0.0538754)
(-0.000103622 -0.000154769 -0.0506772)
(-0.000150715 -0.000114037 -0.0541274)
(-0.000416507 1.50959e-05 -0.0532284)
(-0.000235575 -6.56789e-05 -0.0539779)
(-0.000107473 -8.39647e-05 -0.055085)
(-0.000469585 3.17294e-05 -0.0530292)
(-9.79025e-05 -0.000284758 -0.0522041)
(-8.37103e-05 0.000231482 -0.0513285)
(-0.00013073 -0.000188707 -0.0524983)
(-8.93086e-05 -0.000146177 -0.0502586)
(-5.50966e-05 0.000398604 -0.0525793)
(-8.76999e-05 -0.000245974 -0.0504909)
(-0.000117291 -0.000334788 -0.0504802)
(-0.000112762 -0.000161339 -0.0526115)
(-7.155e-05 -0.000401598 -0.0511174)
(-7.38377e-05 -0.000444477 -0.0505392)
(-7.77957e-05 -0.000322561 -0.050888)
(-8.40836e-05 -0.000293314 -0.0511928)
(-6.61253e-05 -0.000413771 -0.0513956)
(4.64528e-05 -9.62877e-05 -0.0549405)
(-0.000117817 -0.000405635 -0.0522469)
(-0.000548461 4.64224e-05 -0.0528517)
(-2.39102e-07 0.000513004 -0.0516747)
(-0.000479486 4.31564e-05 -0.0532673)
(-5.77013e-05 0.000445707 -0.0532075)
(-5.36915e-05 -0.000566762 -0.050867)
(-5.78832e-05 -0.000492919 -0.0509586)
(-4.36257e-06 -0.000624243 -0.0500186)
(-2.0558e-05 -0.000615229 -0.0500846)
(-0.000641379 8.52178e-05 -0.0520022)
(4.04721e-05 -0.000500162 -0.0497433)
(-2.89486e-05 -0.000507657 -0.0499662)
(-3.40943e-05 -0.000375426 -0.0513636)
(3.79532e-05 -0.000607737 -0.0495554)
(7.37807e-05 -0.000570443 -0.0491204)
(0.000181166 -0.000781435 -0.0484163)
(2.43411e-05 -0.000580263 -0.0522093)
(2.58166e-05 -0.000590656 -0.0523322)
(-0.000789303 3.67426e-05 -0.0535277)
(2.31162e-05 -0.00060625 -0.0515792)
(0.000340606 0.00123865 -0.0509797)
(4.53797e-05 -0.00108056 -0.0531669)
(9.13262e-05 -0.00132673 -0.0519399)
(0.00020487 -0.00120745 -0.0501622)
(0.000204911 -0.00124635 -0.0503372)
(6.84387e-05 -0.0013254 -0.0521635)
(8.93528e-05 -0.00098637 -0.0535084)
(0.000246641 -0.00144606 -0.0503298)
(0.000229185 -0.00120904 -0.0514275)
(0.000374467 0.00129869 -0.0537397)
(-0.000991204 5.05658e-05 -0.0554229)
(-0.00135964 4.32501e-05 -0.052922)
(0.000257779 -0.00109801 -0.051424)
(-2.03292e-05 0.00165816 -0.0532728)
(-0.00160528 0.000166623 -0.0534115)
(5.64399e-05 -0.000998364 -0.0525267)
(7.90037e-05 0.00154595 -0.0551523)
(-0.000130638 -0.00153627 -0.0527766)
(0.000844191 0.00130573 -0.0534553)
(0.00109774 0.00198009 -0.0520294)
(-0.00156628 5.39494e-05 -0.0525265)
(0.000277862 0.00208316 -0.0550501)
(-0.00144684 -4.43524e-05 -0.0526079)
(-0.00194401 6.17611e-06 -0.0536005)
(0.000716876 0.00230519 -0.0560991)
(-0.000266805 -0.00364262 -0.0557034)
(0.00172507 0.00207638 -0.0552571)
(-0.0030295 -0.000401158 -0.0566553)
(-0.00307398 -0.000126934 -0.0568454)
(0.00417991 0.00354165 0.366768)
(0.00429496 0.00314943 0.369246)
(0.00450361 0.00304681 0.363103)
(0.000668721 -0.00255551 -0.0538844)
(0.00153597 0.00771925 0.389126)
(0.00276453 0.00753914 0.376773)
(-0.00193557 -0.00031047 -0.0587619)
(0.00147721 0.00717455 0.397786)
(0.00228779 0.00690519 0.3947)
(-0.000924961 0.00585941 0.401419)
(0.00224886 0.00627352 0.389743)
(-0.00123137 -5.48817e-05 -0.0591898)
(-0.00398892 -0.00118376 -0.061839)
(-0.00205502 -0.000434215 -0.0574124)
(-0.00149718 0.00314163 0.438345)
(-0.00164589 0.00554126 0.402032)
(-0.00187525 0.0036005 0.41809)
(-0.00175713 -0.000733115 -0.0565028)
(-0.00255458 0.0070994 0.422546)
(-0.00407087 -0.00112013 -0.0599291)
(-0.00369662 0.00993818 0.418087)
(-0.0028964 0.0117734 0.411012)
(-0.00340855 0.014478 0.410426)
(0.00385386 -0.000498322 -0.0626595)
(-0.00362109 0.00957501 0.407063)
(-0.00372939 0.00440963 0.412896)
(-0.00477509 0.00134907 0.352654)
(-0.0046365 -0.00500632 0.42761)
(-0.00621317 0.00681078 0.362769)
(-0.00672692 0.00553251 0.36751)
(-0.00626895 0.00211076 0.448204)
(-0.00664842 0.00788942 0.456654)
(-0.0026977 -0.00126723 -0.0645861)
)


// ************************************************************************* //
